Fast.Furious.6.2013__#01-38-33_01-39-20_label_B1-0-0.mp4|0.98244816|(1,1129,0.98244816)
Bullet.in.the.Head.1990__#00-41-30_00-44-16_label_B4-G-0.mp4|0.47688276|(1,3986,0.47688276)
Young.And.Dangerous.I.1996__#0-46-25_0-46-55_label_B6-0-0.mp4|0.99997604|(1,722,0.99997604)
Lord.of.War__#00-50-10_00-50-50_label_G-0-0.mp4|0.888158|(1,961,0.888158)
Ip.Man.3.2015__#00-44-45_00-45-08_label_B1-0-0.mp4|0.9940849|(1,552,0.9940849)
v=RarYGpz-blM__#1_label_A.mp4|0.012943286|(1,3384,0.012943286)
v=HTEyaXBPf9U__#1_label_A.mp4|0.017783837|(2,4001,0.017783837,1120,5120,0.0040728236)
Flipped.2010__#00-08-55_00-10-50_label_A.mp4|0.0013126914|(1,2762,0.0013126914)
The.Bourne.Identity.2002__#0-29-16_0-32-00_label_A.mp4|1.1802977e-05|(1,3937,1.1802977e-05)
Ip.Man.2008__#01-04-27_01-06-22_label_A.mp4|0.00049991853|(1,2761,0.00049991853)
