Fast.Furious.6.2013__#01-38-33_01-39-20_label_B1-0-0.mp4|0.9938399|(1,1129,0.9938399)
Bullet.in.the.Head.1990__#00-41-30_00-44-16_label_B4-G-0.mp4|0.68089205|(1,3986,0.68089205)
Young.And.Dangerous.I.1996__#0-46-25_0-46-55_label_B6-0-0.mp4|0.9999896|(1,722,0.9999896)
Lord.of.War__#00-50-10_00-50-50_label_G-0-0.mp4|0.8089592|(1,961,0.8089592)
Ip.Man.3.2015__#00-44-45_00-45-08_label_B1-0-0.mp4|0.99553865|(1,552,0.99553865)
v=RarYGpz-blM__#1_label_A.mp4|0.0067036664|(1,3384,0.0067036664)
v=HTEyaXBPf9U__#1_label_A.mp4|0.0155806355|(2,4001,0.0155806355,1120,5120,0.005227723)
Flipped.2010__#00-08-55_00-10-50_label_A.mp4|0.00025620888|(1,2762,0.00025620888)
The.Bourne.Identity.2002__#0-29-16_0-32-00_label_A.mp4|1.8458322e-06|(1,3937,1.8458322e-06)
Ip.Man.2008__#01-04-27_01-06-22_label_A.mp4|0.00035049874|(1,2761,0.00035049874)
