Fast.Furious.6.2013__#01-38-33_01-39-20_label_B1-0-0.mp4|0.99453825|(1,1129,0.99453825)
Bullet.in.the.Head.1990__#00-41-30_00-44-16_label_B4-G-0.mp4|0.66674745|(1,3986,0.66674745)
Young.And.Dangerous.I.1996__#0-46-25_0-46-55_label_B6-0-0.mp4|0.9999914|(1,722,0.9999914)
Lord.of.War__#00-50-10_00-50-50_label_G-0-0.mp4|0.7496842|(1,961,0.7496842)
Ip.Man.3.2015__#00-44-45_00-45-08_label_B1-0-0.mp4|0.9959208|(1,552,0.9959208)
v=RarYGpz-blM__#1_label_A.mp4|0.004397375|(1,3384,0.004397375)
v=HTEyaXBPf9U__#1_label_A.mp4|0.014526163|(2,4001,0.014526163,1120,5120,0.0047008214)
Flipped.2010__#00-08-55_00-10-50_label_A.mp4|0.0001469882|(1,2762,0.0001469882)
The.Bourne.Identity.2002__#0-29-16_0-32-00_label_A.mp4|1.2497121e-06|(1,3937,1.2497121e-06)
Ip.Man.2008__#01-04-27_01-06-22_label_A.mp4|0.00026800076|(1,2761,0.00026800076)
