The.Bourne.Ultimatum.2007__#01-44-02_01-44-11_label_B2-0-0.mp4|0.963296|(1, 217, 0.963296)
v=jYENhkzdpO8__#00-00-00_00-01-31_label_B6-0-0.mp4|0.963305|(1, 2186, 0.963305)
v=YdrISbwy_zI__#1_label_G-0-0.mp4|0.9999962|(1, 1723, 0.9999962)
v=gENp4SyNxkI__#1_label_B1-0-0.mp4|0.98813176|(1, 1275, 0.98813176)
Bullet.in.the.Head.1990__#01-26-30_01-27-34_label_B2-0-0.mp4|0.05600385|(1, 1537, 0.05600385)
Be.with.You.2018__#01-14-30_01-16-59_label_A.mp4|0.0007910682|(1, 3577, 0.0007910682)
Mission.Impossible.Ghost.Protocol.2011__#01-24-59_01-28-30_label_A.mp4|7.071543e-05|(2, 4001, 7.071543e-05, 1064, 5064, 3.4855093e-05)
v=3lSHv_DUbJs__#1_label_A.mp4|0.008191582|(1, 3566, 0.008191582)
v=5NZxPmTpV6Y__#1_label_A.mp4|0.7908965|(1, 2807, 0.7908965)
v=eAgqJnO3kr8__#00-42-00_00-48-00_label_A.mp4|0.0008566211|(3, 4001, 0.0008566211, 4000, 8001, 0.00017043408, 4642, 8642, 3.8727376e-05)
