Fast.Furious.6.2013__#01-38-33_01-39-20_label_B1-0-0.mp4|0.9587009|(1,1129,0.9587009)
Bullet.in.the.Head.1990__#00-41-30_00-44-16_label_B4-G-0.mp4|0.7898701|(1,3986,0.7898701)
Young.And.Dangerous.I.1996__#0-46-25_0-46-55_label_B6-0-0.mp4|0.9997712|(1,722,0.9997712)
Lord.of.War__#00-50-10_00-50-50_label_G-0-0.mp4|0.49147943|(1,961,0.49147943)
Ip.Man.3.2015__#00-44-45_00-45-08_label_B1-0-0.mp4|0.99912447|(1,552,0.99912447)
v=RarYGpz-blM__#1_label_A.mp4|0.09474802|(1,3384,0.09474802)
v=HTEyaXBPf9U__#1_label_A.mp4|0.0029565361|(2,4001,0.0029565361,1120,5120,0.0012007218)
Flipped.2010__#00-08-55_00-10-50_label_A.mp4|0.009035697|(1,2762,0.009035697)
The.Bourne.Identity.2002__#0-29-16_0-32-00_label_A.mp4|0.00013169706|(1,3937,0.00013169706)
Ip.Man.2008__#01-04-27_01-06-22_label_A.mp4|0.028249862|(1,2761,0.028249862)
