Fast.Furious.6.2013__#01-38-33_01-39-20_label_B1-0-0.mp4|0.99332386|(1,1129,0.99332386)
Bullet.in.the.Head.1990__#00-41-30_00-44-16_label_B4-G-0.mp4|0.64089644|(1,3986,0.64089644)
Young.And.Dangerous.I.1996__#0-46-25_0-46-55_label_B6-0-0.mp4|0.99999404|(1,722,0.99999404)
Lord.of.War__#00-50-10_00-50-50_label_G-0-0.mp4|0.6804774|(1,961,0.6804774)
Ip.Man.3.2015__#00-44-45_00-45-08_label_B1-0-0.mp4|0.99558616|(1,552,0.99558616)
v=RarYGpz-blM__#1_label_A.mp4|0.0039225835|(1,3384,0.0039225835)
v=HTEyaXBPf9U__#1_label_A.mp4|0.016692106|(2,4001,0.016692106,1120,5120,0.004408349)
Flipped.2010__#00-08-55_00-10-50_label_A.mp4|5.6307308e-05|(1,2762,5.6307308e-05)
The.Bourne.Identity.2002__#0-29-16_0-32-00_label_A.mp4|1.020876e-06|(1,3937,1.020876e-06)
Ip.Man.2008__#01-04-27_01-06-22_label_A.mp4|0.0001255878|(1,2761,0.0001255878)
