A.Beautiful.Mind.2001__#00-25-20_00-29-20_label_A.mp4|0.008817128|(2,4001,0.008817128,1761,5761,5.80375e-05)
A.Beautiful.Mind.2001__#00-40-52_00-42-01_label_A.mp4|0.72577715|(1,1657,0.72577715)
A.Beautiful.Mind.2001__#00-50-26_00-55-16_label_A.mp4|0.000764473|(2,4001,2.613962e-06,2962,6962,0.000764473)
A.Beautiful.Mind.2001__#01-14-30_01-16-59_label_A.mp4|3.0533272e-07|(1,3577,3.0533272e-07)
About.Time.2013__#00-23-50_00-24-31_label_A.mp4|0.14415379|(1,985,0.14415379)
About.Time.2013__#00-30-50_00-32-31_label_A.mp4|0.15857933|(1,2425,0.15857933)
About.Time.2013__#00-40-52_00-42-31_label_A.mp4|0.0018670433|(1,2377,0.0018670433)
Bad.Boys.1995__#00-10-00_00-11-52_label_A.mp4|0.33341935|(1,2689,0.33341935)
Bad.Boys.1995__#01-11-55_01-12-40_label_G-B2-B6.mp4|0.9999591|(1,1081,0.9999591)
Bad.Boys.1995__#01-33-51_01-34-37_label_B2-0-0.mp4|0.99999356|(1,1104,0.99999356)
Bad.Boys.II.2003__#00-06-42_00-10-00_label_B2-G-0.mp4|0.9946936|(2,4001,0.982865,753,4753,0.9946936)
Bad.Boys.II.2003__#01-11-16_01-14-00_label_A.mp4|0.0014498712|(1,3937,0.0014498712)
Before.Sunrise.1995__#00-03-00_00-04-05_label_A.mp4|0.048406396|(1,1561,0.048406396)
Before.Sunrise.1995__#00-04-20_00-05-35_label_A.mp4|0.011244826|(1,1801,0.011244826)
Before.Sunrise.1995__#00-23-50_00-24-31_label_A.mp4|0.64836013|(1,985,0.64836013)
Before.Sunrise.1995__#00-40-52_00-42-01_label_A.mp4|0.00067781826|(1,1657,0.00067781826)
Before.Sunrise.1995__#00-42-52_00-45-31_label_A.mp4|1.50655105e-05|(1,3817,1.50655105e-05)
Before.Sunrise.1995__#01-36-45_01-38-10_label_A.mp4|0.5499342|(1,2040,0.5499342)
Before.Sunset.2004__#00-23-50_00-24-31_label_A.mp4|0.019636642|(1,985,0.019636642)
Before.Sunset.2004__#01-14-30_01-16-51_label_A.mp4|0.00067291147|(1,3385,0.00067291147)
Be.with.You.2018__#00-04-20_00-05-35_label_A.mp4|0.020897608|(1,1801,0.020897608)
Be.with.You.2018__#00-16-18_00-18-09_label_A.mp4|0.06734748|(1,2665,0.06734748)
Be.with.You.2018__#00-23-50_00-24-31_label_A.mp4|0.012716517|(1,985,0.012716517)
Be.with.You.2018__#01-14-30_01-16-59_label_A.mp4|0.004284734|(1,3577,0.004284734)
Be.with.You.2018__#01-42-06_01-45-53_label_A.mp4|0.81164944|(2,4001,0.3470716,1449,5449,0.81164944)
Black.Hawk.Down.2001__#00-06-44_00-07-39_label_A.mp4|0.0042095874|(1,1321,0.0042095874)
Black.Hawk.Down.2001__#01-13-59_01-14-49_label_B2-0-0.mp4|0.48969126|(1,1201,0.48969126)
Black.Hawk.Down.2001__#01-32-40_01-34-00_label_B4-0-0.mp4|0.9937033|(1,1921,0.9937033)
Black.Hawk.Down.2001__#01-36-44_01-37-33_label_A.mp4|0.054649055|(1,1176,0.054649055)
Black.Hawk.Down.2001__#01-42-58_01-43-58_label_G-0-0.mp4|0.7239809|(1,1441,0.7239809)
Black.Hawk.Down.2001__#02-00-12_02-01-29_label_B2-0-0.mp4|0.9966844|(1,1850,0.9966844)
Braveheart.1995__#00-56-30_00-57-20_label_B1-0-0.mp4|0.8240973|(1,1200,0.8240973)
Braveheart.1995__#01-26-50_01-32-30_label_B1-0-0.mp4|0.99974066|(3,4001,0.99974066,4000,8001,0.9974111,4161,8161,0.9976209)
Braveheart.1995__#02-05-34_02-06-40_label_B1-0-0.mp4|0.9998067|(1,1585,0.9998067)
Braveheart.1995__#02-07-00_02-08-15_label_B1-0-0.mp4|0.98518133|(1,1802,0.98518133)
Brick.Mansions.2014__#00-08-37_00-10-04_label_A.mp4|0.6370432|(1,2088,0.6370432)
Brick.Mansions.2014__#00-11-57_00-12-12_label_B2-0-0.mp4|0.9877779|(1,360,0.9877779)
Brick.Mansions.2014__#00-16-26_00-17-12_label_B1-0-0.mp4|0.99999976|(1,1104,0.99999976)
Brick.Mansions.2014__#00-41-25_00-42-36_label_B1-0-0.mp4|0.99625766|(1,1704,0.99625766)
Brick.Mansions.2014__#01-02-00_01-02-43_label_B2-0-0.mp4|0.9990447|(1,1032,0.9990447)
Bullet.in.the.Head.1990__#00-03-59_00-04-40_label_A.mp4|0.87692624|(1,985,0.87692624)
Bullet.in.the.Head.1990__#00-17-20_00-18-55_label_B1-0-0.mp4|0.8466899|(1,2281,0.8466899)
Bullet.in.the.Head.1990__#00-23-31_00-24-40_label_G-0-0.mp4|0.8383612|(1,1657,0.8383612)
Bullet.in.the.Head.1990__#00-25-11_00-26-15_label_A.mp4|0.24334672|(1,1537,0.24334672)
Bullet.in.the.Head.1990__#00-41-30_00-44-16_label_B4-G-0.mp4|0.8295799|(1,3986,0.8295799)
Bullet.in.the.Head.1990__#00-51-46_00-52-50_label_A.mp4|0.0017806133|(1,1537,0.0017806133)
Bullet.in.the.Head.1990__#01-26-30_01-27-34_label_B2-0-0.mp4|0.02274725|(1,1537,0.02274725)
Bullet.in.the.Head.1990__#01-45-21_01-46-20_label_B2-0-0.mp4|0.99197257|(1,1417,0.99197257)
Bullet.in.the.Head.1990__#01-58-25_01-59-30_label_A.mp4|0.0024341722|(1,1561,0.0024341722)
Bullet.in.the.Head.1990__#02-02-00_02-05-22_label_B2-B6-G.mp4|0.99900216|(2,4001,0.99829227,849,4849,0.99900216)
Casino.Royale.2006__#00-18-30_00-19-20_label_G-B2-0.mp4|0.9823695|(1,1201,0.9823695)
Casino.Royale.2006__#00-28-10_00-30-10_label_A.mp4|0.0985655|(1,2881,0.0985655)
Casino.Royale.2006__#00-50-05_00-51-16_label_B1-B2-B6.mp4|0.99916685|(1,1705,0.99916685)
Casino.Royale.2006__#00-51-16_00-52-41_label_B1-B6-0.mp4|0.9900601|(1,2041,0.9900601)
Casino.Royale.2006__#01-17-29_01-17-46_label_B1-0-0.mp4|0.997914|(1,409,0.997914)
Casino.Royale.2006__#01-46-40_01-47-14_label_B6-0-0.mp4|0.99982196|(1,817,0.99982196)
City.of.God.2002__#00-33-10_00-34-50_label_A.mp4|0.36562884|(1,2401,0.36562884)
City.of.God.2002__#00-37-20_00-38-02_label_B5-0-0.mp4|0.024739774|(1,1009,0.024739774)
City.of.God.2002__#00-40-16_00-41-30_label_B2-0-0.mp4|0.5958609|(1,1778,0.5958609)
City.of.God.2002__#01-24-10_01-25-10_label_B2-0-0.mp4|0.9999912|(1,1441,0.9999912)
City.of.God.2002__#01-52-20_01-54-32_label_B2-0-0.mp4|0.99310607|(1,3169,0.99310607)
City.Of.Men.2007__#00-51-50_00-53-31_label_B2-0-0.mp4|0.9898644|(1,2425,0.9898644)
City.Of.Men.2007__#00-57-37_00-58-27_label_B2-0-0.mp4|0.66344947|(1,1200,0.66344947)
City.Of.Men.2007__#01-17-27_01-17-59_label_B2-0-0.mp4|0.99815696|(1,769,0.99815696)
City.Of.Men.2007__#01-35-30_01-36-00_label_B2-0-0.mp4|0.97053885|(1,721,0.97053885)
City.Of.Men.2007__#01-36-01_01-37-31_label_A.mp4|0.18082474|(1,2161,0.18082474)
Crank.Dircut.2006__#0-27-42_0-29-01_label_B1-0-0.mp4|0.99691415|(1,1898,0.99691415)
Deadpool.2016__#0-18-35_0-18-55_label_A.mp4|0.80390424|(1,481,0.80390424)
Deadpool.2016__#0-18-58_0-19-20_label_B1-0-0.mp4|0.9999604|(1,529,0.9999604)
Deadpool.2.2018__#0-02-35_0-03-12_label_A.mp4|0.49435318|(1,890,0.49435318)
Deadpool.2.2018__#0-04-46_0-05-01_label_B2-0-0.mp4|0.9006142|(1,361,0.9006142)
Deadpool.2.2018__#01-03-09_01-03-54_label_B4-0-0.mp4|0.48809844|(1,1081,0.48809844)
Deadpool.2.2018__#0-50-30_0-51-20_label_B1-0-0.mp4|0.8661708|(1,1201,0.8661708)
Death.Proof.2007__#00-02-04_00-05-00_label_A.mp4|0.03066844|(2,4001,0.03066844,225,4225,0.0119153205)
Death.Proof.2007__#00-45-05_00-47-36_label_B5-0-0.mp4|0.23587474|(1,3625,0.23587474)
Death.Proof.2007__#01-40-41_01-42-17_label_B5-B6-0.mp4|0.8278399|(1,2305,0.8278399)
Desperado.1995__#00-16-48_00-18-52_label_B1-0-0.mp4|0.9592825|(1,2977,0.9592825)
Desperado.1995__#00-19-00_00-20-31_label_A.mp4|0.0053514247|(1,2185,0.0053514247)
Desperado.1995__#00-38-36_00-39-21_label_B1-B2-0.mp4|0.99900144|(1,1081,0.99900144)
Desperado.1995__#01-14-11_01-17-28_label_B2-G-0.mp4|0.9992767|(2,4001,0.9956642,729,4729,0.9992767)
Desperado.1995__#01-22-10_01-23-17_label_A.mp4|0.0011470956|(1,1609,0.0011470956)
Election.2005__#00-03-35_00-05-05_label_A.mp4|0.50408953|(1,2160,0.50408953)
Election.2005__#00-47-57_00-50-54_label_B5-0-0.mp4|0.21146265|(2,4001,0.21146265,248,4248,0.19626488)
Fast.Five.2011__#00-01-41_00-01-57_label_B6-0-0.mp4|0.99993813|(1,385,0.99993813)
Fast.Five.2011__#00-32-05_00-32-24_label_B1-B2-0.mp4|0.99996734|(1,457,0.99996734)
Fast.Five.2011__#00-32-56_00-33-26_label_B2-0-0.mp4|0.9885183|(1,721,0.9885183)
Fast.Five.2011__#01-29-27_01-32-05_label_B1-0-0.mp4|0.9984124|(1,3793,0.9984124)
Fast.Five.2011__#01-59-16_02-01-12_label_A.mp4|0.60313773|(1,2785,0.60313773)
Fast.Furious.2009__#00-21-06_00-21-57_label_B6-B2-0.mp4|0.06356531|(1,1225,0.06356531)
Fast.Furious.2009__#00-25-59_00-26-25_label_B1-0-0.mp4|0.9982734|(1,625,0.9982734)
Fast.Furious.2009__#00-42-10_00-42-41_label_B6-0-0.mp4|0.9999999|(1,745,0.9999999)
Fast.Furious.2009__#01-08-33_01-10-18_label_A.mp4|0.003971036|(1,2521,0.003971036)
Fast.Furious.2009__#01-18-00_01-19-00_label_B2-B6-0.mp4|0.99644756|(1,1441,0.99644756)
Fast.Furious.2009__#01-29-10_01-29-55_label_B2-0-0.mp4|0.9999622|(1,1080,0.9999622)
Fast.Furious.6.2013__#00-45-40_00-47-13_label_B2-0-0.mp4|0.99961543|(1,2233,0.99961543)
Fast.Furious.6.2013__#01-03-25_01-04-59_label_B1-0-0.mp4|0.7791774|(1,2256,0.7791774)
Fast.Furious.6.2013__#01-37-00_01-38-05_label_A.mp4|0.00026207112|(1,1561,0.00026207112)
Fast.Furious.6.2013__#01-38-33_01-39-20_label_B1-0-0.mp4|0.989618|(1,1129,0.989618)
Flipped.2010__#00-08-55_00-10-50_label_A.mp4|7.1324546e-05|(1,2762,7.1324546e-05)
Flipped.2010__#00-42-52_00-45-31_label_A.mp4|0.00012863861|(1,3817,0.00012863861)
Flipped.2010__#00-45-40_00-47-30_label_A.mp4|0.32600686|(1,2641,0.32600686)
Flipped.2010__#01-07-30_01-09-51_label_A.mp4|0.03952864|(1,3384,0.03952864)
Flipped.2010__#01-10-30_01-13-51_label_A.mp4|0.0019323932|(2,4001,0.0019323932,825,4825,0.0012285912)
From.Dusk.Till.Dawn.1996__#00-31-52_00-34-21_label_A.mp4|0.0269153|(1,3576,0.0269153)
Fury.2014__#00-07-30_00-07-58_label_G-0-0.mp4|0.99895275|(1,673,0.99895275)
Fury.2014__#00-39-36_00-40-44_label_B1-B2-0.mp4|0.678036|(1,1634,0.678036)
Fury.2014__#01-13-32_01-14-43_label_A.mp4|0.008372599|(1,1705,0.008372599)
Gladiator.2000__#01-10-27_01-11-59_label_B1-0-0.mp4|0.97707874|(1,2208,0.97707874)
Gladiator.2000__#02-43-00_02-43-59_label_A.mp4|0.19843633|(1,1417,0.19843633)
God.Bless.America.2011__#00-12-40_00-13-12_label_B2-0-0.mp4|0.97525626|(1,769,0.97525626)
God.Bless.America.2011__#00-38-25_00-39-37_label_B2-B5-0.mp4|0.020203445|(1,1729,0.020203445)
God.Bless.America.2011__#00-51-00_00-52-00_label_A.mp4|0.3059881|(1,1441,0.3059881)
God.Bless.America.2011__#00-58-09_01-04-00_label_A.mp4|0.002362877|(3,4001,0.002362877,4000,8001,0.00049650925,4425,8425,0.0012331782)
God.Bless.America.2011__#01-23-13_01-25-31_label_A.mp4|0.023414029|(1,3313,0.023414029)
God.Bless.America.2011__#01-32-00_01-32-50_label_B2-0-0.mp4|0.85108703|(1,1201,0.85108703)
GoldenEye.1995__#00-10-00_00-10-40_label_G-0-0.mp4|0.99507153|(1,961,0.99507153)
GoldenEye.1995__#00-24-53_00-25-06_label_B1-0-0.mp4|0.99999857|(1,313,0.99999857)
GoldenEye.1995__#00-56-11_00-56-51_label_A.mp4|0.17974839|(1,962,0.17974839)
GoldenEye.1995__#01-02-11_01-03-43_label_A.mp4|1.7388112e-06|(1,2209,1.7388112e-06)
GoldenEye.1995__#01-17-05_01-19-57_label_B2-B1-0.mp4|0.83638984|(2,4001,0.6311366,129,4129,0.83638984)
GoldenEye.1995__#01-33-40_01-34-30_label_A.mp4|0.0062498744|(1,1201,0.0062498744)
GoldenEye.1995__#02-02-15_02-02-47_label_B1-0-0.mp4|0.99999356|(1,770,0.99999356)
GoldenEye.1995__#02-03-40_02-04-13_label_G-0-0.mp4|0.9990916|(1,794,0.9990916)
Good.Will.Hunting.1997__#00-08-55_00-10-50_label_A.mp4|0.0038947987|(1,2762,0.0038947987)
Good.Will.Hunting.1997__#00-58-18_01-02-30_label_A.mp4|0.0076384535|(2,4001,0.00045779874,2049,6049,0.0076384535)
Haywire.2011__#00-02-06_00-03-29_label_A.mp4|0.0016919521|(1,1993,0.0016919521)
Haywire.2011__#00-03-51_00-05-12_label_B1-B2-0.mp4|0.32568005|(1,1945,0.32568005)
Haywire.2011__#00-16-07_00-16-49_label_B1-0-0.mp4|0.03646541|(1,1008,0.03646541)
Haywire.2011__#00-39-07_00-41-48_label_B1-B2-0.mp4|0.029339641|(1,3865,0.029339641)
Haywire.2011__#01-20-20_01-21-57_label_B1-0-0.mp4|0.9980385|(1,2329,0.9980385)
Hear.Me.2009__#00-30-50_00-32-31_label_A.mp4|1.666227e-05|(1,2425,1.666227e-05)
Hear.Me.2009__#00-49-48_00-51-12_label_A.mp4|0.00016039418|(1,2017,0.00016039418)
Hot.Fuzz.2007__#00-19-20_00-22-06_label_A.mp4|5.7645986e-05|(1,3986,5.7645986e-05)
Ip.Man.2008__#00-02-56_00-05-24_label_A.mp4|4.1269977e-05|(1,3553,4.1269977e-05)
Ip.Man.2008__#00-40-25_00-40-45_label_A.mp4|0.4785127|(1,481,0.4785127)
Ip.Man.2008__#00-46-51_00-47-30_label_B1-0-0.mp4|0.9997707|(1,937,0.9997707)
Ip.Man.2008__#00-48-57_00-50-47_label_B1-0-0.mp4|0.8692901|(1,2641,0.8692901)
Ip.Man.2008__#01-04-27_01-06-22_label_A.mp4|0.0037093197|(1,2761,0.0037093197)
Ip.Man.2008__#01-14-31_01-15-24_label_B1-0-0.mp4|0.66633105|(1,1274,0.66633105)
Ip.Man.2008__#01-40-37_01-42-07_label_B4-0-0.mp4|0.008023675|(1,2161,0.008023675)
IP.Man.2.2010__#00-02-50_00-06-45_label_A.mp4|0.0012174405|(2,4001,0.0012174405,1640,5640,0.00072873756)
IP.Man.2.2010__#00-07-14_00-09-13_label_B1-0-0.mp4|0.92491865|(1,2856,0.92491865)
IP.Man.2.2010__#00-54-00_00-57-12_label_A.mp4|0.022150831|(2,4001,0.0005485904,608,4608,0.022150831)
IP.Man.2.2010__#01-35-55_01-39-11_label_B1-0-0.mp4|0.9763876|(2,4001,0.76689214,704,4704,0.9763876)
IP.Man.2.2010__#01-44-00_01-44-42_label_A.mp4|0.0008651508|(1,1008,0.0008651508)
Ip.Man.3.2015__#00-17-51_00-18-51_label_B1-0-0.mp4|0.12890048|(1,1440,0.12890048)
Ip.Man.3.2015__#00-44-45_00-45-08_label_B1-0-0.mp4|0.9973356|(1,552,0.9973356)
Ip.Man.3.2015__#00-46-08_00-54-20_label_B1-0-0.mp4|0.9401771|(3,4001,7.377368e-05,4000,8001,0.7783817,7808,11808,0.9401771)
Jason.Bourne.2016__#0-17-25_0-18-53_label_B4-0-0.mp4|0.99975985|(1,2112,0.99975985)
Jason.Bourne.2016__#0-29-48_0-30-29_label_B4-0-0.mp4|0.99999774|(1,985,0.99999774)
Jason.Bourne.2016__#0-50-20_0-50-30_label_G-0-0.mp4|0.9734254|(1,241,0.9734254)
Jason.Bourne.2016__#0-51-37_0-53-20_label_A.mp4|0.08305465|(1,2473,0.08305465)
Kill.Bill.Vol.1.2003__#00-21-42_00-22-42_label_A.mp4|0.35028487|(1,1441,0.35028487)
Kill.Bill.Vol.1.2003__#01-08-15_01-09-15_label_A.mp4|0.6465105|(1,1441,0.6465105)
Kill.Bill.Vol.1.2003__#01-17-20_01-20-20_label_B1-0-0.mp4|0.020805892|(2,4001,0.020805892,321,4321,0.015995076)
Kill.Bill.Vol.1.2003__#01-21-39_01-26-55_label_B1-0-0.mp4|0.45790964|(2,4001,0.06279288,3585,7585,0.45790964)
Kill.Bill.Vol.1.2003__#01-26-56_01-28-18_label_B1-0-0.mp4|0.108216904|(1,1969,0.108216904)
Kill.Bill.Vol.2.2004__#01-03-13_01-04-13_label_A.mp4|0.043515764|(1,1441,0.043515764)
Kill.Bill.Vol.2.2004__#0-25-20_0-26-20_label_B2-0-0.mp4|0.004774978|(1,1441,0.004774978)
Kingsman.The.Golden.Circle.2017__#00-35-55_00-36-35_label_B1-0-0.mp4|0.9263301|(1,962,0.9263301)
Kingsman.The.Golden.Circle.2017__#00-41-22_00-41-32_label_B2-0-0.mp4|0.6729973|(1,241,0.6729973)
Kingsman.The.Golden.Circle.2017__#00-44-52_00-46-20_label_A.mp4|0.13591911|(1,2113,0.13591911)
Kingsman.The.Golden.Circle.2017__#02-09-30_02-10-45_label_A.mp4|0.2318122|(1,1801,0.2318122)
Kingsman.The.Secret.Service.2014__#00-22-10_00-23-10_label_B2-0-0.mp4|0.17653416|(1,1441,0.17653416)
Kingsman.The.Secret.Service.2014__#00-25-29_00-26-24_label_A.mp4|0.0067060674|(1,1321,0.0067060674)
Kingsman.The.Secret.Service.2014__#01-43-40_01-44-50_label_B2-G-0.mp4|0.6904217|(1,1681,0.6904217)
Law.Abiding.Citizen.2009__#00-00-35_00-01-31_label_A.mp4|0.00079324865|(1,1345,0.00079324865)
Law.Abiding.Citizen.2009__#01-26-34_01-27-25_label_B2-0-0.mp4|0.963652|(1,1225,0.963652)
Lord.of.War__#00-50-10_00-50-50_label_G-0-0.mp4|0.83342767|(1,961,0.83342767)
Lord.of.War__#00-59-20_01-00-35_label_A.mp4|0.14549594|(1,1801,0.14549594)
Lord.of.War__#01-41-04_01-41-53_label_B1-0-0.mp4|0.2790608|(1,1177,0.2790608)
Love.Actually.2003__#00-51-55_00-55-16_label_A.mp4|0.0027203357|(2,4001,0.0027203357,826,4826,0.0009167153)
Love.Actually.2003__#01-04-40_01-06-59_label_A.mp4|0.0012571238|(1,3336,0.0012571238)
Love.Actually.2003__#01-17-00_01-19-40_label_A.mp4|0.011960315|(1,3842,0.011960315)
Love.Actually.2003__#01-34-18_01-38-11_label_A.mp4|0.00027542378|(2,4001,0.00027542378,1593,5593,9.692925e-05)
Love.Actually.2003__#01-39-05_01-46-40_label_A.mp4|0.0011989098|(3,4001,1.2442393e-06,4000,8001,0.0011989098,6921,10921,0.00013352578)
Love.Death.and.Robots.S01E02__#00-03-15_00-04-20_label_A.mp4|0.029388618|(1,1560,0.029388618)
Love.Death.and.Robots.S01E04__#00-14-28_00-15-27_label_A.mp4|0.232093|(1,1416,0.232093)
Love.Death.and.Robots.S01E10__#0-01-00_0-02-13_label_B2-G-0.mp4|0.99986625|(1,1752,0.99986625)
Love.Death.and.Robots.S01E13__#0-11-48_0-12-07_label_G-0-0.mp4|0.99997795|(1,456,0.99997795)
Love.Death.and.Robots.S01E15__#0-05-38_0-06-18_label_G-0-0.mp4|0.99650085|(1,960,0.99650085)
Love.Me.If.You.Dare.2003__#00-11-20_00-15-08_label_A.mp4|0.33054855|(2,4001,0.1949631,1474,5474,0.33054855)
Love.Me.If.You.Dare.2003__#00-33-52_00-39-00_label_A.mp4|0.01012339|(2,4001,0.01012339,3394,7394,0.00051755307)
Love.Me.If.You.Dare.2003__#01-04-40_01-06-59_label_A.mp4|0.0037087642|(1,3338,0.0037087642)
Mindhunters.2004__#01-19-00_01-20-05_label_B2-0-0.mp4|0.9999566|(1,1561,0.9999566)
Mission.Impossible.Fallout.2018__#00-31-21_00-32-50_label_B1-0-0.mp4|0.9986039|(1,2136,0.9986039)
Mission.Impossible.Fallout.2018__#00-39-18_00-40-36_label_B1-0-0.mp4|0.9890949|(1,1873,0.9890949)
Mission.Impossible.Fallout.2018__#02-03-50_02-04-35_label_B1-0-0.mp4|0.97514504|(1,1080,0.97514504)
Mission.Impossible.Ghost.Protocol.2011__#00-01-18_00-01-40_label_B2-0-0.mp4|0.9999763|(1,529,0.9999763)
Mission.Impossible.Ghost.Protocol.2011__#00-49-03_00-51-21_label_A.mp4|1.5836944e-05|(1,3313,1.5836944e-05)
Mission.Impossible.Ghost.Protocol.2011__#01-07-24_01-09-09_label_A.mp4|2.8385648e-06|(1,2521,2.8385648e-06)
Mission.Impossible.Ghost.Protocol.2011__#01-12-38_01-13-43_label_B1-0-0.mp4|0.9975514|(1,1561,0.9975514)
Mission.Impossible.Ghost.Protocol.2011__#01-24-59_01-28-30_label_A.mp4|0.00041247753|(2,4001,0.00022568279,1064,5064,0.00041247753)
Mission.Impossible.Ghost.Protocol.2011__#01-54-24_01-54-50_label_B1-0-0.mp4|0.99988365|(1,625,0.99988365)
Mission.Impossible.Ghost.Protocol.2011__#01-56-52_01-57-03_label_B1-0-0.mp4|0.9945116|(1,264,0.9945116)
Mission.Impossible.II.2000__#00-11-37_00-15-46_label_A.mp4|0.9714678|(1,693,0.9714678)
Mission.Impossible.II.2000__#00-24-30_00-30-10_label_A.mp4|0.13725883|(3,4001,0.004524545,4000,8001,0.08022462,4160,8160,0.13725883)
Mission.Impossible.II.2000__#01-18-55_01-20-53_label_B2-0-0.mp4|0.0005301496|(1,2833,0.0005301496)
Mission.Impossible.II.2000__#01-25-08_01-25-31_label_B2-0-0.mp4|0.99993074|(1,553,0.99993074)
Mission.Impossible.II.2000__#01-29-30_01-29-44_label_B1-0-0.mp4|0.9999205|(1,337,0.9999205)
Mission.Impossible.II.2000__#01-32-56_01-33-25_label_B1-0-0.mp4|0.9999584|(1,697,0.9999584)
Mission.Impossible.II.2000__#01-38-25_01-38-41_label_B2-B5-0.mp4|0.9999976|(1,385,0.9999976)
Mission.Impossible.II.2000__#01-46-20_01-47-11_label_B2-B6-0.mp4|0.99999964|(1,1225,0.99999964)
Mission.Impossible.III.2006__#00-19-56_00-20-26_label_B2-0-0.mp4|0.9999976|(1,721,0.9999976)
Mission.Impossible.III.2006__#00-56-23_00-56-40_label_G-0-0.mp4|0.9999814|(1,409,0.9999814)
Mission.Impossible.III.2006__#01-06-52_01-07-15_label_G-0-0.mp4|0.999998|(1,553,0.999998)
Mission.Impossible.III.2006__#01-54-02_01-54-40_label_B2-0-0.mp4|0.9996859|(1,913,0.9996859)
Mission.Impossible.V.Rogue.Nation.2015__#00-14-40_00-17-12_label_B1-0-0.mp4|0.90851265|(1,3649,0.90851265)
Mission.Impossible.V.Rogue.Nation.2015__#00-17-27_00-17-55_label_B2-0-0.mp4|0.10116771|(1,673,0.10116771)
Mission.Impossible.V.Rogue.Nation.2015__#01-15-52_01-16-48_label_B6-B2-0.mp4|0.9970913|(1,1344,0.9970913)
Mission.Impossible.V.Rogue.Nation.2015__#01-19-48_01-20-20_label_B6-0-0.mp4|0.8596835|(1,770,0.8596835)
Mission.Impossible.V.Rogue.Nation.2015__#01-29-39_01-33-39_label_A.mp4|0.21613234|(2,4001,0.21613234,1762,5762,0.011664994)
Mission.Impossible.V.Rogue.Nation.2015__#01-54-23_01-55-10_label_B2-0-0.mp4|0.5070504|(1,1129,0.5070504)
New.Kids.Turbo.2010__#00-22-35_00-23-14_label_B1-0-0.mp4|0.29270875|(1,936,0.29270875)
New.Kids.Turbo.2010__#00-41-30_00-42-05_label_A.mp4|0.0062023737|(1,840,0.0062023737)
New.Kids.Turbo.2010__#00-50-13_00-50-34_label_B1-0-0.mp4|0.9398395|(1,504,0.9398395)
One.Day.2011__#01-02-50_01-07-05_label_A.mp4|0.00021041709|(2,4001,0.00021041709,2121,6121,0.000114855684)
Operation.Red.Sea.2018__#0-02-17_0-02-37_label_B2-0-0.mp4|0.99938405|(1,480,0.99938405)
Operation.Red.Sea.2018__#01-20-58_01-22-00_label_B5-0-0.mp4|0.018437538|(1,1488,0.018437538)
Operation.Red.Sea.2018__#0-12-26_0-13-36_label_A.mp4|0.00013537098|(1,1680,0.00013537098)
Operation.Red.Sea.2018__#01-37-22_01-37-36_label_G-B2-0.mp4|0.9999435|(1,336,0.9999435)
Operation.Red.Sea.2018__#0-16-06_0-16-46_label_G-0-0.mp4|0.9251456|(1,960,0.9251456)
Operation.Red.Sea.2018__#0-25-36_0-26-03_label_G-0-0.mp4|0.95661014|(1,648,0.95661014)
Operation.Red.Sea.2018__#0-29-36_0-30-20_label_B2-G-0.mp4|0.99979895|(1,1056,0.99979895)
Operation.Red.Sea.2018__#0-45-54_0-46-33_label_A.mp4|0.05449109|(1,936,0.05449109)
Operation.Red.Sea.2018__#0-56-26_0-57-10_label_G-0-0.mp4|0.9999223|(1,1056,0.9999223)
Quantum.Of.Solace.2008__#00-47-29_00-50-52_label_A.mp4|0.0106246155|(2,4001,0.0106246155,873,4873,0.0031595402)
Quantum.Of.Solace.2008__#01-19-30_01-20-05_label_B1-0-0.mp4|0.9740993|(1,841,0.9740993)
Quantum.Of.Solace.2008__#01-30-26_01-30-42_label_B2-B1-0.mp4|0.99980825|(1,384,0.99980825)
Rush.Hour.1998.BluRay__#00-08-08_00-09-15_label_B2-B6-G.mp4|0.99996746|(1,1609,0.99996746)
Rush.Hour.1998.BluRay__#00-11-05_00-12-10_label_B2-B1-0.mp4|0.9999764|(1,1562,0.9999764)
Rush.Hour.1998.BluRay__#01-20-28_01-21-38_label_B2-0-0.mp4|0.14016697|(1,1682,0.14016697)
Rush.Hour.1998.BluRay__#01-25-21_01-25-46_label_B2-0-0.mp4|0.9610369|(1,602,0.9610369)
Rush.Hour.3.2007.BluRay__#00-04-59_00-05-31_label_B2-0-0.mp4|0.30939052|(1,769,0.30939052)
Rush.Hour.3.2007.BluRay__#00-34-11_00-35-46_label_B1-0-0.mp4|0.9774548|(1,2281,0.9774548)
Rush.Hour.3.2007.BluRay__#00-40-56_00-41-52_label_B2-0-0.mp4|0.9996294|(1,1345,0.9996294)
Rush.Hour.3.2007.BluRay__#01-00-40_01-04-00_label_A.mp4|2.3230794e-05|(2,4001,2.3230794e-05,801,4801,2.286436e-06)
Rush.Hour.3.2007.BluRay__#01-12-16_01-12-36_label_B1-0-0.mp4|0.99990535|(1,481,0.99990535)
Salt.2010__#00-02-10_00-03-57_label_A.mp4|0.3557753|(1,2569,0.3557753)
Salt.2010__#00-13-45_00-16-10_label_A.mp4|9.194453e-06|(1,3481,9.194453e-06)
Salt.2010__#00-17-40_00-18-16_label_B1-0-0.mp4|0.9999516|(1,865,0.9999516)
Salt.2010__#01-06-27_01-07-07_label_G-B2-0.mp4|0.9996691|(1,962,0.9996691)
Salt.2010__#01-12-05_01-12-32_label_B2-G-0.mp4|0.9999956|(1,649,0.9999956)
Salt.2010__#01-16-00_01-16-50_label_A.mp4|0.045430798|(1,1201,0.045430798)
Saving.Private.Ryan.1998__#00-47-50_00-49-35_label_B2-0-0.mp4|0.5225619|(1,2521,0.5225619)
Saving.Private.Ryan.1998__#02-00-56_02-03-06_label_A.mp4|0.01723406|(1,3121,0.01723406)
Saving.Private.Ryan.1998__#02-16-58_02-17-13_label_G-0-0.mp4|0.9992866|(1,361,0.9992866)
Saving.Private.Ryan.1998__#02-20-00_02-20-13_label_G-0-0.mp4|0.99706775|(1,313,0.99706775)
Saving.Private.Ryan.1998__#02-23-00_02-23-28_label_B1-0-0.mp4|0.9999455|(1,673,0.9999455)
Saving.Private.Ryan.1998__#02-23-58_02-24-18_label_G-0-0.mp4|0.9956506|(1,481,0.9956506)
Saving.Private.Ryan.1998__#02-24-18_02-25-42_label_B1-0-0.mp4|0.73408914|(1,2017,0.73408914)
Saving.Private.Ryan.1998__#02-25-42_02-26-03_label_B2-0-0.mp4|0.8750458|(1,505,0.8750458)
Shoot.Em.Up.2007__#00-25-50_00-27-10_label_A.mp4|0.7125442|(1,1921,0.7125442)
Shoot.Em.Up.2007__#00-32-40_00-35-10_label_B2-0-0.mp4|0.9999988|(1,3601,0.9999988)
Shoot.Em.Up.2007__#00-53-25_00-56-47_label_B2-0-0.mp4|0.53424704|(2,4001,0.4136875,850,4850,0.53424704)
Shoot.Em.Up.2007__#00-56-56_00-57-15_label_B2-0-0.mp4|0.99898857|(1,457,0.99898857)
Shoplifters.2018__#00-17-30_00-19-10_label_A.mp4|0.00039971672|(1,2401,0.00039971672)
Sin.City.2005__#0-06-42_0-07-06_label_B1-0-0.mp4|0.71136737|(1,577,0.71136737)
Sin.City.2005__#0-10-40_0-11-40_label_B2-0-0.mp4|0.8653482|(1,1441,0.8653482)
Sin.City.2005__#01-19-08_01-19-23_label_G-0-0.mp4|0.98974437|(1,361,0.98974437)
Sin.City.2005__#01-43-21_01-44-21_label_A.mp4|0.0014110765|(1,1441,0.0014110765)
Sin.City.2005__#01-51-59_01-52-29_label_B2-0-0.mp4|0.91462904|(1,721,0.91462904)
Sin.City.2005__#0-22-04_0-22-18_label_B5-0-0.mp4|0.9828068|(1,337,0.9828068)
Sin.City.2005__#0-29-34_0-29-56_label_B2-0-0.mp4|0.89421016|(1,529,0.89421016)
Sin.City.2005__#0-32-00_0-32-16_label_B2-0-0.mp4|0.8071398|(1,384,0.8071398)
Sin.City.2005__#0-43-45_0-44-01_label_B2-0-0.mp4|0.999813|(1,385,0.999813)
Skyfall.2012__#00-03-22_00-03-40_label_B6-0-0.mp4|0.9999075|(1,433,0.9999075)
Skyfall.2012__#00-06-10_00-06-25_label_B6-0-0.mp4|0.9945904|(1,361,0.9945904)
Skyfall.2012__#01-20-05_01-20-20_label_B1-B2-0.mp4|0.99469405|(1,361,0.99469405)
Skyfall.2012__#01-55-44_01-56-57_label_B2-G-0.mp4|0.99848515|(1,1753,0.99848515)
Skyfall.2012__#01-57-40_01-58-00_label_B2-0-0.mp4|0.99807894|(1,481,0.99807894)
Skyfall.2012__#02-08-44_02-09-17_label_B1-0-0.mp4|0.9999685|(1,793,0.9999685)
Skyfall.2012__#02-14-50_02-16-25_label_A.mp4|0.058734283|(1,2281,0.058734283)
Spectre.2015__#00-16-41_00-18-55_label_A.mp4|8.209809e-06|(1,3216,8.209809e-06)
Spectre.2015__#00-44-05_00-44-40_label_B1-B2-0.mp4|0.9999795|(1,841,0.9999795)
Spectre.2015__#01-08-58_01-09-20_label_B1-B2-0.mp4|0.9136987|(1,529,0.9136987)
Spectre.2015__#01-10-35_01-10-53_label_B2-0-0.mp4|0.9961004|(1,433,0.9961004)
Spectre.2015__#01-17-22_01-18-53_label_A.mp4|0.00046998818|(1,2184,0.00046998818)
Spectre.2015__#01-32-55_01-35-40_label_B1-B2-0.mp4|0.9999969|(1,3962,0.9999969)
Spectre.2015__#02-02-57_02-03-27_label_B1-B2-0.mp4|0.9882636|(1,722,0.9882636)
Spectre.2015__#02-15-30_02-16-05_label_G-0-0.mp4|0.9999938|(1,842,0.9999938)
Still.Walking.2008__#00-16-18_00-17-27_label_A.mp4|0.000739937|(1,1657,0.000739937)
Still.Walking.2008__#00-51-55_00-55-16_label_A.mp4|0.00041745763|(2,4001,0.00041745763,826,4826,0.0001292036)
Still.Walking.2008__#01-02-18_01-03-10_label_A.mp4|0.28756744|(1,1249,0.28756744)
Taken.2.UNRATED.EXTENDED.2012__#00-13-42_00-14-16_label_B5-0-0.mp4|0.999617|(1,818,0.999617)
Taken.2.UNRATED.EXTENDED.2012__#00-17-08_00-17-30_label_A.mp4|0.35660017|(1,529,0.35660017)
Taken.2.UNRATED.EXTENDED.2012__#00-45-50_00-46-20_label_G-0-0.mp4|0.9567909|(1,722,0.9567909)
Taken.2.UNRATED.EXTENDED.2012__#01-00-00_01-00-16_label_B2-0-0.mp4|0.9873438|(1,385,0.9873438)
Taken.2.UNRATED.EXTENDED.2012__#01-06-28_01-06-49_label_B2-0-0.mp4|0.9999995|(1,505,0.9999995)
Taken.2.UNRATED.EXTENDED.2012__#01-18-25_01-18-40_label_B2-0-0.mp4|0.99999964|(1,361,0.99999964)
Taken.2.UNRATED.EXTENDED.2012__#01-18-40_01-19-00_label_B1-0-0.mp4|0.9999981|(1,481,0.9999981)
Taken.3.2014__#00-03-58_00-04-16_label_B2-0-0.mp4|0.99998474|(1,433,0.99998474)
Taken.3.2014__#00-36-03_00-36-48_label_A.mp4|0.8532445|(1,1081,0.8532445)
Taken.3.2014__#01-04-50_01-05-05_label_B1-0-0.mp4|0.96699107|(1,361,0.96699107)
Taken.3.2014__#01-09-26_01-09-54_label_G-0-0.mp4|0.9665316|(1,674,0.9665316)
Taken.3.2014__#01-12-48_01-14-30_label_B2-B1-0.mp4|0.99896336|(1,2449,0.99896336)
Taken.3.2014__#01-19-13_01-19-30_label_B1-0-0.mp4|0.99998784|(1,409,0.99998784)
Taken.3.2014__#01-20-10_01-21-30_label_A.mp4|0.33545706|(1,1921,0.33545706)
Taken.Extended.Cut.2008__#00-33-51_00-34-03_label_B1-0-0.mp4|0.99999034|(1,289,0.99999034)
Taken.Extended.Cut.2008__#00-50-45_00-51-04_label_B2-B6-0.mp4|0.9999999|(1,456,0.9999999)
The.Attorney.2013__#00-47-00_00-49-30_label_A.mp4|0.0002642832|(1,3601,0.0002642832)
The.Bourne.Identity.2002__#01-09-16_01-11-16_label_A.mp4|0.006642544|(1,2882,0.006642544)
The.Bourne.Identity.2002__#01-27-39_01-29-19_label_B2-0-0.mp4|0.99839395|(1,2400,0.99839395)
The.Bourne.Identity.2002__#01-45-00_01-45-46_label_B1-0-0.mp4|0.99936587|(1,1104,0.99936587)
The.Bourne.Identity.2002__#0-19-53_0-21-48_label_B1-0-0.mp4|0.98666567|(1,2761,0.98666567)
The.Bourne.Identity.2002__#0-29-16_0-32-00_label_A.mp4|8.6187916e-05|(1,3937,8.6187916e-05)
The.Bourne.Identity.2002__#0-54-45_0-56-25_label_B6-0-0.mp4|0.9999827|(1,2401,0.9999827)
The.Bourne.Identity.2002__#0-57-11_0-58-45_label_A.mp4|0.0875002|(1,2257,0.0875002)
The.Bourne.Legacy.2012__#0-39-56_0-40-15_label_G-0-0.mp4|0.9993218|(1,457,0.9993218)
The.Bourne.Legacy.2012__#0-59-18_01-01-52_label_B2-B1-0.mp4|0.9944396|(1,3697,0.9944396)
The.Bourne.Supremacy.2004__#01-34-52_01-35-50_label_A.mp4|0.03373352|(1,1393,0.03373352)
The.Bourne.Supremacy.2004__#0-58-18_01-00-58_label_A.mp4|0.26841095|(1,3842,0.26841095)
The.Bourne.Ultimatum.2007__#01-26-27_01-28-03_label_B2-B6-0.mp4|0.9999994|(1,2305,0.9999994)
The.Bourne.Ultimatum.2007__#01-32-57_01-33-53_label_A.mp4|0.0013607648|(1,1345,0.0013607648)
The.Bourne.Ultimatum.2007__#01-44-02_01-44-11_label_B2-0-0.mp4|0.96827424|(1,217,0.96827424)
The.Bourne.Ultimatum.2007__#0-55-55_0-56-10_label_A.mp4|0.99918455|(1,361,0.99918455)
The.Fast.and.the.Furious.2001__#00-26-09_00-26-52_label_A.mp4|0.22001871|(1,1033,0.22001871)
The.Fast.and.the.Furious.2001__#00-29-00_00-29-52_label_B2-G-0.mp4|0.98530143|(1,1249,0.98530143)
The.Fast.and.the.Furious.2001__#00-52-18_00-53-36_label_B1-0-0.mp4|0.48446345|(1,1873,0.48446345)
The.Fast.and.the.Furious.2001__#01-14-04_01-15-20_label_B1-0-0.mp4|0.98545176|(1,1825,0.98545176)
The.Fast.and.the.Furious.2001__#01-24-18_01-25-05_label_B6-0-0.mp4|0.9999838|(1,1128,0.9999838)
The.Fast.and.the.Furious.2001__#01-37-40_01-38-30_label_B6-0-0.mp4|0.99777764|(1,1201,0.99777764)
The.Fast.and.the.Furious.2001__#01-38-50_01-39-59_label_A.mp4|0.083255254|(1,1657,0.083255254)
The.Hurt.Locker.2008__#0-08-45_0-09-57_label_G-0-0.mp4|0.99876934|(1,1729,0.99876934)
The.Hurt.Locker.2008__#01-02-10_01-03-55_label_B2-0-0.mp4|0.9531028|(1,2521,0.9531028)
The.Hurt.Locker.2008__#01-27-42_01-28-09_label_G-0-0.mp4|0.80447954|(1,649,0.80447954)
The.Hurt.Locker.2008__#0-19-22_0-22-32_label_B2-B1-0.mp4|0.9936147|(2,4001,0.9936147,561,4561,0.97766393)
The.Hurt.Locker.2008__#0-29-25_0-30-15_label_A.mp4|0.025022212|(1,1200,0.025022212)
The.Hurt.Locker.2008__#0-45-39_0-47-06_label_A.mp4|0.91064376|(1,2089,0.91064376)
The.Intouchables.2011__#00-04-20_00-05-35_label_A.mp4|0.08444286|(1,1801,0.08444286)
The.Intouchables.2011__#00-51-55_00-55-16_label_A.mp4|0.0018573959|(2,4001,0.0014471571,826,4826,0.0018573959)
The.Intouchables.2011__#00-58-18_01-02-30_label_A.mp4|0.002330137|(2,4001,0.002330137,2049,6049,0.00036926207)
Thelma...Louise.1991__#01-53-54_01-54-50_label_A.mp4|0.44878805|(1,1345,0.44878805)
The.Notebook.2004__#00-08-55_00-10-50_label_A.mp4|0.023144549|(1,2762,0.023144549)
The.Notebook.2004__#00-11-00_00-15-08_label_A.mp4|0.034233376|(2,4001,0.034233376,1954,5954,0.0018624895)
The.Notebook.2004__#00-20-35_00-23-06_label_A.mp4|0.013193642|(1,3625,0.013193642)
The.Notebook.2004__#00-25-20_00-29-20_label_A.mp4|0.0006946854|(2,4001,0.0006946854,1761,5761,0.00010535279)
The.Notebook.2004__#01-30-25_01-33-56_label_A.mp4|0.00017633189|(2,4001,0.00017633189,1065,5065,2.6032372e-05)
The.Notebook.2004__#01-52-20_01-58-00_label_A.mp4|0.006819923|(3,4001,1.5244476e-05,4000,8001,0.006819923,4161,8161,0.004638197)
The.Pursuit.of.Happyness.2006__#00-17-30_00-19-10_label_A.mp4|0.025099399|(1,2401,0.025099399)
The.Pursuit.of.Happyness.2006__#00-30-50_00-32-31_label_A.mp4|0.81596595|(1,2425,0.81596595)
The.Pursuit.of.Happyness.2006__#01-34-18_01-38-11_label_A.mp4|0.10785237|(2,4001,0.043332122,1593,5593,0.10785237)
The.Secret.Life.of.Walter.Mitty.2013__#00-08-55_00-10-50_label_A.mp4|0.0001732472|(1,2762,0.0001732472)
The.Secret.Life.of.Walter.Mitty.2013__#00-36-52_00-41-00_label_A.mp4|0.0009214169|(2,4001,0.00068567717,1953,5953,0.0009214169)
The.Secret.Life.of.Walter.Mitty.2013__#01-01-20_01-04-00_label_A.mp4|0.02110483|(1,3841,0.02110483)
The.Secret.Life.of.Walter.Mitty.2013__#01-23-00_01-29-08_label_A.mp4|0.00055838365|(3,4001,0.00055838365,4000,8001,3.799657e-05,4833,8833,7.728461e-05)
The.World.Is.Not.Enough.1999__#00-07-04_00-07-45_label_G-B2-0.mp4|0.9993668|(1,984,0.9993668)
The.World.Is.Not.Enough.1999__#00-10-22_00-10-40_label_G-0-0.mp4|0.9991749|(1,433,0.9991749)
Tropa.de.Elite.2007__#00-10-30_00-12-08_label_A.mp4|0.013046988|(1,2352,0.013046988)
Tropa.de.Elite.2007__#00-52-33_00-54-35_label_A.mp4|0.8362475|(1,2930,0.8362475)
Tropa.de.Elite.2.2010__#00-05-30_00-06-30_label_A.mp4|0.98284644|(1,1441,0.98284644)
Tropa.de.Elite.2.2010__#00-13-41_00-14-56_label_B4-0-0.mp4|0.8917057|(1,1801,0.8917057)
Tropa.de.Elite.2.2010__#00-42-00_00-43-00_label_B2-0-0.mp4|0.97428685|(1,1441,0.97428685)
Tropa.de.Elite.2.2010__#00-46-11_00-46-50_label_B2-0-0.mp4|0.8529408|(1,937,0.8529408)
Tropa.de.Elite.2.2010__#01-30-51_01-32-30_label_A.mp4|0.048850346|(1,2377,0.048850346)
Tropa.de.Elite.2.2010__#01-33-01_01-33-30_label_B2-0-0.mp4|0.99992025|(1,698,0.99992025)
Tropa.de.Elite.2.2010__#01-33-31_01-34-20_label_A.mp4|0.85831356|(1,1177,0.85831356)
v=0LEefpIPBHA__#1_label_A.mp4|0.9867573|(1,1142,0.9867573)
v=0N0PbzjEg0U__#1_label_B4-0-0.mp4|0.9938793|(1,1518,0.9938793)
v=0qtIjyt-7wg__#00-00-00_00-00-51_label_B6-0-0.mp4|0.9999124|(1,1226,0.9999124)
v=0qtIjyt-7wg__#00-01-00_00-02-45_label_B6-0-0.mp4|0.5694047|(1,2522,0.5694047)
v=0qtIjyt-7wg__#00-04-00_00-05-15_label_B6-0-0.mp4|0.99393386|(1,1802,0.99393386)
v=0vVOXlgHC1U__#00-12-00_00-18-00_label_A.mp4|0.17572469|(3,4001,0.02853779,4000,8001,0.17572469,4642,8642,0.003984754)
v=0vVOXlgHC1U__#00-48-00_00-54-00_label_A.mp4|0.6437017|(3,4001,0.6437017,4000,8001,0.11185257,4642,8642,0.080024034)
v=0W8LohxH9nI__#1_label_B1-0-0.mp4|0.004811899|(1,1413,0.004811899)
v=0yHBkMBE8r4__#1_label_B1-0-0.mp4|0.49736702|(2,4001,0.21439339,1162,5162,0.49736702)
v=1202rYvw7go__#1_label_A.mp4|0.23847632|(1,3951,0.23847632)
v=15wDrZJQpsw__#00-00-00_00-00-51_label_B6-0-0.mp4|0.9996798|(1,1226,0.9996798)
v=15wDrZJQpsw__#00-05-20_00-06-20_label_B6-0-0.mp4|0.99143827|(1,1443,0.99143827)
v=15wDrZJQpsw__#00-09-00_00-10-55_label_B6-0-0.mp4|0.98172355|(1,2762,0.98172355)
v=1djrJ0wxlYo__#1_label_B4-0-0.mp4|0.4181517|(1,1536,0.4181517)
v=1EvRIhdsX1s__#1_label_A.mp4|0.47103968|(1,862,0.47103968)
v=1GFBuaGCeTo__#1_label_G-0-0.mp4|0.9739656|(1,1253,0.9739656)
v=1io9Uh54Vhg__#1_label_B4-0-0.mp4|0.81214356|(1,1980,0.81214356)
v=1q5V6DKH3bw__#1_label_B4-0-0.mp4|0.5234331|(1,3029,0.5234331)
v=251___mEwZA__#1_label_B1-0-0.mp4|0.460033|(2,4001,0.34907025,577,4577,0.460033)
v=2al4t5inObA__#1_label_B4-0-0.mp4|0.6314673|(1,3582,0.6314673)
v=2JJ9d97sd64__#1_label_A.mp4|0.8044694|(1,3140,0.8044694)
v=2jwO15SMyuo__#1_label_B4-0-0.mp4|0.99996674|(1,2376,0.99996674)
v=2Rr21qkZEDQ__#00-03-00_00-04-09_label_B6-0-0.mp4|0.98962516|(1,1658,0.98962516)
v=2Rr21qkZEDQ__#00-14-10_00-16-09_label_B6-0-0.mp4|0.98952764|(1,2858,0.98952764)
v=2WkuPNLfl5s__#1_label_B4-0-0.mp4|0.9999554|(1,1242,0.9999554)
v=35zynOrkvMk__#1_label_G-0-0.mp4|0.9928878|(1,365,0.9928878)
v=38GQ9L2meyE__#1_label_B6-0-0.mp4|0.9267945|(2,4001,0.9154155,650,4650,0.9267945)
v=3e3C-LQWF2s__#1_label_B1-0-0.mp4|0.999813|(2,4001,0.999813,421,4421,0.9995303)
v=3lSHv_DUbJs__#1_label_A.mp4|0.146897|(1,3566,0.146897)
v=3MUqt3OkxIo__#1_label_A.mp4|0.5261413|(1,2500,0.5261413)
v=3WmMhircZOc__#1_label_B4-0-0.mp4|0.69366485|(2,4001,0.69366485,2025,6025,0.43234017)
v=3wxWNAM8Cso__#1_label_G-0-0.mp4|0.94764835|(2,4001,0.20794591,2063,6063,0.94764835)
v=3xkwZk44VQs__#1_label_B4-0-0.mp4|0.9592918|(1,2517,0.9592918)
v=3xWiBCIxjIk__#1_label_B4-0-0.mp4|0.99999714|(1,3748,0.99999714)
v=3y2OOc6WTrg__#1_label_B1-0-0.mp4|0.19322957|(2,4001,0.19322957,352,4352,0.17844978)
v=3zgaqeVSXuI__#1_label_B4-0-0.mp4|0.17100158|(1,1953,0.17100158)
v=3ZVcLOjwOMk__#1_label_A.mp4|0.97851115|(1,1885,0.97851115)
v=4jVgDKbu_TI__#1_label_A.mp4|0.011741912|(5,4001,0.011741912,4000,8001,0.011205386,8000,12001,0.006139454,12000,16001,0.00026695876,14974,18974,0.00035871504)
v=5AlAh8J3WqE__#1_label_A.mp4|0.3588581|(3,4001,0.3588581,4000,8001,0.008563678,6885,10885,0.20286795)
v=5BBoVfKOyeM__#00-08-19_00-10-10_label_B6-0-0.mp4|0.919534|(1,2666,0.919534)
v=5Ftl4nOSytc__#1_label_G-0-0.mp4|0.99999976|(1,2282,0.99999976)
v=_5Kmb4tqMxs__#1_label_B4-0-0.mp4|0.995391|(1,1305,0.995391)
v=5l-nbDl0qvg__#1_label_A.mp4|0.11002425|(4,4001,0.003444012,4000,8001,0.11002425,8000,12001,0.00037351457,9124,13124,0.00034296355)
v=5NZxPmTpV6Y__#1_label_A.mp4|0.45988774|(1,2807,0.45988774)
v=-5RWxUUJ7lQ__#1_label_A.mp4|0.06288866|(5,4001,0.0013949502,4000,8001,0.0026498274,8000,12001,0.0053363037,12000,16001,0.06288866,15123,19123,0.006973866)
v=5Tnl7_8RqlA__#00-11-00_00-12-45_label_B6-0-0.mp4|0.9999989|(1,2522,0.9999989)
v=6cvZOGzfqWU__#1_label_A.mp4|0.70656985|(2,4001,0.15907694,1594,5594,0.70656985)
v=6KQFxxHmVMc__#1_label_B1-0-0.mp4|0.9663892|(1,3654,0.9663892)
v=6nfo9c7a5pE__#1_label_B1-0-0.mp4|0.15063237|(1,1235,0.15063237)
v=6TR2rcgHm4g__#1_label_B4-0-0.mp4|0.9542773|(1,1621,0.9542773)
v=73uRcX0Dvfc__#00-00-00_00-01-51_label_B6-G-0.mp4|0.92732674|(1,2666,0.92732674)
v=78u9uBJBqIw__#1_label_B4-B5-0.mp4|0.0007263189|(1,3486,0.0007263189)
v=7isLhaNYgkU__#1_label_B4-0-0.mp4|0.9264044|(2,4001,0.9264044,1706,5706,0.90584534)
v=7QOdBpDrmKk__#00-01-00_00-02-45_label_B6-0-0.mp4|0.99999595|(1,2522,0.99999595)
v=7QOdBpDrmKk__#00-10-30_00-10-51_label_B6-0-0.mp4|0.9519152|(1,506,0.9519152)
v=7rDRFFSUrPI__#00-01-50_00-02-32_label_G-0-0.mp4|0.93099135|(1,1010,0.93099135)
v=7smETZfN0XA__#1_label_A.mp4|0.96865124|(1,3020,0.96865124)
v=7xQr5wYwNPg__#1_label_B4-0-0.mp4|0.7240156|(1,1121,0.7240156)
v=7zEFHKKBA0g__#1_label_B4-0-0.mp4|0.6861622|(2,4001,0.6145404,420,4420,0.6861622)
v=8ewWXhYRUNs__#1_label_B1-0-0.mp4|0.9988938|(1,1369,0.9988938)
v=8oJMGgaww70__#1_label_B4-0-0.mp4|0.89993805|(1,3595,0.89993805)
v=8oTjTufJnXI__#1_label_G-0-0.mp4|0.9984024|(1,2694,0.9984024)
v=8SC55pYljMM__#1_label_A.mp4|0.47477996|(2,4001,0.3205821,324,4324,0.47477996)
v=8tqeeBGjnPg__#00-03-12_00-04-15_label_B6-0-0.mp4|0.99984515|(1,1515,0.99984515)
v=94zZ9iptP54__#1_label_A.mp4|0.9998522|(1,932,0.9998522)
v=96N4XAJ7FKM__#1_label_B1-0-0.mp4|0.2285865|(2,4001,0.010109733,860,4860,0.2285865)
v=9CWJd1SezkA__#1_label_G-0-0.mp4|0.6467578|(1,700,0.6467578)
v=9eME1y6V-T4__#00-42-00_00-48-00_label_A.mp4|0.95594156|(3,4001,0.014888597,4000,8001,0.05400334,4642,8642,0.95594156)
v=9eME1y6V-T4__#01-00-00_01-06-00_label_A.mp4|0.09903686|(3,4001,0.096152656,4000,8001,0.011037343,4642,8642,0.09903686)
v=9eME1y6V-T4__#01-06-00_01-12-00_label_A.mp4|0.046684206|(3,4001,0.0034449364,4000,8001,0.046684206,4642,8642,0.023411985)
v=9eME1y6V-T4__#01-18-00_01-24-00_label_A.mp4|0.23402421|(3,4001,0.0098833125,4000,8001,0.23402421,4642,8642,0.068833835)
v=9eME1y6V-T4__#01-36-00_01-42-00_label_A.mp4|0.969398|(3,4001,0.0008690341,4000,8001,0.37806836,4642,8642,0.969398)
v=9eME1y6V-T4__#02-00-00_02-06-00_label_A.mp4|0.009540114|(3,4001,0.004853464,4000,8001,0.0010065171,4642,8642,0.009540114)
v=9FxmNOXF25Q__#1_label_A.mp4|0.0017536625|(2,4001,7.443191e-05,120,4120,0.0017536625)
v=9Jk2sIp5MRQ__#1_label_G-0-0.mp4|0.76499367|(1,568,0.76499367)
v=9qxJ6bznkNI__#1_label_A.mp4|0.013180686|(2,4001,0.0017248254,1454,5454,0.013180686)
v=9Ydg5IeZpFI__#1_label_B1-0-0.mp4|0.9362788|(2,4001,0.9362788,621,4621,0.7701195)
v=a0TQkX_zLt0__#1_label_A.mp4|0.70042765|(3,4001,0.14765921,4000,8001,0.0022976846,7764,11764,0.70042765)
v=abATVcjFumY__#1_label_G-0-0.mp4|0.05244232|(1,1835,0.05244232)
v=aBsrZKrRtqU__#1_label_A.mp4|0.09945397|(1,1235,0.09945397)
v=ADQNFs9bfFk__#00-00-00_00-00-58_label_B4-0-0.mp4|0.08371112|(1,1394,0.08371112)
v=AF9p0YA0hyA__#00-00-45_00-01-44_label_B4-0-0.mp4|0.89226013|(1,1418,0.89226013)
v=AF9p0YA0hyA__#00-03-03_00-04-20_label_B4-0-0.mp4|0.6802178|(1,1850,0.6802178)
v=afhttnv46Y4__#1_label_B1-0-0.mp4|0.79740644|(1,2500,0.79740644)
v=ajnl7P9bf78__#1_label_A.mp4|0.9997974|(1,1624,0.9997974)
v=aQ3qMpgZjwg__#00-00-00_00-01-48_label_B4-0-0.mp4|0.88903767|(1,2593,0.88903767)
v=AqFWYZsOgWY__#00-21-00_00-24-00_label_A.mp4|0.0009237486|(2,4001,0.0009237486,322,4322,0.00043586214)
v=AqFWYZsOgWY__#00-33-00_00-36-00_label_A.mp4|0.010237556|(2,4001,0.010237556,322,4322,0.0069255345)
v=aWPWHU8x6kE__#1_label_B4-0-0.mp4|0.9753125|(2,4001,0.9753125,829,4829,0.9474308)
v=b0MUjeKAGZw__#1_label_B4-0-0.mp4|0.99704343|(1,2795,0.99704343)
v=bDm2-1NZBLw__#1_label_B4-0-0.mp4|0.98303163|(1,2210,0.98303163)
v=bfOlheR5nUQ__#00-00-00_00-04-33_label_B4-0-0.mp4|0.9925305|(2,4001,0.29174188,2554,6554,0.9925305)
v=bfOlheR5nUQ__#00-04-33_00-06-02_label_B4-0-0.mp4|0.9985415|(1,2138,0.9985415)
v=BFPkt0AuSFA__#1_label_B4-0-0.mp4|0.9713146|(1,3380,0.9713146)
v=_BgJEXQkjNQ__#1_label_G-0-0.mp4|0.77535045|(3,4001,0.48652175,4000,8001,0.77535045,4139,8139,0.7484895)
v=bhZs3ALdL7Y__#1_label_G-0-0.mp4|0.9886813|(1,81,0.9886813)
v=BL8ppFg7NKI__#1_label_A.mp4|0.97639173|(2,4001,0.052486897,1470,5470,0.97639173)
v=BpargJW29Wo__#00-00-50_00-01-30_label_B1-0-0.mp4|0.09631272|(1,962,0.09631272)
v=BQjKQbYgUBA__#1_label_B1-0-0.mp4|0.76220256|(1,3423,0.76220256)
v=bU86SW6L7Tc__#1_label_A.mp4|0.2861483|(2,4001,0.2861483,250,4250,0.11050159)
v=BXR3d22BhHs__#00-06-00_00-07-00_label_B4-0-0.mp4|0.5125631|(1,1443,0.5125631)
v=BXR3d22BhHs__#00-07-00_00-08-00_label_B4-0-0.mp4|0.5845237|(1,1443,0.5845237)
v=BzwNU2xmT64__#00-01-00_00-02-45_label_B6-0-0.mp4|0.99999905|(1,2522,0.99999905)
v=BzwNU2xmT64__#00-04-10_00-06-09_label_B6-0-0.mp4|0.9999939|(1,2858,0.9999939)
v=CcD-YNlkMPY__#1_label_G-0-0.mp4|0.5018804|(1,1996,0.5018804)
v=CczYDDDf22A__#1_label_G-0-0.mp4|0.9846622|(1,679,0.9846622)
v=cEOM18n8fhU__#1_label_G-0-0.mp4|0.99794096|(1,2831,0.99794096)
v=CFfc4UWzVB8__#00-00-00_00-00-30_label_B4-0-0.mp4|0.988171|(1,722,0.988171)
v=CLFYvG6MsZU__#00-02-16_00-05-06_label_B2-0-0.mp4|0.608793|(2,4001,0.32697514,83,4083,0.608793)
v=cO1UefhG7AY__#1_label_G-0-0.mp4|0.9999089|(2,4001,0.999602,574,4574,0.9999089)
v=CoxsDkB-rWU__#00-07-06_00-10-30_label_B4-0-0.mp4|0.99963546|(2,4001,0.9927239,898,4898,0.99963546)
v=CUr-Mg8Hmh0__#1_label_G-0-0.mp4|0.6132246|(2,4001,0.36955953,1043,5043,0.6132246)
v=cuUK-3MNqtw__#1_label_B1-0-0.mp4|0.004318836|(1,2063,0.004318836)
v=cvEJ5WFk2KE__#00-06-00_00-09-00_label_A.mp4|0.0001269061|(2,4001,0.0001269061,321,4321,2.7669174e-05)
v=CvMpD1yqfxI__#1_label_G-0-0.mp4|0.99978286|(1,873,0.99978286)
v=D1eP4Bn4hDQ__#00-09-20_00-10-45_label_B6-0-0.mp4|0.9987098|(1,2040,0.9987098)
v=d5lTTPvJLpw__#1_label_B4-0-0.mp4|0.99693274|(2,4001,0.99693274,2277,6277,0.91306186)
v=DD3jfKr8e-k__#00-00-00_00-01-40_label_B4-0-0.mp4|0.9933037|(1,2402,0.9933037)
v=DdIA1Owbcdc__#1_label_A.mp4|0.080242455|(1,1064,0.080242455)
v=Dh-3BlhAOnE__#00-00-00_00-13-36_label_B4-0-0.mp4|0.9998634|(5,4001,0.9938141,4000,8001,0.005387061,8000,12001,0.9717682,12000,16001,0.9905008,15586,19586,0.9998634)
v=Dn_SDu22WpM__#00-08-35_00-10-05_label_B6-0-0.mp4|0.9581674|(1,2163,0.9581674)
v=DRGMajXo_PI__#00-02-15_00-03-02_label_G-0-0.mp4|0.99998665|(1,1130,0.99998665)
v=DtxU8UYiFws__#1_label_G-0-0.mp4|0.9845323|(1,1450,0.9845323)
v=DVdXoVUNkhg__#1_label_G-0-0.mp4|0.9988586|(1,1146,0.9988586)
v=eAgqJnO3kr8__#00-06-00_00-12-00_label_A.mp4|0.001528574|(3,4001,0.0010830594,4000,8001,0.001528574,4642,8642,0.0013686514)
v=eAgqJnO3kr8__#00-42-00_00-48-00_label_A.mp4|0.0034379242|(3,4001,0.0034379242,4000,8001,0.00067788706,4642,8642,0.000158482)
v=eAgqJnO3kr8__#00-48-00_00-54-00_label_A.mp4|0.0002878848|(3,4001,0.00015313645,4000,8001,0.0002878848,4642,8642,0.00017275958)
v=EeUTpfyb0qo__#1_label_A.mp4|0.0032895398|(5,4001,0.0032895398,4000,8001,0.00029726498,8000,12001,0.0001285741,12000,16001,0.00021162408,14143,18143,0.00048851606)
v=Ehh8ZdIMMj4__#1_label_A.mp4|0.10711382|(1,2708,0.10711382)
v=EH_QB6cm6BE__#1_label_G-0-0.mp4|0.9107403|(1,658,0.9107403)
v=enYITYwvPAQ__#00-27-00_00-30-00_label_A.mp4|0.00569797|(2,4001,0.00569797,321,4321,0.0042793667)
v=EOAfl8yMiN8__#00-00-00_00-00-51_label_B6-0-0.mp4|0.99974054|(1,1226,0.99974054)
v=EOAfl8yMiN8__#00-03-00_00-04-09_label_B6-0-0.mp4|0.9999461|(1,1658,0.9999461)
v=eqtJjxsTgtg__#1_label_G-0-0.mp4|0.9997404|(1,1194,0.9997404)
v=ErOcW_CSOyQ__#1_label_A.mp4|0.13609204|(5,4001,0.05578125,4000,8001,0.01589558,8000,12001,0.13609204,12000,16001,0.0038177099,13477,17477,0.00790261)
v=es97CGK_5XQ__#1_label_A.mp4|0.21586965|(1,1633,0.21586965)
v=EToznHwS0OA__#1_label_A.mp4|0.031433072|(1,3730,0.031433072)
v=-etV57xZ4_I__#1_label_B4-0-0.mp4|0.99977535|(1,265,0.99977535)
v=f6j3YWgVBto__#00-01-50_00-02-30_label_A.mp4|0.3525117|(1,960,0.3525117)
v=f6j3YWgVBto__#00-06-16_00-06-51_label_B6-0-0.mp4|0.019077143|(1,840,0.019077143)
v=FfrXebzAwOg__#00-06-10_00-07-19_label_B6-0-0.mp4|0.79402095|(1,1658,0.79402095)
v=fhiAyxpDQMU__#1_label_B4-0-0.mp4|0.9300755|(1,3985,0.9300755)
v=fIlmgvc-bUk__#1_label_B4-0-0.mp4|0.9999994|(1,1415,0.9999994)
v=fkps18H3SXY__#00-00-00_00-06-00_label_A.mp4|0.17888907|(3,4001,0.17888907,4000,8001,0.0045509893,4642,8642,0.0016984902)
v=fkps18H3SXY__#00-36-00_00-42-00_label_A.mp4|0.1013618|(3,4001,0.017101862,4000,8001,0.1013618,4643,8643,0.0064937677)
v=fkps18H3SXY__#00-54-00_01-00-00_label_A.mp4|0.39312762|(3,4001,0.06171987,4000,8001,0.39312762,4642,8642,0.048215244)
v=-fOWSLV6Esw__#1_label_B4-0-0.mp4|0.9600794|(1,789,0.9600794)
v=fQQzg2VfJME__#1_label_B4-0-0.mp4|0.92011654|(1,1348,0.92011654)
v=FRj2K0ulD8Q__#00-00-00_00-00-57_label_B4-0-0.mp4|0.99974364|(1,1370,0.99974364)
v=FRj2K0ulD8Q__#00-04-16_00-06-05_label_B4-0-0.mp4|0.9743571|(1,2618,0.9743571)
v=FRj2K0ulD8Q__#00-06-05_00-08-25_label_B4-0-0.mp4|0.98759496|(1,3339,0.98759496)
v=FW_qbiPH7UA__#1_label_B1-0-0.mp4|0.0168277|(1,3283,0.0168277)
v=g2v3EkBj9Zc__#1_label_B4-0-0.mp4|0.99986136|(1,764,0.99986136)
v=g4FnGZ5MAdo__#1_label_A.mp4|0.400157|(2,4001,0.03234505,958,4958,0.400157)
v=g7fnNf88IOc__#1_label_A.mp4|0.00097421365|(1,3635,0.00097421365)
v=GbMQ2CxeNHU__#1_label_B4-0-0.mp4|0.9883344|(2,4001,0.9883344,1490,5490,0.977965)
v=gbRIKogNZvE__#1_label_B4-0-0.mp4|0.10211343|(1,2990,0.10211343)
v=gENp4SyNxkI__#1_label_B1-0-0.mp4|0.90013844|(1,1275,0.90013844)
v=gGlqujwrhbI__#00-12-00_00-15-00_label_A.mp4|0.019785024|(2,4001,0.009653513,322,4322,0.019785024)
v=GI49YSCruwY__#1_label_B4-0-0.mp4|0.92276984|(1,3032,0.92276984)
v=GN-7_ye5k4E__#1_label_G-0-0.mp4|0.9999902|(1,2681,0.9999902)
v=GnN9VTh_s2A__#1_label_A.mp4|0.010729163|(1,683,0.010729163)
v=gp_D8r-2hwk__#1_label_G-0-0.mp4|0.37648234|(1,2551,0.37648234)
v=GqMh_HBNWZE__#00-01-00_00-02-45_label_B6-0-0.mp4|0.37061223|(1,2522,0.37061223)
v=GrHfWKeTDEI__#1_label_A.mp4|0.00046119306|(2,4001,4.037548e-05,1066,5066,0.00046119306)
v=gsz_P8t-KM4__#1_label_B4-0-0.mp4|0.7408838|(3,4001,0.7408838,4000,8001,0.051506072,5741,9741,0.12487606)
v=gxrLosPS27c__#1_label_A.mp4|0.0041565537|(1,2219,0.0041565537)
v=H12BVHrNiXs__#1_label_A.mp4|0.00053577387|(2,4001,1.6563301e-05,787,4787,0.00053577387)
v=H5W58Loofks__#00-05-50_00-06-20_label_B6-0-0.mp4|0.9999919|(1,723,0.9999919)
v=H9Y5_X1sEEA__#00-03-00_00-06-00_label_A.mp4|0.012050015|(2,4001,0.009423061,322,4322,0.012050015)
v=H9Y5_X1sEEA__#00-30-00_00-33-00_label_A.mp4|0.009210484|(2,4001,0.0018942676,323,4323,0.009210484)
v=H9Y5_X1sEEA__#00-36-00_00-39-00_label_A.mp4|0.0013405725|(2,4001,0.0007408341,323,4323,0.0013405725)
v=H9Y5_X1sEEA__#00-42-00_00-45-00_label_A.mp4|0.00043701494|(2,4001,0.00043701494,322,4322,0.00024472113)
v=H9Y5_X1sEEA__#00-45-00_00-48-00_label_A.mp4|0.23648988|(2,4001,0.031506743,323,4323,0.23648988)
v=hAHXCMRvY_I__#1_label_G-0-0.mp4|0.9990615|(1,486,0.9990615)
v=Hd_2Y29_FLU__#1_label_A.mp4|0.7541494|(1,3272,0.7541494)
v=hdy5kZ5dwj8__#1_label_A.mp4|0.011273322|(2,4001,0.011273322,674,4674,0.0016390886)
v=hgoGZZSMhMQ__#1_label_A.mp4|0.98301184|(1,159,0.98301184)
v=HksDvkX6Bjk__#1_label_A.mp4|0.0004820454|(4,4001,0.0004820454,4000,8001,0.00013591757,8000,12001,0.00032977964,11435,15435,5.5485166e-06)
v=_Hn2Xlt-IWU__#1_label_A.mp4|0.0012826523|(1,3943,0.0012826523)
v=Hnfy9XhlIPM__#1_label_B4-0-0.mp4|0.999777|(2,4001,0.999777,661,4661,0.9732582)
v=HSisjzLESak__#00-00-00_00-00-51_label_B6-0-0.mp4|0.9935643|(1,1226,0.9935643)
v=HSisjzLESak__#00-01-00_00-02-45_label_B6-0-0.mp4|0.9969704|(1,2522,0.9969704)
v=HSisjzLESak__#00-07-40_00-08-50_label_B6-0-0.mp4|0.99999607|(1,1682,0.99999607)
v=HTEyaXBPf9U__#1_label_A.mp4|0.06970332|(2,4001,0.06970332,1120,5120,0.052892603)
v=HUL83wCQATc__#1_label_B1-0-0.mp4|0.99959725|(1,2103,0.99959725)
v=hxyhulJYz5I__#00-06-09_00-07-00_label_B6-0-0.mp4|0.7418258|(1,1226,0.7418258)
v=I7oSupyExVY__#1_label_A.mp4|0.98007303|(2,4001,0.3365259,825,4825,0.98007303)
v=Ia9ATKNeUbY__#00-01-52_00-03-10_label_B6-0-0.mp4|0.9934761|(1,1874,0.9934761)
v=Ia9ATKNeUbY__#00-04-19_00-05-11_label_B6-0-0.mp4|0.9998149|(1,1250,0.9998149)
v=Ia9ATKNeUbY__#00-05-19_00-06-09_label_B6-0-0.mp4|0.99999857|(1,1202,0.99999857)
v=Ia9ATKNeUbY__#00-06-19_00-06-50_label_B6-0-0.mp4|0.99996877|(1,746,0.99996877)
v=ibYV3e17R5c__#1_label_A.mp4|0.24987763|(1,3375,0.24987763)
v=ICnreR1hxP0__#1_label_B4-0-0.mp4|0.9757987|(2,4001,0.22085866,328,4328,0.9757987)
v=iegHZ_UWWsA__#00-14-05_00-20-33_label_B4-0-0.mp4|0.99818426|(3,4001,0.99818426,4000,8001,0.9658014,5314,9314,0.9762832)
v=iHuggczItBk__#00-01-00_00-02-45_label_B6-0-0.mp4|0.8197543|(1,2522,0.8197543)
v=iHuggczItBk__#00-03-00_00-03-55_label_B6-0-0.mp4|0.9999981|(1,1322,0.9999981)
v=iHuggczItBk__#00-04-00_00-04-55_label_B6-0-0.mp4|0.9806824|(1,1322,0.9806824)
v=iWfUqxibqG0__#1_label_G-0-0.mp4|0.9999907|(1,631,0.9999907)
v=IWzI9V3WSnc__#1_label_B4-0-0.mp4|0.9773136|(1,2689,0.9773136)
v=J67oj92maC0__#1_label_G-0-0.mp4|0.9998908|(2,4001,0.9929745,673,4673,0.9998908)
v=jAvOGTD7_pU__#00-12-00_00-15-00_label_A.mp4|0.00058556953|(2,4001,0.00058556953,322,4322,0.00026004383)
v=JfLYNEsrTew__#1_label_G-0-0.mp4|0.80970895|(1,750,0.80970895)
v=JHsfKFF9Oag__#1_label_A.mp4|0.025436219|(1,2699,0.025436219)
v=jYENhkzdpO8__#00-00-00_00-01-31_label_B6-0-0.mp4|0.19388032|(1,2186,0.19388032)
v=JzrpCC7XmyE__#00-06-00_00-12-00_label_A.mp4|0.05614106|(3,4001,4.901566e-05,4000,8001,0.046956785,4642,8642,0.05614106)
v=JzrpCC7XmyE__#01-06-00_01-12-00_label_A.mp4|0.01681606|(3,4001,0.01681606,4000,8001,0.0076627196,4642,8642,0.0066717304)
v=J_ZsNd97wXw__#1_label_G-0-0.mp4|0.9998362|(1,1204,0.9998362)
v=k7R_Qo-BiAw__#00-10-30_00-10-51_label_B6-0-0.mp4|0.9999336|(1,506,0.9999336)
v=k98yVPXiYoU__#1_label_G-0-0.mp4|0.99447244|(1,736,0.99447244)
v=k_cvJa1kNaM__#1_label_B4-0-0.mp4|0.2939885|(2,4001,0.12875237,1628,5628,0.2939885)
v=KEh6EOQvQO0__#1_label_A.mp4|0.0040706443|(1,3183,0.0040706443)
v=KERh4R2BbS0__#1_label_A.mp4|0.034026004|(6,4001,0.007012496,4000,8001,0.00092858257,8000,12001,0.008799432,12000,16001,0.0003196729,16000,20001,0.0036582125,16652,20652,0.034026004)
v=kPWdgckIhLI__#1_label_B4-0-0.mp4|0.9999552|(1,793,0.9999552)
v=KUeUxbsBO6s__#1_label_B1-0-0.mp4|0.48304823|(1,2748,0.48304823)
v=kVl-6-A9ZO4__#00-08-01_00-09-35_label_B6-0-0.mp4|0.99942553|(1,2259,0.99942553)
v=-kwNh1lMU-w__#1_label_B4-0-0.mp4|0.643036|(2,4001,0.643036,81,4081,0.43160015)
v=L2Qs4KyW-Co__#1_label_A.mp4|0.39176473|(2,4001,0.1873713,426,4426,0.39176473)
v=lcBUb7EOQ4o__#1_label_G-0-0.mp4|0.99993575|(1,2237,0.99993575)
v=ldnLxTablA8__#1_label_A.mp4|0.13465229|(1,2300,0.13465229)
v=LJ0Pu5_Mefs__#1_label_G-0-0.mp4|0.99993217|(1,984,0.99993217)
v=lpkL0Y1MhA8__#1_label_B4-0-0.mp4|0.96315014|(1,2524,0.96315014)
v=Lt9M_tSij_4__#00-00-00_00-04-24_label_B6-0-0.mp4|0.9984566|(2,4001,0.9453678,2336,6336,0.9984566)
v=lVJVRywgmYM__#1_label_A.mp4|0.9969463|(2,4001,0.9969463,1937,5937,0.9181445)
v=LYzmr5ORvCg__#1_label_A.mp4|0.0013272522|(1,3925,0.0013272522)
v=lyZxvgPD4gM__#1_label_A.mp4|0.44299293|(2,4001,0.44299293,1529,5529,0.20933133)
v=m5Ya6z6qroo__#1_label_B4-0-0.mp4|0.9997663|(2,4001,0.99961036,1647,5647,0.9997663)
v=m5zK-tzYCQM__#1_label_B4-0-0.mp4|0.9947312|(1,1755,0.9947312)
v=m8EkFsaGPzU__#1_label_B4-0-0.mp4|0.27127215|(2,4001,0.09389876,1703,5703,0.27127215)
v=mfFYGFJhBI4__#1_label_A.mp4|0.81573415|(1,255,0.81573415)
v=MJLylzPRvyw__#1_label_B4-0-0.mp4|0.9916495|(1,3587,0.9916495)
v=MqrNCb2N5to__#1_label_B1-0-0.mp4|0.5198136|(1,2533,0.5198136)
v=MyM5G7fo7Gg__#00-06-00_00-09-00_label_A.mp4|0.0042781723|(2,4001,0.0039648833,322,4322,0.0042781723)
v=MyM5G7fo7Gg__#00-18-00_00-21-00_label_A.mp4|0.26871789|(2,4001,0.26871789,323,4323,0.20854983)
v=n0AhGnEjako__#1_label_A.mp4|0.9268676|(1,2376,0.9268676)
v=NbNFfnVSIn8__#1_label_A.mp4|0.010298755|(2,4001,0.010298755,592,4592,0.0017357828)
v=NeAC-MfTZzU__#00-15-00_00-18-00_label_A.mp4|0.00038690178|(2,4001,0.00016843466,322,4322,0.00038690178)
v=NjI-AuzKgMc__#1_label_A.mp4|0.000106980864|(1,2836,0.000106980864)
v=nLAapCIlr-o__#00-07-22_00-08-19_label_B6-0-0.mp4|0.99982136|(1,1370,0.99982136)
v=nLAapCIlr-o__#00-08-35_00-10-25_label_B6-0-0.mp4|0.97639513|(1,2642,0.97639513)
v=nLAapCIlr-o__#00-11-00_00-12-45_label_B6-0-0.mp4|0.9986016|(1,2522,0.9986016)
v=nLAapCIlr-o__#00-16-10_00-18-09_label_B6-0-0.mp4|0.9999676|(1,2858,0.9999676)
v=NnmqkS1e88s__#1_label_B4-0-0.mp4|0.6272697|(1,1752,0.6272697)
v=ntaXjnpusxM__#1_label_G-0-0.mp4|0.8650064|(1,688,0.8650064)
v=O9g1uuI62m0__#1_label_B4-0-0.mp4|0.061089694|(2,4001,0.061089694,545,4545,0.033022646)
v=OB0-MXNPUIU__#1_label_B4-0-0.mp4|0.36014116|(2,4001,0.36014116,21,4021,0.25248387)
v=ODGDLQ0TT3M__#1_label_A.mp4|0.11622054|(1,2138,0.11622054)
v=OE9t3XImErk__#1_label_B1-0-0.mp4|0.9996753|(1,557,0.9996753)
v=OFxPTJxA5pg__#1_label_B4-0-0.mp4|0.86464417|(5,4001,0.48048192,4000,8001,0.86464417,8000,12001,0.76985794,12000,16001,0.8147634,13542,17542,0.2956982)
v=Oh6FDdpH08A__#1_label_A.mp4|0.57869726|(1,3344,0.57869726)
v=oipd63DGadU__#1_label_B1-0-0.mp4|0.9260929|(1,1398,0.9260929)
v=ONsmJAyFAAw__#1_label_G-0-0.mp4|0.90195906|(1,1563,0.90195906)
v=OOjjPGN8jSU__#1_label_B6-0-0.mp4|0.5271333|(2,4001,0.5271333,1918,5918,0.46196255)
v=osjdmjNJUdg__#1_label_B1-0-0.mp4|0.99683267|(1,2320,0.99683267)
v=ovQ1VTJ_IUI__#1_label_B1-0-0.mp4|0.5516386|(1,1688,0.5516386)
v=p2ggHwtb-Zg__#00-21-00_00-24-00_label_A.mp4|0.083495475|(2,4001,0.083495475,323,4323,0.010341536)
v=p2ggHwtb-Zg__#00-24-00_00-27-00_label_A.mp4|0.0011235495|(2,4001,0.00050924026,322,4322,0.0011235495)
v=p7kvQ4OpDgU__#1_label_B4-0-0.mp4|0.9991136|(1,1889,0.9991136)
v=pCyCi-q4MqY__#1_label_A.mp4|0.52880365|(2,4001,0.0017175088,714,4714,0.52880365)
v=Pf7WtK-YPDA__#1_label_A.mp4|0.99994683|(1,1954,0.99994683)
v=pFamvR9CpYw__#00-00-00_00-06-36_label_B4-0-0.mp4|0.91647977|(3,4001,0.9106577,4000,8001,0.91647977,5506,9506,0.6656197)
v=pFamvR9CpYw__#00-06-36_00-15-20_label_B4-0-0.mp4|0.9730162|(4,4001,0.6517082,4000,8001,0.94874597,8000,12001,0.9730162,8579,12579,0.8739343)
v=pHZ9gOfmY_k__#1_label_B4-0-0.mp4|0.99836856|(2,4001,0.99836856,1179,5179,0.8416794)
v=pL2HjXvWuPc__#1_label_B1-0-0.mp4|0.2258901|(2,4001,0.008457044,836,4836,0.2258901)
v=plhVMWR33go__#1_label_A.mp4|0.62757266|(3,4001,0.035161544,4000,8001,0.62757266,4047,8047,0.17553177)
v=pMtu7fOHdII__#1_label_B1-0-0.mp4|0.99475104|(1,1252,0.99475104)
v=PRH5rYUHoVU__#00-00-25_00-02-50_label_B6-0-0.mp4|0.9861633|(1,3480,0.9861633)
v=PuZy1PQIgrA__#1_label_B1-0-0.mp4|0.9854968|(1,2816,0.9854968)
v=PWBZiM-rkoE__#1_label_G-0-0.mp4|0.0008805492|(1,2711,0.0008805492)
v=q2SP66Jb6Cw__#00-00-00_00-06-00_label_A.mp4|0.74151856|(3,4001,0.6125961,4000,8001,0.74151856,4642,8642,0.61616504)
v=Q6zIX29HkSo__#1_label_B4-0-0.mp4|0.9999926|(1,2145,0.9999926)
v=Q7NpJXOTiMY__#1_label_G-0-0.mp4|0.010827469|(1,1628,0.010827469)
v=Q8b0XbtpFsA__#1_label_A.mp4|0.5277928|(2,4001,0.5277928,633,4633,0.517592)
v=Q8K7roZu3WU__#1_label_B1-0-0.mp4|0.47617105|(1,1295,0.47617105)
v=Q9Re4CnFJRg__#00-01-21_00-01-47_label_G-0-0.mp4|0.52024865|(1,624,0.52024865)
v=QBfO3qfo7zg__#1_label_A.mp4|0.99328595|(2,4001,0.9809699,661,4661,0.99328595)
v=Qc3pAEeK16A__#1_label_B1-0-0.mp4|0.99641305|(1,1409,0.99641305)
v=q_DhkdHGXos__#1_label_B1-0-0.mp4|0.14066564|(2,4001,0.14066564,638,4638,0.1305731)
v=qhUItxoTrmg__#1_label_A.mp4|0.0018019576|(2,4001,0.0005120331,571,4571,0.0018019576)
v=QiLNvC7CIuY__#1_label_A.mp4|0.9991689|(1,1161,0.9991689)
v=qmsQ-obL1Z4__#00-03-26_00-04-04_label_B6-0-0.mp4|0.9964477|(1,912,0.9964477)
v=QozLwYYVotY__#1_label_A.mp4|0.08768789|(1,3254,0.08768789)
v=qqsd-cZr01k__#00-01-00_00-02-45_label_B6-0-0.mp4|0.99731255|(1,2522,0.99731255)
v=qqsd-cZr01k__#00-06-10_00-07-19_label_B6-0-0.mp4|0.99732816|(1,1658,0.99732816)
v=qrKfaX1lCUM__#1_label_G-0-0.mp4|0.0028499584|(2,4001,0.0028499584,3409,7409,0.0010239113)
v=Q-u3Y9TkZhQ__#1_label_B4-0-0.mp4|0.71459657|(1,1036,0.71459657)
v=QUlWIIHMIEQ__#1_label_A.mp4|0.9993954|(1,1106,0.9993954)
v=qV4YYnXdQCc__#00-03-00_00-06-00_label_A.mp4|0.0006645347|(2,4001,0.0003466374,322,4322,0.0006645347)
v=QWwDsPSe7iM__#1_label_B4-0-0.mp4|0.24436148|(1,2334,0.24436148)
v=qyTGi0N4OVg__#1_label_G-0-0.mp4|0.9961592|(1,1248,0.9961592)
v=rAlZRFZTwxM__#00-03-13_00-07-08_label_G-0-0.mp4|0.91818935|(2,4001,0.88025784,1641,5641,0.91818935)
v=RarYGpz-blM__#1_label_A.mp4|5.9552716e-05|(1,3384,5.9552716e-05)
v=Rc9EOFjtj0c__#1_label_B6-0-0.mp4|0.9433831|(1,3365,0.9433831)
v=rJgg00ic1G8__#1_label_A.mp4|0.2745419|(2,4001,0.2195922,1651,5651,0.2745419)
v=rJz4NXm6vis__#1_label_B4-0-0.mp4|0.91838735|(1,1892,0.91838735)
v=rKpXqwE2rg8__#00-01-57_00-03-06_label_B4-0-0.mp4|0.83658546|(1,1658,0.83658546)
v=rmDBn5Rpd3s__#1_label_A.mp4|0.89745337|(1,707,0.89745337)
v=ROrpKx3aIjA__#1_label_G-0-0.mp4|0.99999917|(1,1300,0.99999917)
v=RRiN5W9XwJE__#1_label_A.mp4|0.14009258|(1,2616,0.14009258)
v=RUjrMYWhLng__#1_label_B6-0-0.mp4|0.9803916|(3,4001,0.97563916,4000,8001,0.9803916,6434,10434,0.9393923)
v=rXWOpZ7W2fA__#1_label_B1-0-0.mp4|0.9909971|(1,2796,0.9909971)
v=S1meRf5BsEw__#1_label_A.mp4|0.031620316|(2,4001,0.0073853126,104,4104,0.031620316)
v=S-7rRLrxnVQ__#1_label_B4-0-0.mp4|0.99958545|(1,3273,0.99958545)
v=sbEHU4GskX4__#1_label_B1-0-0.mp4|0.88830465|(1,2832,0.88830465)
v=SdYFFo_tsfk__#00-00-00_00-06-00_label_A.mp4|0.02113151|(3,4001,0.019267708,4000,8001,0.02113151,4642,8642,0.00739559)
v=SdYFFo_tsfk__#00-18-00_00-24-00_label_A.mp4|0.23429662|(3,4001,0.046437167,4000,8001,0.23429662,4642,8642,0.054342527)
v=SE5fxK7SasU__#00-03-23_00-04-08_label_B4-0-0.mp4|0.99996114|(1,1082,0.99996114)
v=sE-DC2trBkI__#00-01-00_00-02-45_label_B6-0-0.mp4|0.5617816|(1,2522,0.5617816)
v=sE-DC2trBkI__#00-03-00_00-04-09_label_B6-0-0.mp4|0.99746084|(1,1658,0.99746084)
v=sE-DC2trBkI__#00-09-00_00-10-05_label_B6-0-0.mp4|0.98563635|(1,1563,0.98563635)
v=SmFpAAHmoII__#1_label_A.mp4|0.07918231|(1,3951,0.07918231)
v=smnw0Q7AxFQ__#1_label_A.mp4|0.0007965751|(2,4001,0.00031965066,3956,7956,0.0007965751)
v=SMy2_qNO2Y0__#00-01-50_00-03-13_label_G-0-0.mp4|0.87623495|(1,1994,0.87623495)
v=TfS-MJoVNjM__#1_label_B4-0-0.mp4|0.9977082|(1,1311,0.9977082)
v=tI7fktKY6OU__#1_label_A.mp4|0.24642296|(4,4001,0.24642296,4000,8001,0.018190498,8000,12001,0.0063279895,10916,14916,0.001463857)
v=tivXK3PGByk__#1_label_B1-0-0.mp4|0.9260582|(1,3690,0.9260582)
v=tlFJIG9mTGQ__#00-12-00_00-15-00_label_A.mp4|3.417333e-05|(2,4001,2.0389863e-05,322,4322,3.417333e-05)
v=tlFJIG9mTGQ__#00-15-00_00-18-36_label_A.mp4|0.014545514|(2,4001,0.006771986,1187,5187,0.014545514)
v=T-LH8Gv5zzY__#1_label_B4-0-0.mp4|0.7139151|(1,2426,0.7139151)
v=TOEVc-pOEwM__#00-08-40_00-10-40_label_B6-0-0.mp4|0.6856377|(1,2883,0.6856377)
v=tP19WuyY3IY__#00-00-00_00-00-51_label_B6-0-0.mp4|0.48979995|(1,1226,0.48979995)
v=tP19WuyY3IY__#00-06-10_00-07-51_label_B6-0-0.mp4|0.9999186|(1,2426,0.9999186)
v=-tqHsoEoUyY__#1_label_A.mp4|0.67785805|(1,1011,0.67785805)
v=_tsSKAsVZfo__#1_label_B4-0-0.mp4|0.6305791|(1,2534,0.6305791)
v=TsuuRo6PEXM__#1_label_B1-0-0.mp4|0.113112114|(2,4001,0.113112114,343,4343,0.1005267)
v=tT-SrQC6Ddw__#00-04-00_00-05-15_label_B6-0-0.mp4|0.9708288|(1,1800,0.9708288)
v=t_TZYpT6xjY__#1_label_A.mp4|0.01115223|(2,4001,0.01115223,741,4741,0.0029449358)
v=tv0rI-5ycBU__#1_label_B4-0-0.mp4|0.99900526|(1,3249,0.99900526)
v=u0Tnw01PNxc__#1_label_B4-0-0.mp4|0.44986936|(1,1377,0.44986936)
v=u5SF4SlqNDQ__#00-00-00_00-01-00_label_G-0-0.mp4|0.97955745|(1,1442,0.97955745)
v=u5SF4SlqNDQ__#00-02-39_00-03-41_label_G-0-0.mp4|0.99977666|(1,1491,0.99977666)
v=U6MC8JJJZSY__#1_label_G-0-0.mp4|0.999159|(1,1045,0.999159)
v=uBXprlsmd18__#00-03-00_00-04-09_label_B6-0-0.mp4|0.9892329|(1,1658,0.9892329)
v=uBXprlsmd18__#00-06-10_00-07-19_label_B6-0-0.mp4|0.9828881|(1,1658,0.9828881)
v=UK2w9Sh47fM__#1_label_G-0-0.mp4|0.9910665|(1,1198,0.9910665)
v=UK--hvgP2uY__#1_label_G-0-0.mp4|0.6820211|(1,2605,0.6820211)
v=uprb6aBzymw__#00-03-03_00-05-13_label_B4-0-0.mp4|0.06604378|(1,3121,0.06604378)
v=uQY15O3LKI0__#1_label_B6-0-0.mp4|0.9613676|(1,3970,0.9613676)
v=usAvzbDq6-c__#00-03-00_00-06-00_label_A.mp4|0.00023557451|(2,4001,0.00023557451,322,4322,7.5499134e-05)
v=usAvzbDq6-c__#00-18-00_00-21-00_label_A.mp4|0.15349983|(2,4001,0.08400368,322,4322,0.15349983)
v=usAvzbDq6-c__#00-21-00_00-24-00_label_A.mp4|0.6870307|(2,4001,0.6870307,322,4322,0.63671464)
v=utQ5AvXtNLA__#1_label_B4-0-0.mp4|0.99858344|(1,1076,0.99858344)
v=UYFR-XbyZQc__#00-01-19_00-02-42_label_G-0-0.mp4|0.9882686|(1,1992,0.9882686)
v=uyvM-vq5DwA__#1_label_A.mp4|0.00940367|(2,4001,0.00940367,788,4788,0.0017075212)
v=UzxuX79xq4s__#1_label_B4-0-0.mp4|0.77773684|(2,4001,0.77773684,1286,5286,0.65692174)
v=V7FtjJStY1M__#1_label_G-0-0.mp4|0.99709284|(1,360,0.99709284)
v=vaSOMEIe1Bg__#1_label_G-0-0.mp4|0.9758312|(1,1385,0.9758312)
v=VcsJf1q9QX8__#1_label_A.mp4|0.14898863|(1,2560,0.14898863)
v=vFPQ_NiDBIU__#00-42-00_00-48-00_label_A.mp4|0.04541131|(3,4001,0.001320184,4000,8001,0.025202965,4640,8640,0.04541131)
v=vFPQ_NiDBIU__#01-00-00_01-06-00_label_A.mp4|0.0007133709|(3,4001,0.0007133709,4000,8001,0.00031571853,4640,8640,0.000594856)
v=vFPQ_NiDBIU__#01-48-00_01-54-00_label_A.mp4|0.0021313|(3,4001,5.4373613e-05,4000,8001,0.0021313,4640,8640,0.0013898814)
v=vFPQ_NiDBIU__#02-42-00_02-48-00_label_A.mp4|0.00030605073|(3,4001,0.00030605073,4000,8001,2.8783268e-05,4640,8640,5.819659e-06)
v=VGP9qh7U4H0__#1_label_A.mp4|0.12150676|(2,4001,0.12150676,1284,5284,0.06658573)
v=vhACO_m5pH0__#00-09-42_00-10-40_label_B6-0-0.mp4|0.9990526|(1,1394,0.9990526)
v=vhACO_m5pH0__#00-10-42_00-11-40_label_B6-0-0.mp4|0.9943967|(1,1394,0.9943967)
v=vhACO_m5pH0__#00-14-42_00-15-40_label_B6-0-0.mp4|0.9992544|(1,1394,0.9992544)
v=vhACO_m5pH0__#00-17-42_00-18-40_label_B6-0-0.mp4|0.9232625|(1,1394,0.9232625)
v=vhACO_m5pH0__#00-20-42_00-22-40_label_B6-0-0.mp4|0.92810863|(1,2834,0.92810863)
v=vHnAmx0UYbM__#1_label_A.mp4|0.2433084|(6,4001,0.2433084,4000,8001,0.004733331,8000,12001,0.038302243,12000,16001,0.0055923993,16000,20001,0.08124148,16045,20045,0.12629482)
v=v_LxqgpRouM__#1_label_G-0-0.mp4|0.99695456|(1,889,0.99695456)
v=VNQ1Vkz_cM4__#1_label_A.mp4|0.70440114|(2,4001,0.70440114,1622,5622,0.030011995)
v=v-Plzx73K68__#1_label_B4-0-0.mp4|0.9996797|(1,1016,0.9996797)
v=vp_W8CqtCug__#1_label_A.mp4|0.0003652601|(1,3806,0.0003652601)
v=vQ9AwVrM9pU__#1_label_A.mp4|0.65747046|(1,3138,0.65747046)
v=VRn8Tc02TbU__#00-18-00_00-21-00_label_A.mp4|0.002398907|(2,4001,0.002350835,322,4322,0.002398907)
v=vsI_pKNcgeQ__#00-15-00_00-18-00_label_A.mp4|0.00017716544|(2,4001,0.00017716544,322,4322,4.8841852e-05)
v=vv-MFJPi4Qs__#1_label_G-0-0.mp4|0.99999213|(1,1004,0.99999213)
v=w16YmhAZ1_Y__#1_label_G-0-0.mp4|0.9999994|(1,1480,0.9999994)
v=w2NgAYJHnS0__#1_label_G-0-0.mp4|0.73824716|(1,1011,0.73824716)
v=W5qLlC9il3s__#1_label_A.mp4|0.050489075|(1,1385,0.050489075)
v=waIS8TaJxts__#00-00-00_00-00-51_label_B6-0-0.mp4|0.9999827|(1,1226,0.9999827)
v=waIS8TaJxts__#00-01-30_00-02-45_label_B6-0-0.mp4|0.9667468|(1,1802,0.9667468)
v=waIS8TaJxts__#00-05-50_00-06-20_label_B6-0-0.mp4|0.99872416|(1,723,0.99872416)
v=waIS8TaJxts__#00-07-40_00-08-50_label_B6-0-0.mp4|0.9997552|(1,1682,0.9997552)
v=waIS8TaJxts__#00-09-00_00-10-45_label_B6-0-0.mp4|0.00054345495|(1,2522,0.00054345495)
v=Wc2QW06H48M__#1_label_A.mp4|0.99795854|(1,1554,0.99795854)
v=wG-2t0M8CPc__#1_label_B1-0-0.mp4|0.5458619|(1,2073,0.5458619)
v=WiS3TIvykeY__#1_label_B4-0-0.mp4|0.9164376|(1,1562,0.9164376)
v=wnd3IYH7x1o__#1_label_G-0-0.mp4|0.5987567|(1,1139,0.5987567)
v=Wp6gzFUaci8__#1_label_A.mp4|0.0022722462|(1,2780,0.0022722462)
v=wPkBaI6vOv0__#00-00-00_00-01-00_label_G-0-0.mp4|0.90163994|(1,1442,0.90163994)
v=wQrV75N2BrI__#1_label_A.mp4|0.013048598|(9,4001,8.5740416e-05,4000,8001,0.010141242,8000,12001,0.0045350357,12000,16001,0.013048598,16000,20001,0.0035969676,20000,24001,0.0011804063,24000,28001,0.0013451773,28000,32001,0.004702053,29196,33196,0.0006835808)
v=wVey5JDRf_g__#00-00-00_00-01-20_label_B6-0-0.mp4|0.9970392|(1,1922,0.9970392)
v=wVey5JDRf_g__#00-01-30_00-02-41_label_B6-0-0.mp4|0.99878794|(1,1706,0.99878794)
v=wVey5JDRf_g__#00-04-09_00-05-06_label_B6-0-0.mp4|0.9996848|(1,1371,0.9996848)
v=x0-z4h6mFoU__#1_label_A.mp4|0.0019717051|(2,4001,7.909791e-05,610,4610,0.0019717051)
v=X1arMZmYhsk__#00-13-00_00-14-09_label_B6-0-0.mp4|0.999998|(1,1658,0.999998)
v=X4I8FhpGJwo__#00-07-40_00-08-50_label_B6-0-0.mp4|0.9993351|(1,1682,0.9993351)
v=X4I8FhpGJwo__#00-09-00_00-10-45_label_B6-0-0.mp4|0.9994623|(1,2522,0.9994623)
v=X60PecZRLGE__#1_label_A.mp4|0.01907392|(1,2644,0.01907392)
v=X6Tbn8_X-Os__#1_label_B1-0-0.mp4|0.9279987|(2,4001,0.9279987,899,4899,0.16761898)
v=xbPWQKZspfU__#1_label_B1-0-0.mp4|0.9749713|(2,4001,0.9749713,1034,5034,0.80058116)
v=xe4ee56aHSg__#1_label_G-0-0.mp4|0.9989561|(1,532,0.9989561)
v=Y1hxr1MWLjM__#1_label_B1-0-0.mp4|0.0013577846|(1,3071,0.0013577846)
v=y1z12D5bx7c__#1_label_B4-0-0.mp4|0.9817023|(2,4001,0.9679317,850,4850,0.9817023)
v=Y43UkfAe_bc__#00-00-00_00-01-40_label_B4-0-0.mp4|0.4847652|(1,2402,0.4847652)
v=y7JEq-kf-2I__#00-01-50_00-02-30_label_A.mp4|0.005924978|(1,960,0.005924978)
v=y7vIfdKwHDk__#1_label_A.mp4|0.29761392|(2,4001,0.29761392,182,4182,0.014965463)
v=YANmwpkuWRo__#1_label_G-0-0.mp4|0.9996668|(1,1080,0.9996668)
v=yDqThVpu1AM__#1_label_B4-0-0.mp4|0.93792635|(1,744,0.93792635)
v=YdrISbwy_zI__#1_label_G-0-0.mp4|0.99997663|(1,1723,0.99997663)
v=YhCSFZNwfHc__#00-01-15_00-01-42_label_G-B2-0.mp4|0.9986419|(1,648,0.9986419)
v=YKtw6uLEGps__#1_label_B4-0-0.mp4|0.99994016|(1,2934,0.99994016)
v=_YobflFU_HU__#00-06-10_00-07-51_label_B6-0-0.mp4|0.99999774|(1,2426,0.99999774)
v=Yr41_8QOTF8__#00-09-00_00-12-00_label_A.mp4|3.1813473e-05|(2,4001,1.7135266e-05,321,4321,3.1813473e-05)
v=Yr41_8QOTF8__#00-21-00_00-24-00_label_A.mp4|0.0003423876|(2,4001,0.00027666654,321,4321,0.0003423876)
v=yrpZJ8Vr3aA__#1_label_B1-0-0.mp4|0.98554486|(1,2354,0.98554486)
v=yviKz5J-pEA__#1_label_A.mp4|0.1680097|(1,3731,0.1680097)
v=yvnj5VIDsNI__#1_label_B4-0-0.mp4|0.9997198|(2,4001,0.9997198,890,4890,0.99899846)
v=yy-KIWDcBr4__#00-08-35_00-10-25_label_B6-0-0.mp4|0.9999665|(1,2642,0.9999665)
v=yy-KIWDcBr4__#00-16-10_00-17-19_label_B6-0-0.mp4|0.96402097|(1,1658,0.96402097)
v=yZ2wlTAN49g__#00-03-00_00-06-00_label_A.mp4|0.0019154396|(2,4001,0.0019154396,322,4322,0.0004973835)
v=Z12t5h2mBJc__#1_label_B1-0-0.mp4|0.21317267|(2,4001,0.21317267,1047,5047,0.21091509)
v=ZCjNPgNu42g__#1_label_B4-0-0.mp4|0.6396875|(1,3483,0.6396875)
v=zI0q5UDP47g__#1_label_B4-0-0.mp4|0.9999958|(1,3603,0.9999958)
v=ZkUciDD55kA__#00-00-00_00-00-30_label_G-0-0.mp4|0.9754537|(1,722,0.9754537)
v=ZnFlL84K7HE__#00-27-53_00-34-45_label_B4-0-0.mp4|0.9929056|(3,4001,0.7780655,4000,8001,0.6767356,5890,9890,0.9929056)
v=zoIn2hOrUIM__#00-01-00_00-02-45_label_B6-0-0.mp4|0.9999924|(1,2522,0.9999924)
v=zoIn2hOrUIM__#00-06-10_00-07-19_label_B6-0-0.mp4|0.9999881|(1,1658,0.9999881)
v=ZoS8gm5OcOM__#00-06-20_00-07-30_label_B6-0-0.mp4|0.9999502|(1,1682,0.9999502)
v=ZoS8gm5OcOM__#00-07-50_00-08-55_label_B6-0-0.mp4|0.87630385|(1,1562,0.87630385)
v=ZpWR_YZNZTM__#1_label_A.mp4|4.2640633e-05|(1,3437,4.2640633e-05)
v=zQbnQBCTSiA__#1_label_B1-0-0.mp4|0.94189876|(2,4001,0.9362691,1695,5695,0.94189876)
wangted.2008__#0-22-55_0-23-40_label_B2-0-0.mp4|0.015908603|(1,1081,0.015908603)
wangted.2008__#0-27-17_0-28-07_label_A.mp4|0.9989525|(1,1200,0.9989525)
wangted.2008__#0-45-25_0-47-01_label_B1-0-0.mp4|0.9839684|(1,2305,0.9839684)
wangted.2008__#0-48-30_0-49-00_label_B2-0-0.mp4|0.7386402|(1,721,0.7386402)
Yellow.Sea.2010__#00-10-16_00-11-14_label_A.mp4|0.8597356|(1,1393,0.8597356)
Yellow.Sea.2010__#01-04-00_01-04-50_label_B1-0-0.mp4|0.9998523|(1,1200,0.9998523)
Yellow.Sea.2010__#01-05-40_01-06-47_label_B1-B2-0.mp4|0.995726|(1,1609,0.995726)
Yellow.Sea.2010__#01-58-30_01-59-27_label_B5-0-0.mp4|0.99995136|(1,1369,0.99995136)
Young.And.Dangerous.I.1996__#0-20-50_0-22-15_label_B1-0-0.mp4|0.19931677|(1,2041,0.19931677)
Young.And.Dangerous.I.1996__#0-46-25_0-46-55_label_B6-0-0.mp4|0.9998797|(1,722,0.9998797)
Young.And.Dangerous.I.1996__#0-46-57_0-48-57_label_B1-0-0.mp4|0.99995387|(1,2881,0.99995387)
Young.And.Dangerous.I.1996__#0-55-09_0-56-59_label_A.mp4|0.002595186|(1,2641,0.002595186)
Young.And.Dangerous.II.1996__#0-53-25_0-54-20_label_A.mp4|0.0037117116|(1,1322,0.0037117116)
Young.And.Dangerous.III.1996__#00-15-52_00-17-00_label_A.mp4|0.016059175|(1,1634,0.016059175)
Young.And.Dangerous.III.1996__#00-23-00_00-25-54_label_B4-0-0.mp4|0.005658116|(2,4001,0.005658116,178,4178,0.00086303026)
Young.And.Dangerous.IV.1997__#0-10-35_0-11-50_label_A.mp4|0.0017131331|(1,1801,0.0017131331)
Young.And.Dangerous.IV.1997__#01-07-50_01-09-45_label_B1-0-0.mp4|0.9999119|(1,2761,0.9999119)
Young.And.Dangerous.IV.1997__#01-32-04_01-32-58_label_B1-0-0.mp4|0.7773873|(1,1297,0.7773873)
Your.Name.2016__#00-05-52_00-08-22_label_A.mp4|0.08265747|(1,3601,0.08265747)
Your.Name.2016__#01-01-20_01-04-00_label_A.mp4|0.5545946|(1,3841,0.5545946)
