A.Beautiful.Mind.2001__#00-25-20_00-29-20_label_A.mp4|0.038058784|(2,3001,0.038058784,3000,5761,1.4962293e-08)
A.Beautiful.Mind.2001__#00-40-52_00-42-01_label_A.mp4|1.5816017e-06|(1,1657,1.5816017e-06)
A.Beautiful.Mind.2001__#00-50-26_00-55-16_label_A.mp4|0.2878845|(3,3001,2.883312e-10,3000,6001,0.0025792634,6000,6962,0.2878845)
A.Beautiful.Mind.2001__#01-14-30_01-16-59_label_A.mp4|0.00064237195|(2,3001,6.96414e-09,3000,3577,0.00064237195)
About.Time.2013__#00-23-50_00-24-31_label_A.mp4|0.9923733|(1,985,0.9923733)
About.Time.2013__#00-30-50_00-32-31_label_A.mp4|0.0033795403|(1,2425,0.0033795403)
About.Time.2013__#00-40-52_00-42-31_label_A.mp4|3.0137908e-08|(1,2377,3.0137908e-08)
Bad.Boys.1995__#00-10-00_00-11-52_label_A.mp4|3.0010056e-05|(1,2689,3.0010056e-05)
Bad.Boys.1995__#01-11-55_01-12-40_label_G-B2-B6.mp4|0.99999857|(1,1081,0.99999857)
Bad.Boys.1995__#01-33-51_01-34-37_label_B2-0-0.mp4|0.99999857|(1,1104,0.99999857)
Bad.Boys.II.2003__#00-06-42_00-10-00_label_B2-G-0.mp4|0.9999974|(2,3001,0.98427725,3000,4753,0.9999974)
Bad.Boys.II.2003__#01-11-16_01-14-00_label_A.mp4|0.011424438|(2,3001,3.0624893e-08,3000,3937,0.011424438)
Before.Sunrise.1995__#00-03-00_00-04-05_label_A.mp4|7.2914963e-06|(1,1561,7.2914963e-06)
Before.Sunrise.1995__#00-04-20_00-05-35_label_A.mp4|0.0001512068|(1,1801,0.0001512068)
Before.Sunrise.1995__#00-23-50_00-24-31_label_A.mp4|2.209404e-05|(1,985,2.209404e-05)
Before.Sunrise.1995__#00-40-52_00-42-01_label_A.mp4|6.898727e-07|(1,1657,6.898727e-07)
Before.Sunrise.1995__#00-42-52_00-45-31_label_A.mp4|0.042884395|(2,3001,7.5977664e-07,3000,3817,0.042884395)
Before.Sunrise.1995__#01-36-45_01-38-10_label_A.mp4|0.6126303|(1,2040,0.6126303)
Before.Sunset.2004__#00-23-50_00-24-31_label_A.mp4|0.0005292847|(1,985,0.0005292847)
Before.Sunset.2004__#01-14-30_01-16-51_label_A.mp4|0.9780788|(2,3001,2.0536893e-07,3000,3385,0.9780788)
Be.with.You.2018__#00-04-20_00-05-35_label_A.mp4|0.94729114|(1,1801,0.94729114)
Be.with.You.2018__#00-16-18_00-18-09_label_A.mp4|0.0002705447|(1,2665,0.0002705447)
Be.with.You.2018__#00-23-50_00-24-31_label_A.mp4|0.12374473|(1,985,0.12374473)
Be.with.You.2018__#01-14-30_01-16-59_label_A.mp4|0.26792857|(2,3001,0.00030013293,3000,3577,0.26792857)
Be.with.You.2018__#01-42-06_01-45-53_label_A.mp4|0.33182868|(2,3001,0.0004114666,3000,5449,0.33182868)
Black.Hawk.Down.2001__#00-06-44_00-07-39_label_A.mp4|3.7215889e-06|(1,1321,3.7215889e-06)
Black.Hawk.Down.2001__#01-13-59_01-14-49_label_B2-0-0.mp4|0.99979824|(1,1201,0.99979824)
Black.Hawk.Down.2001__#01-32-40_01-34-00_label_B4-0-0.mp4|0.9850603|(1,1921,0.9850603)
Black.Hawk.Down.2001__#01-36-44_01-37-33_label_A.mp4|0.43790546|(1,1176,0.43790546)
Black.Hawk.Down.2001__#01-42-58_01-43-58_label_G-0-0.mp4|0.99999964|(1,1441,0.99999964)
Black.Hawk.Down.2001__#02-00-12_02-01-29_label_B2-0-0.mp4|0.99999964|(1,1850,0.99999964)
Braveheart.1995__#00-56-30_00-57-20_label_B1-0-0.mp4|0.0017087319|(1,1200,0.0017087319)
Braveheart.1995__#01-26-50_01-32-30_label_B1-0-0.mp4|1.0|(3,3001,0.99999166,3000,6001,1.0,6000,8161,0.999956)
Braveheart.1995__#02-05-34_02-06-40_label_B1-0-0.mp4|0.999877|(1,1585,0.999877)
Braveheart.1995__#02-07-00_02-08-15_label_B1-0-0.mp4|1.0|(1,1802,1.0)
Brick.Mansions.2014__#00-08-37_00-10-04_label_A.mp4|0.99172956|(1,2088,0.99172956)
Brick.Mansions.2014__#00-11-57_00-12-12_label_B2-0-0.mp4|0.99435014|(1,360,0.99435014)
Brick.Mansions.2014__#00-16-26_00-17-12_label_B1-0-0.mp4|0.9999974|(1,1104,0.9999974)
Brick.Mansions.2014__#00-41-25_00-42-36_label_B1-0-0.mp4|0.9997861|(1,1704,0.9997861)
Brick.Mansions.2014__#01-02-00_01-02-43_label_B2-0-0.mp4|0.9999999|(1,1032,0.9999999)
Bullet.in.the.Head.1990__#00-03-59_00-04-40_label_A.mp4|0.06989149|(1,985,0.06989149)
Bullet.in.the.Head.1990__#00-17-20_00-18-55_label_B1-0-0.mp4|0.9998778|(1,2281,0.9998778)
Bullet.in.the.Head.1990__#00-23-31_00-24-40_label_G-0-0.mp4|0.98959094|(1,1657,0.98959094)
Bullet.in.the.Head.1990__#00-25-11_00-26-15_label_A.mp4|0.00010682245|(1,1537,0.00010682245)
Bullet.in.the.Head.1990__#00-41-30_00-44-16_label_B4-G-0.mp4|0.9999989|(2,3001,0.99867874,3000,3986,0.9999989)
Bullet.in.the.Head.1990__#00-51-46_00-52-50_label_A.mp4|3.7737115e-07|(1,1537,3.7737115e-07)
Bullet.in.the.Head.1990__#01-26-30_01-27-34_label_B2-0-0.mp4|0.5904774|(1,1537,0.5904774)
Bullet.in.the.Head.1990__#01-45-21_01-46-20_label_B2-0-0.mp4|0.98481673|(1,1417,0.98481673)
Bullet.in.the.Head.1990__#01-58-25_01-59-30_label_A.mp4|0.008305376|(1,1561,0.008305376)
Bullet.in.the.Head.1990__#02-02-00_02-05-22_label_B2-B6-G.mp4|0.9999999|(2,3001,0.9999999,3000,4849,0.99991786)
Casino.Royale.2006__#00-18-30_00-19-20_label_G-B2-0.mp4|0.9996629|(1,1201,0.9996629)
Casino.Royale.2006__#00-28-10_00-30-10_label_A.mp4|5.078284e-05|(1,2881,5.078284e-05)
Casino.Royale.2006__#00-50-05_00-51-16_label_B1-B2-B6.mp4|0.99999964|(1,1705,0.99999964)
Casino.Royale.2006__#00-51-16_00-52-41_label_B1-B6-0.mp4|0.9999591|(1,2041,0.9999591)
Casino.Royale.2006__#01-17-29_01-17-46_label_B1-0-0.mp4|0.9999907|(1,409,0.9999907)
Casino.Royale.2006__#01-46-40_01-47-14_label_B6-0-0.mp4|0.99996865|(1,817,0.99996865)
City.of.God.2002__#00-33-10_00-34-50_label_A.mp4|0.048947167|(1,2401,0.048947167)
City.of.God.2002__#00-37-20_00-38-02_label_B5-0-0.mp4|0.000121793295|(1,1009,0.000121793295)
City.of.God.2002__#00-40-16_00-41-30_label_B2-0-0.mp4|0.99780864|(1,1778,0.99780864)
City.of.God.2002__#01-24-10_01-25-10_label_B2-0-0.mp4|1.0|(1,1441,1.0)
City.of.God.2002__#01-52-20_01-54-32_label_B2-0-0.mp4|0.99998987|(2,3001,0.99998987,169,3169,0.9995189)
City.Of.Men.2007__#00-51-50_00-53-31_label_B2-0-0.mp4|0.9999826|(1,2425,0.9999826)
City.Of.Men.2007__#00-57-37_00-58-27_label_B2-0-0.mp4|0.9997358|(1,1200,0.9997358)
City.Of.Men.2007__#01-17-27_01-17-59_label_B2-0-0.mp4|0.99996865|(1,769,0.99996865)
City.Of.Men.2007__#01-35-30_01-36-00_label_B2-0-0.mp4|0.9990594|(1,721,0.9990594)
City.Of.Men.2007__#01-36-01_01-37-31_label_A.mp4|0.00022340954|(1,2161,0.00022340954)
Crank.Dircut.2006__#0-27-42_0-29-01_label_B1-0-0.mp4|0.9999902|(1,1898,0.9999902)
Deadpool.2016__#0-18-35_0-18-55_label_A.mp4|0.0013442968|(1,481,0.0013442968)
Deadpool.2016__#0-18-58_0-19-20_label_B1-0-0.mp4|0.9999292|(1,529,0.9999292)
Deadpool.2.2018__#0-02-35_0-03-12_label_A.mp4|0.2720047|(1,890,0.2720047)
Deadpool.2.2018__#0-04-46_0-05-01_label_B2-0-0.mp4|0.99934953|(1,361,0.99934953)
Deadpool.2.2018__#01-03-09_01-03-54_label_B4-0-0.mp4|0.00015392713|(1,1081,0.00015392713)
Deadpool.2.2018__#0-50-30_0-51-20_label_B1-0-0.mp4|0.99406636|(1,1201,0.99406636)
Death.Proof.2007__#00-02-04_00-05-00_label_A.mp4|0.9832449|(2,3001,8.6411484e-07,3000,4225,0.9832449)
Death.Proof.2007__#00-45-05_00-47-36_label_B5-0-0.mp4|0.9893194|(2,3001,0.09823394,3000,3625,0.9893194)
Death.Proof.2007__#01-40-41_01-42-17_label_B5-B6-0.mp4|0.035471432|(1,2305,0.035471432)
Desperado.1995__#00-16-48_00-18-52_label_B1-0-0.mp4|0.9983021|(1,2977,0.9983021)
Desperado.1995__#00-19-00_00-20-31_label_A.mp4|0.8988667|(1,2185,0.8988667)
Desperado.1995__#00-38-36_00-39-21_label_B1-B2-0.mp4|0.99999714|(1,1081,0.99999714)
Desperado.1995__#01-14-11_01-17-28_label_B2-G-0.mp4|0.99999976|(2,3001,0.99999845,3000,4729,0.99999976)
Desperado.1995__#01-22-10_01-23-17_label_A.mp4|2.231857e-06|(1,1609,2.231857e-06)
Election.2005__#00-03-35_00-05-05_label_A.mp4|5.199608e-05|(1,2160,5.199608e-05)
Election.2005__#00-47-57_00-50-54_label_B5-0-0.mp4|8.5382475e-05|(2,3001,1.2244377e-06,3000,4248,8.5382475e-05)
Fast.Five.2011__#00-01-41_00-01-57_label_B6-0-0.mp4|0.99999976|(1,385,0.99999976)
Fast.Five.2011__#00-32-05_00-32-24_label_B1-B2-0.mp4|0.97627014|(1,457,0.97627014)
Fast.Five.2011__#00-32-56_00-33-26_label_B2-0-0.mp4|0.9999261|(1,721,0.9999261)
Fast.Five.2011__#01-29-27_01-32-05_label_B1-0-0.mp4|0.9999999|(2,3001,0.9999999,3000,3793,0.0038678308)
Fast.Five.2011__#01-59-16_02-01-12_label_A.mp4|6.4830506e-06|(1,2785,6.4830506e-06)
Fast.Furious.2009__#00-21-06_00-21-57_label_B6-B2-0.mp4|0.9999987|(1,1225,0.9999987)
Fast.Furious.2009__#00-25-59_00-26-25_label_B1-0-0.mp4|0.9997042|(1,625,0.9997042)
Fast.Furious.2009__#00-42-10_00-42-41_label_B6-0-0.mp4|0.9999945|(1,745,0.9999945)
Fast.Furious.2009__#01-08-33_01-10-18_label_A.mp4|0.000184808|(1,2521,0.000184808)
Fast.Furious.2009__#01-18-00_01-19-00_label_B2-B6-0.mp4|0.989636|(1,1441,0.989636)
Fast.Furious.2009__#01-29-10_01-29-55_label_B2-0-0.mp4|0.9999877|(1,1080,0.9999877)
Fast.Furious.6.2013__#00-45-40_00-47-13_label_B2-0-0.mp4|1.0|(1,2233,1.0)
Fast.Furious.6.2013__#01-03-25_01-04-59_label_B1-0-0.mp4|0.9999988|(1,2256,0.9999988)
Fast.Furious.6.2013__#01-37-00_01-38-05_label_A.mp4|1.1867639e-05|(1,1561,1.1867639e-05)
Fast.Furious.6.2013__#01-38-33_01-39-20_label_B1-0-0.mp4|0.9997112|(1,1129,0.9997112)
Flipped.2010__#00-08-55_00-10-50_label_A.mp4|1.1413919e-10|(1,2762,1.1413919e-10)
Flipped.2010__#00-42-52_00-45-31_label_A.mp4|9.309019e-06|(2,3001,2.287482e-07,3000,3817,9.309019e-06)
Flipped.2010__#00-45-40_00-47-30_label_A.mp4|0.03158953|(1,2641,0.03158953)
Flipped.2010__#01-07-30_01-09-51_label_A.mp4|0.00028200314|(2,3001,2.74579e-06,3000,3384,0.00028200314)
Flipped.2010__#01-10-30_01-13-51_label_A.mp4|0.037216187|(2,3001,0.037216187,3000,4825,3.571976e-07)
From.Dusk.Till.Dawn.1996__#00-31-52_00-34-21_label_A.mp4|0.00035250027|(2,3001,5.087366e-07,3000,3576,0.00035250027)
Fury.2014__#00-07-30_00-07-58_label_G-0-0.mp4|0.99986565|(1,673,0.99986565)
Fury.2014__#00-39-36_00-40-44_label_B1-B2-0.mp4|0.00027932756|(1,1634,0.00027932756)
Fury.2014__#01-13-32_01-14-43_label_A.mp4|7.4018285e-06|(1,1705,7.4018285e-06)
Gladiator.2000__#01-10-27_01-11-59_label_B1-0-0.mp4|0.7686828|(1,2208,0.7686828)
Gladiator.2000__#02-43-00_02-43-59_label_A.mp4|0.39191854|(1,1417,0.39191854)
God.Bless.America.2011__#00-12-40_00-13-12_label_B2-0-0.mp4|0.021823844|(1,769,0.021823844)
God.Bless.America.2011__#00-38-25_00-39-37_label_B2-B5-0.mp4|0.0041037435|(1,1729,0.0041037435)
God.Bless.America.2011__#00-51-00_00-52-00_label_A.mp4|0.7907852|(1,1441,0.7907852)
God.Bless.America.2011__#00-58-09_01-04-00_label_A.mp4|1.9535422e-05|(3,3001,1.9535422e-05,3000,6001,1.9963798e-08,6000,8425,3.9150377e-06)
God.Bless.America.2011__#01-23-13_01-25-31_label_A.mp4|0.85535955|(2,3001,0.00014856043,3000,3313,0.85535955)
God.Bless.America.2011__#01-32-00_01-32-50_label_B2-0-0.mp4|0.29347968|(1,1201,0.29347968)
GoldenEye.1995__#00-10-00_00-10-40_label_G-0-0.mp4|0.9779473|(1,961,0.9779473)
GoldenEye.1995__#00-24-53_00-25-06_label_B1-0-0.mp4|0.99996173|(1,313,0.99996173)
GoldenEye.1995__#00-56-11_00-56-51_label_A.mp4|0.3337457|(1,962,0.3337457)
GoldenEye.1995__#01-02-11_01-03-43_label_A.mp4|2.8231084e-10|(1,2209,2.8231084e-10)
GoldenEye.1995__#01-17-05_01-19-57_label_B2-B1-0.mp4|1.0|(2,3001,0.9999665,3000,4129,1.0)
GoldenEye.1995__#01-33-40_01-34-30_label_A.mp4|0.00046829972|(1,1201,0.00046829972)
GoldenEye.1995__#02-02-15_02-02-47_label_B1-0-0.mp4|0.9998685|(1,770,0.9998685)
GoldenEye.1995__#02-03-40_02-04-13_label_G-0-0.mp4|0.9996958|(1,794,0.9996958)
Good.Will.Hunting.1997__#00-08-55_00-10-50_label_A.mp4|0.0013912539|(1,2762,0.0013912539)
Good.Will.Hunting.1997__#00-58-18_01-02-30_label_A.mp4|0.002260784|(3,3001,5.304793e-09,3000,6001,0.002260784,3049,6049,1.7971837e-07)
Haywire.2011__#00-02-06_00-03-29_label_A.mp4|0.0011087445|(1,1993,0.0011087445)
Haywire.2011__#00-03-51_00-05-12_label_B1-B2-0.mp4|0.9819171|(1,1945,0.9819171)
Haywire.2011__#00-16-07_00-16-49_label_B1-0-0.mp4|7.581265e-07|(1,1008,7.581265e-07)
Haywire.2011__#00-39-07_00-41-48_label_B1-B2-0.mp4|0.85245657|(2,3001,0.85245657,3000,3865,0.005123919)
Haywire.2011__#01-20-20_01-21-57_label_B1-0-0.mp4|0.99999917|(1,2329,0.99999917)
Hear.Me.2009__#00-30-50_00-32-31_label_A.mp4|0.008617809|(1,2425,0.008617809)
Hear.Me.2009__#00-49-48_00-51-12_label_A.mp4|3.4777672e-06|(1,2017,3.4777672e-06)
Hot.Fuzz.2007__#00-19-20_00-22-06_label_A.mp4|1.7506783e-06|(2,3001,1.7186142e-06,3000,3986,1.7506783e-06)
Ip.Man.2008__#00-02-56_00-05-24_label_A.mp4|0.0016893374|(2,3001,3.4407215e-08,3000,3553,0.0016893374)
Ip.Man.2008__#00-40-25_00-40-45_label_A.mp4|0.16677761|(1,481,0.16677761)
Ip.Man.2008__#00-46-51_00-47-30_label_B1-0-0.mp4|0.99998915|(1,937,0.99998915)
Ip.Man.2008__#00-48-57_00-50-47_label_B1-0-0.mp4|0.6340526|(1,2641,0.6340526)
Ip.Man.2008__#01-04-27_01-06-22_label_A.mp4|1.0081754e-05|(1,2761,1.0081754e-05)
Ip.Man.2008__#01-14-31_01-15-24_label_B1-0-0.mp4|0.99851114|(1,1274,0.99851114)
Ip.Man.2008__#01-40-37_01-42-07_label_B4-0-0.mp4|9.47335e-06|(1,2161,9.47335e-06)
IP.Man.2.2010__#00-02-50_00-06-45_label_A.mp4|1.0016997e-06|(2,3001,1.0016997e-06,3000,5640,3.5313138e-07)
IP.Man.2.2010__#00-07-14_00-09-13_label_B1-0-0.mp4|0.9978934|(1,2856,0.9978934)
IP.Man.2.2010__#00-54-00_00-57-12_label_A.mp4|8.354909e-05|(2,3001,9.8817496e-11,3000,4608,8.354909e-05)
IP.Man.2.2010__#01-35-55_01-39-11_label_B1-0-0.mp4|0.9999999|(2,3001,0.9999999,3000,4704,0.9999999)
IP.Man.2.2010__#01-44-00_01-44-42_label_A.mp4|9.074614e-06|(1,1008,9.074614e-06)
Ip.Man.3.2015__#00-17-51_00-18-51_label_B1-0-0.mp4|0.9954704|(1,1440,0.9954704)
Ip.Man.3.2015__#00-44-45_00-45-08_label_B1-0-0.mp4|0.99998057|(1,552,0.99998057)
Ip.Man.3.2015__#00-46-08_00-54-20_label_B1-0-0.mp4|0.99996305|(4,3001,5.3056635e-09,3000,6001,0.00010060918,6000,9001,0.99996305,9000,11808,0.9933775)
Jason.Bourne.2016__#0-17-25_0-18-53_label_B4-0-0.mp4|0.9999794|(1,2112,0.9999794)
Jason.Bourne.2016__#0-29-48_0-30-29_label_B4-0-0.mp4|0.9999994|(1,985,0.9999994)
Jason.Bourne.2016__#0-50-20_0-50-30_label_G-0-0.mp4|0.99996305|(1,241,0.99996305)
Jason.Bourne.2016__#0-51-37_0-53-20_label_A.mp4|0.0009003609|(1,2473,0.0009003609)
Kill.Bill.Vol.1.2003__#00-21-42_00-22-42_label_A.mp4|1.9397545e-07|(1,1441,1.9397545e-07)
Kill.Bill.Vol.1.2003__#01-08-15_01-09-15_label_A.mp4|0.97241116|(1,1441,0.97241116)
Kill.Bill.Vol.1.2003__#01-17-20_01-20-20_label_B1-0-0.mp4|0.99999976|(2,3001,0.81309813,3000,4321,0.99999976)
Kill.Bill.Vol.1.2003__#01-21-39_01-26-55_label_B1-0-0.mp4|0.99999607|(3,3001,0.99998724,3000,6001,0.9999896,6000,7585,0.99999607)
Kill.Bill.Vol.1.2003__#01-26-56_01-28-18_label_B1-0-0.mp4|0.98448205|(1,1969,0.98448205)
Kill.Bill.Vol.2.2004__#01-03-13_01-04-13_label_A.mp4|0.4619873|(1,1441,0.4619873)
Kill.Bill.Vol.2.2004__#0-25-20_0-26-20_label_B2-0-0.mp4|0.5822322|(1,1441,0.5822322)
Kingsman.The.Golden.Circle.2017__#00-35-55_00-36-35_label_B1-0-0.mp4|0.99963725|(1,962,0.99963725)
Kingsman.The.Golden.Circle.2017__#00-41-22_00-41-32_label_B2-0-0.mp4|0.5256733|(1,241,0.5256733)
Kingsman.The.Golden.Circle.2017__#00-44-52_00-46-20_label_A.mp4|1.454936e-05|(1,2113,1.454936e-05)
Kingsman.The.Golden.Circle.2017__#02-09-30_02-10-45_label_A.mp4|0.46679497|(1,1801,0.46679497)
Kingsman.The.Secret.Service.2014__#00-22-10_00-23-10_label_B2-0-0.mp4|0.091427036|(1,1441,0.091427036)
Kingsman.The.Secret.Service.2014__#00-25-29_00-26-24_label_A.mp4|2.0050556e-06|(1,1321,2.0050556e-06)
Kingsman.The.Secret.Service.2014__#01-43-40_01-44-50_label_B2-G-0.mp4|0.032819446|(1,1681,0.032819446)
Law.Abiding.Citizen.2009__#00-00-35_00-01-31_label_A.mp4|2.3702223e-07|(1,1345,2.3702223e-07)
Law.Abiding.Citizen.2009__#01-26-34_01-27-25_label_B2-0-0.mp4|0.99999714|(1,1225,0.99999714)
Lord.of.War__#00-50-10_00-50-50_label_G-0-0.mp4|6.22915e-05|(1,961,6.22915e-05)
Lord.of.War__#00-59-20_01-00-35_label_A.mp4|3.2163624e-07|(1,1801,3.2163624e-07)
Lord.of.War__#01-41-04_01-41-53_label_B1-0-0.mp4|4.4396165e-05|(1,1177,4.4396165e-05)
Love.Actually.2003__#00-51-55_00-55-16_label_A.mp4|3.485692e-05|(2,3001,3.485692e-05,3000,4826,8.360833e-06)
Love.Actually.2003__#01-04-40_01-06-59_label_A.mp4|0.16331561|(2,3001,1.8425224e-07,3000,3336,0.16331561)
Love.Actually.2003__#01-17-00_01-19-40_label_A.mp4|0.98468727|(2,3001,3.0373758e-06,3000,3842,0.98468727)
Love.Actually.2003__#01-34-18_01-38-11_label_A.mp4|2.420916e-06|(2,3001,2.420916e-06,3000,5593,3.973546e-09)
Love.Actually.2003__#01-39-05_01-46-40_label_A.mp4|1.3054971e-06|(4,3001,2.4103614e-10,3000,6001,4.5453064e-07,6000,9001,1.3054971e-06,9000,10921,1.2752216e-08)
Love.Death.and.Robots.S01E02__#00-03-15_00-04-20_label_A.mp4|1.0660027e-06|(1,1560,1.0660027e-06)
Love.Death.and.Robots.S01E04__#00-14-28_00-15-27_label_A.mp4|0.9999976|(1,1416,0.9999976)
Love.Death.and.Robots.S01E10__#0-01-00_0-02-13_label_B2-G-0.mp4|1.0|(1,1752,1.0)
Love.Death.and.Robots.S01E13__#0-11-48_0-12-07_label_G-0-0.mp4|0.9999994|(1,456,0.9999994)
Love.Death.and.Robots.S01E15__#0-05-38_0-06-18_label_G-0-0.mp4|1.0|(1,960,1.0)
Love.Me.If.You.Dare.2003__#00-11-20_00-15-08_label_A.mp4|0.12745397|(2,3001,0.0070003737,3000,5474,0.12745397)
Love.Me.If.You.Dare.2003__#00-33-52_00-39-00_label_A.mp4|0.01588382|(3,3001,8.501518e-07,3000,6001,0.012486136,6000,7394,0.01588382)
Love.Me.If.You.Dare.2003__#01-04-40_01-06-59_label_A.mp4|0.021089552|(2,3001,0.021089552,3000,3338,0.01838163)
Mindhunters.2004__#01-19-00_01-20-05_label_B2-0-0.mp4|0.9999939|(1,1561,0.9999939)
Mission.Impossible.Fallout.2018__#00-31-21_00-32-50_label_B1-0-0.mp4|1.0|(1,2136,1.0)
Mission.Impossible.Fallout.2018__#00-39-18_00-40-36_label_B1-0-0.mp4|0.99998987|(1,1873,0.99998987)
Mission.Impossible.Fallout.2018__#02-03-50_02-04-35_label_B1-0-0.mp4|0.99998474|(1,1080,0.99998474)
Mission.Impossible.Ghost.Protocol.2011__#00-01-18_00-01-40_label_B2-0-0.mp4|0.9999995|(1,529,0.9999995)
Mission.Impossible.Ghost.Protocol.2011__#00-49-03_00-51-21_label_A.mp4|0.9652343|(2,3001,3.2517534e-07,3000,3313,0.9652343)
Mission.Impossible.Ghost.Protocol.2011__#01-07-24_01-09-09_label_A.mp4|7.0725688e-09|(1,2521,7.0725688e-09)
Mission.Impossible.Ghost.Protocol.2011__#01-12-38_01-13-43_label_B1-0-0.mp4|0.99999547|(1,1561,0.99999547)
Mission.Impossible.Ghost.Protocol.2011__#01-24-59_01-28-30_label_A.mp4|0.06301154|(2,3001,0.06301154,3000,5064,3.4308182e-06)
Mission.Impossible.Ghost.Protocol.2011__#01-54-24_01-54-50_label_B1-0-0.mp4|0.99999976|(1,625,0.99999976)
Mission.Impossible.Ghost.Protocol.2011__#01-56-52_01-57-03_label_B1-0-0.mp4|0.9998677|(1,264,0.9998677)
Mission.Impossible.II.2000__#00-11-37_00-15-46_label_A.mp4|0.22085732|(1,693,0.22085732)
Mission.Impossible.II.2000__#00-24-30_00-30-10_label_A.mp4|0.00051278964|(3,3001,5.85253e-08,3000,6001,5.930955e-06,6000,8160,0.00051278964)
Mission.Impossible.II.2000__#01-18-55_01-20-53_label_B2-0-0.mp4|0.010729198|(1,2833,0.010729198)
Mission.Impossible.II.2000__#01-25-08_01-25-31_label_B2-0-0.mp4|0.99989784|(1,553,0.99989784)
Mission.Impossible.II.2000__#01-29-30_01-29-44_label_B1-0-0.mp4|0.99999714|(1,337,0.99999714)
Mission.Impossible.II.2000__#01-32-56_01-33-25_label_B1-0-0.mp4|1.0|(1,697,1.0)
Mission.Impossible.II.2000__#01-38-25_01-38-41_label_B2-B5-0.mp4|0.9999994|(1,385,0.9999994)
Mission.Impossible.II.2000__#01-46-20_01-47-11_label_B2-B6-0.mp4|0.9999949|(1,1225,0.9999949)
Mission.Impossible.III.2006__#00-19-56_00-20-26_label_B2-0-0.mp4|0.99999964|(1,721,0.99999964)
Mission.Impossible.III.2006__#00-56-23_00-56-40_label_G-0-0.mp4|0.9999536|(1,409,0.9999536)
Mission.Impossible.III.2006__#01-06-52_01-07-15_label_G-0-0.mp4|0.99999416|(1,553,0.99999416)
Mission.Impossible.III.2006__#01-54-02_01-54-40_label_B2-0-0.mp4|0.9999995|(1,913,0.9999995)
Mission.Impossible.V.Rogue.Nation.2015__#00-14-40_00-17-12_label_B1-0-0.mp4|0.9999963|(2,3001,0.9961392,3000,3649,0.9999963)
Mission.Impossible.V.Rogue.Nation.2015__#00-17-27_00-17-55_label_B2-0-0.mp4|0.99999976|(1,673,0.99999976)
Mission.Impossible.V.Rogue.Nation.2015__#01-15-52_01-16-48_label_B6-B2-0.mp4|0.9998317|(1,1344,0.9998317)
Mission.Impossible.V.Rogue.Nation.2015__#01-19-48_01-20-20_label_B6-0-0.mp4|0.99998975|(1,770,0.99998975)
Mission.Impossible.V.Rogue.Nation.2015__#01-29-39_01-33-39_label_A.mp4|0.00069614436|(2,3001,0.00069614436,3000,5762,5.3014276e-08)
Mission.Impossible.V.Rogue.Nation.2015__#01-54-23_01-55-10_label_B2-0-0.mp4|0.9988213|(1,1129,0.9988213)
New.Kids.Turbo.2010__#00-22-35_00-23-14_label_B1-0-0.mp4|0.99978215|(1,936,0.99978215)
New.Kids.Turbo.2010__#00-41-30_00-42-05_label_A.mp4|0.16561146|(1,840,0.16561146)
New.Kids.Turbo.2010__#00-50-13_00-50-34_label_B1-0-0.mp4|0.99917513|(1,504,0.99917513)
One.Day.2011__#01-02-50_01-07-05_label_A.mp4|8.82368e-07|(3,3001,7.641521e-10,3000,6001,8.82368e-07,3121,6121,3.6451232e-07)
Operation.Red.Sea.2018__#0-02-17_0-02-37_label_B2-0-0.mp4|0.99999964|(1,480,0.99999964)
Operation.Red.Sea.2018__#01-20-58_01-22-00_label_B5-0-0.mp4|1.3145531e-07|(1,1488,1.3145531e-07)
Operation.Red.Sea.2018__#0-12-26_0-13-36_label_A.mp4|5.2504515e-06|(1,1680,5.2504515e-06)
Operation.Red.Sea.2018__#01-37-22_01-37-36_label_G-B2-0.mp4|0.99999976|(1,336,0.99999976)
Operation.Red.Sea.2018__#0-16-06_0-16-46_label_G-0-0.mp4|0.84111726|(1,960,0.84111726)
Operation.Red.Sea.2018__#0-25-36_0-26-03_label_G-0-0.mp4|0.9995443|(1,648,0.9995443)
Operation.Red.Sea.2018__#0-29-36_0-30-20_label_B2-G-0.mp4|0.9999213|(1,1056,0.9999213)
Operation.Red.Sea.2018__#0-45-54_0-46-33_label_A.mp4|1.6797485e-05|(1,936,1.6797485e-05)
Operation.Red.Sea.2018__#0-56-26_0-57-10_label_G-0-0.mp4|0.9999999|(1,1056,0.9999999)
Quantum.Of.Solace.2008__#00-47-29_00-50-52_label_A.mp4|1.95458e-08|(2,3001,8.921332e-09,3000,4873,1.95458e-08)
Quantum.Of.Solace.2008__#01-19-30_01-20-05_label_B1-0-0.mp4|0.058402546|(1,841,0.058402546)
Quantum.Of.Solace.2008__#01-30-26_01-30-42_label_B2-B1-0.mp4|0.9999975|(1,384,0.9999975)
Rush.Hour.1998.BluRay__#00-08-08_00-09-15_label_B2-B6-G.mp4|0.9999949|(1,1609,0.9999949)
Rush.Hour.1998.BluRay__#00-11-05_00-12-10_label_B2-B1-0.mp4|0.9999826|(1,1562,0.9999826)
Rush.Hour.1998.BluRay__#01-20-28_01-21-38_label_B2-0-0.mp4|0.9990571|(1,1682,0.9990571)
Rush.Hour.1998.BluRay__#01-25-21_01-25-46_label_B2-0-0.mp4|0.18523736|(1,602,0.18523736)
Rush.Hour.3.2007.BluRay__#00-04-59_00-05-31_label_B2-0-0.mp4|0.9998907|(1,769,0.9998907)
Rush.Hour.3.2007.BluRay__#00-34-11_00-35-46_label_B1-0-0.mp4|0.9999982|(1,2281,0.9999982)
Rush.Hour.3.2007.BluRay__#00-40-56_00-41-52_label_B2-0-0.mp4|0.52417576|(1,1345,0.52417576)
Rush.Hour.3.2007.BluRay__#01-00-40_01-04-00_label_A.mp4|2.6890831e-08|(2,3001,6.5917986e-11,3000,4801,2.6890831e-08)
Rush.Hour.3.2007.BluRay__#01-12-16_01-12-36_label_B1-0-0.mp4|0.9996215|(1,481,0.9996215)
Salt.2010__#00-02-10_00-03-57_label_A.mp4|0.09524097|(1,2569,0.09524097)
Salt.2010__#00-13-45_00-16-10_label_A.mp4|0.19443464|(2,3001,2.501663e-08,3000,3481,0.19443464)
Salt.2010__#00-17-40_00-18-16_label_B1-0-0.mp4|0.9999645|(1,865,0.9999645)
Salt.2010__#01-06-27_01-07-07_label_G-B2-0.mp4|0.9999995|(1,962,0.9999995)
Salt.2010__#01-12-05_01-12-32_label_B2-G-0.mp4|1.0|(1,649,1.0)
Salt.2010__#01-16-00_01-16-50_label_A.mp4|0.00948717|(1,1201,0.00948717)
Saving.Private.Ryan.1998__#00-47-50_00-49-35_label_B2-0-0.mp4|0.9820216|(1,2521,0.9820216)
Saving.Private.Ryan.1998__#02-00-56_02-03-06_label_A.mp4|0.0005990472|(2,3001,1.3900103e-05,121,3121,0.0005990472)
Saving.Private.Ryan.1998__#02-16-58_02-17-13_label_G-0-0.mp4|0.997198|(1,361,0.997198)
Saving.Private.Ryan.1998__#02-20-00_02-20-13_label_G-0-0.mp4|0.999757|(1,313,0.999757)
Saving.Private.Ryan.1998__#02-23-00_02-23-28_label_B1-0-0.mp4|0.9999999|(1,673,0.9999999)
Saving.Private.Ryan.1998__#02-23-58_02-24-18_label_G-0-0.mp4|0.9981186|(1,481,0.9981186)
Saving.Private.Ryan.1998__#02-24-18_02-25-42_label_B1-0-0.mp4|0.99996364|(1,2017,0.99996364)
Saving.Private.Ryan.1998__#02-25-42_02-26-03_label_B2-0-0.mp4|0.00041172584|(1,505,0.00041172584)
Shoot.Em.Up.2007__#00-25-50_00-27-10_label_A.mp4|0.012747247|(1,1921,0.012747247)
Shoot.Em.Up.2007__#00-32-40_00-35-10_label_B2-0-0.mp4|1.0|(2,3001,1.0,3000,3601,0.9999975)
Shoot.Em.Up.2007__#00-53-25_00-56-47_label_B2-0-0.mp4|0.9953122|(2,3001,0.039228447,3000,4850,0.9953122)
Shoot.Em.Up.2007__#00-56-56_00-57-15_label_B2-0-0.mp4|1.0|(1,457,1.0)
Shoplifters.2018__#00-17-30_00-19-10_label_A.mp4|1.7702155e-07|(1,2401,1.7702155e-07)
Sin.City.2005__#0-06-42_0-07-06_label_B1-0-0.mp4|0.00029650136|(1,577,0.00029650136)
Sin.City.2005__#0-10-40_0-11-40_label_B2-0-0.mp4|0.99900216|(1,1441,0.99900216)
Sin.City.2005__#01-19-08_01-19-23_label_G-0-0.mp4|0.98237187|(1,361,0.98237187)
Sin.City.2005__#01-43-21_01-44-21_label_A.mp4|0.00013713335|(1,1441,0.00013713335)
Sin.City.2005__#01-51-59_01-52-29_label_B2-0-0.mp4|0.7809038|(1,721,0.7809038)
Sin.City.2005__#0-22-04_0-22-18_label_B5-0-0.mp4|0.010353558|(1,337,0.010353558)
Sin.City.2005__#0-29-34_0-29-56_label_B2-0-0.mp4|0.9982273|(1,529,0.9982273)
Sin.City.2005__#0-32-00_0-32-16_label_B2-0-0.mp4|0.030173192|(1,384,0.030173192)
Sin.City.2005__#0-43-45_0-44-01_label_B2-0-0.mp4|0.9999995|(1,385,0.9999995)
Skyfall.2012__#00-03-22_00-03-40_label_B6-0-0.mp4|0.99989974|(1,433,0.99989974)
Skyfall.2012__#00-06-10_00-06-25_label_B6-0-0.mp4|0.9999566|(1,361,0.9999566)
Skyfall.2012__#01-20-05_01-20-20_label_B1-B2-0.mp4|0.99987984|(1,361,0.99987984)
Skyfall.2012__#01-55-44_01-56-57_label_B2-G-0.mp4|1.0|(1,1753,1.0)
Skyfall.2012__#01-57-40_01-58-00_label_B2-0-0.mp4|1.0|(1,481,1.0)
Skyfall.2012__#02-08-44_02-09-17_label_B1-0-0.mp4|0.0020190014|(1,793,0.0020190014)
Skyfall.2012__#02-14-50_02-16-25_label_A.mp4|8.8232935e-07|(1,2281,8.8232935e-07)
Spectre.2015__#00-16-41_00-18-55_label_A.mp4|4.3764317e-09|(2,3001,4.3764317e-09,216,3216,1.5592575e-12)
Spectre.2015__#00-44-05_00-44-40_label_B1-B2-0.mp4|0.9999689|(1,841,0.9999689)
Spectre.2015__#01-08-58_01-09-20_label_B1-B2-0.mp4|0.999997|(1,529,0.999997)
Spectre.2015__#01-10-35_01-10-53_label_B2-0-0.mp4|0.9995963|(1,433,0.9995963)
Spectre.2015__#01-17-22_01-18-53_label_A.mp4|1.8025771e-09|(1,2184,1.8025771e-09)
Spectre.2015__#01-32-55_01-35-40_label_B1-B2-0.mp4|1.0|(2,3001,1.0,3000,3962,0.99987817)
Spectre.2015__#02-02-57_02-03-27_label_B1-B2-0.mp4|0.028282382|(1,722,0.028282382)
Spectre.2015__#02-15-30_02-16-05_label_G-0-0.mp4|0.99998116|(1,842,0.99998116)
Still.Walking.2008__#00-16-18_00-17-27_label_A.mp4|2.029809e-06|(1,1657,2.029809e-06)
Still.Walking.2008__#00-51-55_00-55-16_label_A.mp4|1.9236464e-05|(2,3001,1.3880108e-06,3000,4826,1.9236464e-05)
Still.Walking.2008__#01-02-18_01-03-10_label_A.mp4|9.649029e-07|(1,1249,9.649029e-07)
Taken.2.UNRATED.EXTENDED.2012__#00-13-42_00-14-16_label_B5-0-0.mp4|0.9999788|(1,818,0.9999788)
Taken.2.UNRATED.EXTENDED.2012__#00-17-08_00-17-30_label_A.mp4|0.0007280369|(1,529,0.0007280369)
Taken.2.UNRATED.EXTENDED.2012__#00-45-50_00-46-20_label_G-0-0.mp4|0.9980888|(1,722,0.9980888)
Taken.2.UNRATED.EXTENDED.2012__#01-00-00_01-00-16_label_B2-0-0.mp4|0.95595485|(1,385,0.95595485)
Taken.2.UNRATED.EXTENDED.2012__#01-06-28_01-06-49_label_B2-0-0.mp4|0.99998343|(1,505,0.99998343)
Taken.2.UNRATED.EXTENDED.2012__#01-18-25_01-18-40_label_B2-0-0.mp4|1.0|(1,361,1.0)
Taken.2.UNRATED.EXTENDED.2012__#01-18-40_01-19-00_label_B1-0-0.mp4|0.99999976|(1,481,0.99999976)
Taken.3.2014__#00-03-58_00-04-16_label_B2-0-0.mp4|0.8699501|(1,433,0.8699501)
Taken.3.2014__#00-36-03_00-36-48_label_A.mp4|0.8165242|(1,1081,0.8165242)
Taken.3.2014__#01-04-50_01-05-05_label_B1-0-0.mp4|0.9999162|(1,361,0.9999162)
Taken.3.2014__#01-09-26_01-09-54_label_G-0-0.mp4|0.9768571|(1,674,0.9768571)
Taken.3.2014__#01-12-48_01-14-30_label_B2-B1-0.mp4|0.99999976|(1,2449,0.99999976)
Taken.3.2014__#01-19-13_01-19-30_label_B1-0-0.mp4|0.9999889|(1,409,0.9999889)
Taken.3.2014__#01-20-10_01-21-30_label_A.mp4|1.9874851e-05|(1,1921,1.9874851e-05)
Taken.Extended.Cut.2008__#00-33-51_00-34-03_label_B1-0-0.mp4|0.9999318|(1,289,0.9999318)
Taken.Extended.Cut.2008__#00-50-45_00-51-04_label_B2-B6-0.mp4|0.99996185|(1,456,0.99996185)
The.Attorney.2013__#00-47-00_00-49-30_label_A.mp4|5.729715e-05|(2,3001,1.7666774e-09,3000,3601,5.729715e-05)
The.Bourne.Identity.2002__#01-09-16_01-11-16_label_A.mp4|1.0959884e-05|(1,2882,1.0959884e-05)
The.Bourne.Identity.2002__#01-27-39_01-29-19_label_B2-0-0.mp4|0.32821798|(1,2400,0.32821798)
The.Bourne.Identity.2002__#01-45-00_01-45-46_label_B1-0-0.mp4|0.72326773|(1,1104,0.72326773)
The.Bourne.Identity.2002__#0-19-53_0-21-48_label_B1-0-0.mp4|0.99825937|(1,2761,0.99825937)
The.Bourne.Identity.2002__#0-29-16_0-32-00_label_A.mp4|1.0910807e-05|(2,3001,1.0058105e-09,3000,3937,1.0910807e-05)
The.Bourne.Identity.2002__#0-54-45_0-56-25_label_B6-0-0.mp4|0.9999851|(1,2401,0.9999851)
The.Bourne.Identity.2002__#0-57-11_0-58-45_label_A.mp4|1.0730868e-08|(1,2257,1.0730868e-08)
The.Bourne.Legacy.2012__#0-39-56_0-40-15_label_G-0-0.mp4|0.94631934|(1,457,0.94631934)
The.Bourne.Legacy.2012__#0-59-18_01-01-52_label_B2-B1-0.mp4|0.99998784|(2,3001,0.99998784,3000,3697,0.9999137)
The.Bourne.Supremacy.2004__#01-34-52_01-35-50_label_A.mp4|0.0043630656|(1,1393,0.0043630656)
The.Bourne.Supremacy.2004__#0-58-18_01-00-58_label_A.mp4|0.999964|(2,3001,0.00021116291,3000,3842,0.999964)
The.Bourne.Ultimatum.2007__#01-26-27_01-28-03_label_B2-B6-0.mp4|0.9999896|(1,2305,0.9999896)
The.Bourne.Ultimatum.2007__#01-32-57_01-33-53_label_A.mp4|0.00016662847|(1,1345,0.00016662847)
The.Bourne.Ultimatum.2007__#01-44-02_01-44-11_label_B2-0-0.mp4|0.99149346|(1,217,0.99149346)
The.Bourne.Ultimatum.2007__#0-55-55_0-56-10_label_A.mp4|0.9995407|(1,361,0.9995407)
The.Fast.and.the.Furious.2001__#00-26-09_00-26-52_label_A.mp4|0.9999994|(1,1033,0.9999994)
The.Fast.and.the.Furious.2001__#00-29-00_00-29-52_label_B2-G-0.mp4|0.9999949|(1,1249,0.9999949)
The.Fast.and.the.Furious.2001__#00-52-18_00-53-36_label_B1-0-0.mp4|0.096533425|(1,1873,0.096533425)
The.Fast.and.the.Furious.2001__#01-14-04_01-15-20_label_B1-0-0.mp4|0.9659878|(1,1825,0.9659878)
The.Fast.and.the.Furious.2001__#01-24-18_01-25-05_label_B6-0-0.mp4|1.0|(1,1128,1.0)
The.Fast.and.the.Furious.2001__#01-37-40_01-38-30_label_B6-0-0.mp4|0.99999905|(1,1201,0.99999905)
The.Fast.and.the.Furious.2001__#01-38-50_01-39-59_label_A.mp4|1.6739883e-05|(1,1657,1.6739883e-05)
The.Hurt.Locker.2008__#0-08-45_0-09-57_label_G-0-0.mp4|0.9999647|(1,1729,0.9999647)
The.Hurt.Locker.2008__#01-02-10_01-03-55_label_B2-0-0.mp4|0.016703429|(1,2521,0.016703429)
The.Hurt.Locker.2008__#01-27-42_01-28-09_label_G-0-0.mp4|0.9999999|(1,649,0.9999999)
The.Hurt.Locker.2008__#0-19-22_0-22-32_label_B2-B1-0.mp4|0.9989034|(2,3001,0.9989034,3000,4561,0.81808865)
The.Hurt.Locker.2008__#0-29-25_0-30-15_label_A.mp4|2.3503056e-08|(1,1200,2.3503056e-08)
The.Hurt.Locker.2008__#0-45-39_0-47-06_label_A.mp4|0.026410151|(1,2089,0.026410151)
The.Intouchables.2011__#00-04-20_00-05-35_label_A.mp4|1.399954e-07|(1,1801,1.399954e-07)
The.Intouchables.2011__#00-51-55_00-55-16_label_A.mp4|3.8278802e-09|(2,3001,2.001461e-09,3000,4826,3.8278802e-09)
The.Intouchables.2011__#00-58-18_01-02-30_label_A.mp4|0.0030426844|(3,3001,2.4868674e-08,3000,6001,0.0030426844,3049,6049,0.001091412)
Thelma...Louise.1991__#01-53-54_01-54-50_label_A.mp4|3.4152208e-06|(1,1345,3.4152208e-06)
The.Notebook.2004__#00-08-55_00-10-50_label_A.mp4|6.271666e-05|(1,2762,6.271666e-05)
The.Notebook.2004__#00-11-00_00-15-08_label_A.mp4|0.9913134|(2,3001,0.9913134,3000,5954,7.0402e-09)
The.Notebook.2004__#00-20-35_00-23-06_label_A.mp4|0.99999297|(2,3001,2.8322804e-08,3000,3625,0.99999297)
The.Notebook.2004__#00-25-20_00-29-20_label_A.mp4|1.02380625e-07|(2,3001,1.02380625e-07,3000,5761,6.27047e-08)
The.Notebook.2004__#01-30-25_01-33-56_label_A.mp4|0.0008175|(2,3001,0.0008175,3000,5065,1.9873575e-07)
The.Notebook.2004__#01-52-20_01-58-00_label_A.mp4|6.0484304e-05|(3,3001,2.6861277e-10,3000,6001,6.0484304e-05,6000,8161,1.8255865e-05)
The.Pursuit.of.Happyness.2006__#00-17-30_00-19-10_label_A.mp4|6.626014e-06|(1,2401,6.626014e-06)
The.Pursuit.of.Happyness.2006__#00-30-50_00-32-31_label_A.mp4|0.0002492045|(1,2425,0.0002492045)
The.Pursuit.of.Happyness.2006__#01-34-18_01-38-11_label_A.mp4|0.39755875|(2,3001,0.39755875,3000,5593,1.5674688e-09)
The.Secret.Life.of.Walter.Mitty.2013__#00-08-55_00-10-50_label_A.mp4|5.0578375e-08|(1,2762,5.0578375e-08)
The.Secret.Life.of.Walter.Mitty.2013__#00-36-52_00-41-00_label_A.mp4|4.4785534e-06|(2,3001,7.7990244e-08,3000,5953,4.4785534e-06)
The.Secret.Life.of.Walter.Mitty.2013__#01-01-20_01-04-00_label_A.mp4|0.1712175|(2,3001,0.1712175,3000,3841,0.002025098)
The.Secret.Life.of.Walter.Mitty.2013__#01-23-00_01-29-08_label_A.mp4|0.0003859468|(3,3001,0.0003859468,3000,6001,5.780535e-10,6000,8833,5.140553e-06)
The.World.Is.Not.Enough.1999__#00-07-04_00-07-45_label_G-B2-0.mp4|0.9999999|(1,984,0.9999999)
The.World.Is.Not.Enough.1999__#00-10-22_00-10-40_label_G-0-0.mp4|0.99999774|(1,433,0.99999774)
Tropa.de.Elite.2007__#00-10-30_00-12-08_label_A.mp4|0.00017227398|(1,2352,0.00017227398)
Tropa.de.Elite.2007__#00-52-33_00-54-35_label_A.mp4|0.25396985|(1,2930,0.25396985)
Tropa.de.Elite.2.2010__#00-05-30_00-06-30_label_A.mp4|0.04224101|(1,1441,0.04224101)
Tropa.de.Elite.2.2010__#00-13-41_00-14-56_label_B4-0-0.mp4|0.23332983|(1,1801,0.23332983)
Tropa.de.Elite.2.2010__#00-42-00_00-43-00_label_B2-0-0.mp4|0.007882943|(1,1441,0.007882943)
Tropa.de.Elite.2.2010__#00-46-11_00-46-50_label_B2-0-0.mp4|0.9999999|(1,937,0.9999999)
Tropa.de.Elite.2.2010__#01-30-51_01-32-30_label_A.mp4|0.0010753445|(1,2377,0.0010753445)
Tropa.de.Elite.2.2010__#01-33-01_01-33-30_label_B2-0-0.mp4|0.99725926|(1,698,0.99725926)
Tropa.de.Elite.2.2010__#01-33-31_01-34-20_label_A.mp4|0.0035138952|(1,1177,0.0035138952)
v=0LEefpIPBHA__#1_label_A.mp4|0.87744534|(1,1142,0.87744534)
v=0N0PbzjEg0U__#1_label_B4-0-0.mp4|0.9999573|(1,1518,0.9999573)
v=0qtIjyt-7wg__#00-00-00_00-00-51_label_B6-0-0.mp4|1.0|(1,1226,1.0)
v=0qtIjyt-7wg__#00-01-00_00-02-45_label_B6-0-0.mp4|0.9999999|(1,2522,0.9999999)
v=0qtIjyt-7wg__#00-04-00_00-05-15_label_B6-0-0.mp4|0.56073713|(1,1802,0.56073713)
v=0vVOXlgHC1U__#00-12-00_00-18-00_label_A.mp4|1.558161e-05|(3,3001,1.558161e-05,3000,6001,3.8506232e-07,6000,8642,5.19568e-06)
v=0vVOXlgHC1U__#00-48-00_00-54-00_label_A.mp4|0.2670279|(3,3001,0.2670279,3000,6001,5.343723e-06,6000,8642,8.11391e-08)
v=0W8LohxH9nI__#1_label_B1-0-0.mp4|9.806864e-06|(1,1413,9.806864e-06)
v=0yHBkMBE8r4__#1_label_B1-0-0.mp4|0.9999013|(2,3001,0.22636443,3000,5162,0.9999013)
v=1202rYvw7go__#1_label_A.mp4|0.99999046|(2,3001,0.99105865,3000,3951,0.99999046)
v=15wDrZJQpsw__#00-00-00_00-00-51_label_B6-0-0.mp4|1.0|(1,1226,1.0)
v=15wDrZJQpsw__#00-05-20_00-06-20_label_B6-0-0.mp4|1.0|(1,1443,1.0)
v=15wDrZJQpsw__#00-09-00_00-10-55_label_B6-0-0.mp4|0.9999999|(1,2762,0.9999999)
v=1djrJ0wxlYo__#1_label_B4-0-0.mp4|0.99680114|(1,1536,0.99680114)
v=1EvRIhdsX1s__#1_label_A.mp4|0.9055174|(1,862,0.9055174)
v=1GFBuaGCeTo__#1_label_G-0-0.mp4|0.9841501|(1,1253,0.9841501)
v=1io9Uh54Vhg__#1_label_B4-0-0.mp4|0.110076435|(1,1980,0.110076435)
v=1q5V6DKH3bw__#1_label_B4-0-0.mp4|0.99032366|(2,3001,0.99032366,29,3029,0.97632957)
v=251___mEwZA__#1_label_B1-0-0.mp4|0.9987563|(2,3001,0.9987563,3000,4577,0.0069169304)
v=2al4t5inObA__#1_label_B4-0-0.mp4|0.99999785|(2,3001,0.99999785,3000,3582,0.9999975)
v=2JJ9d97sd64__#1_label_A.mp4|0.68593603|(2,3001,0.68593603,140,3140,0.47787225)
v=2jwO15SMyuo__#1_label_B4-0-0.mp4|0.99999976|(1,2376,0.99999976)
v=2Rr21qkZEDQ__#00-03-00_00-04-09_label_B6-0-0.mp4|1.0|(1,1658,1.0)
v=2Rr21qkZEDQ__#00-14-10_00-16-09_label_B6-0-0.mp4|0.9999994|(1,2858,0.9999994)
v=2WkuPNLfl5s__#1_label_B4-0-0.mp4|0.9999988|(1,1242,0.9999988)
v=35zynOrkvMk__#1_label_G-0-0.mp4|0.9643274|(1,365,0.9643274)
v=38GQ9L2meyE__#1_label_B6-0-0.mp4|0.9999988|(2,3001,0.9725921,3000,4650,0.9999988)
v=3e3C-LQWF2s__#1_label_B1-0-0.mp4|0.9983882|(2,3001,0.9983882,3000,4421,0.9497988)
v=3lSHv_DUbJs__#1_label_A.mp4|0.9994481|(2,3001,8.469847e-08,3000,3566,0.9994481)
v=3MUqt3OkxIo__#1_label_A.mp4|9.671716e-06|(1,2500,9.671716e-06)
v=3WmMhircZOc__#1_label_B4-0-0.mp4|0.99964|(3,3001,0.436438,3000,6001,0.989234,3025,6025,0.99964)
v=3wxWNAM8Cso__#1_label_G-0-0.mp4|1.0|(3,3001,0.9976948,3000,6001,0.99999976,3063,6063,1.0)
v=3xkwZk44VQs__#1_label_B4-0-0.mp4|0.0106727015|(1,2517,0.0106727015)
v=3xWiBCIxjIk__#1_label_B4-0-0.mp4|1.0|(2,3001,1.0,3000,3748,0.9999534)
v=3y2OOc6WTrg__#1_label_B1-0-0.mp4|0.08449477|(2,3001,0.002650082,3000,4352,0.08449477)
v=3zgaqeVSXuI__#1_label_B4-0-0.mp4|0.18828265|(1,1953,0.18828265)
v=3ZVcLOjwOMk__#1_label_A.mp4|3.9858554e-05|(1,1885,3.9858554e-05)
v=4jVgDKbu_TI__#1_label_A.mp4|9.1359625e-06|(7,3001,3.5104695e-09,3000,6001,6.46913e-06,6000,9001,1.951945e-09,9000,12001,9.1359625e-06,12000,15001,8.8957464e-08,15000,18001,8.403786e-09,18000,18974,8.740443e-08)
v=5AlAh8J3WqE__#1_label_A.mp4|0.99949753|(4,3001,0.99949753,3000,6001,0.97755826,6000,9001,5.1656958e-08,9000,10885,0.61392695)
v=5BBoVfKOyeM__#00-08-19_00-10-10_label_B6-0-0.mp4|0.011334718|(1,2666,0.011334718)
v=5Ftl4nOSytc__#1_label_G-0-0.mp4|1.0|(1,2282,1.0)
v=_5Kmb4tqMxs__#1_label_B4-0-0.mp4|0.99905866|(1,1305,0.99905866)
v=5l-nbDl0qvg__#1_label_A.mp4|0.0058413455|(5,3001,3.0209832e-09,3000,6001,7.9140915e-07,6000,9001,2.3757396e-07,9000,12001,6.2222125e-07,12000,13124,0.0058413455)
v=5NZxPmTpV6Y__#1_label_A.mp4|0.00019972114|(1,2807,0.00019972114)
v=-5RWxUUJ7lQ__#1_label_A.mp4|0.039446697|(7,3001,5.3110165e-07,3000,6001,9.382048e-05,6000,9001,0.00032816382,9000,12001,0.00027368593,12000,15001,6.799453e-06,15000,18001,0.039446697,18000,19123,0.022948561)
v=5Tnl7_8RqlA__#00-11-00_00-12-45_label_B6-0-0.mp4|0.99999213|(1,2522,0.99999213)
v=6cvZOGzfqWU__#1_label_A.mp4|0.08028147|(2,3001,1.6477814e-05,3000,5594,0.08028147)
v=6KQFxxHmVMc__#1_label_B1-0-0.mp4|0.9506798|(2,3001,0.9506798,3000,3654,0.9154709)
v=6nfo9c7a5pE__#1_label_B1-0-0.mp4|0.0064823832|(1,1235,0.0064823832)
v=6TR2rcgHm4g__#1_label_B4-0-0.mp4|0.015910797|(1,1621,0.015910797)
v=73uRcX0Dvfc__#00-00-00_00-01-51_label_B6-G-0.mp4|0.99939966|(1,2666,0.99939966)
v=78u9uBJBqIw__#1_label_B4-B5-0.mp4|0.010236599|(2,3001,0.0036863394,3000,3486,0.010236599)
v=7isLhaNYgkU__#1_label_B4-0-0.mp4|0.99180543|(2,3001,0.8844019,3000,5706,0.99180543)
v=7QOdBpDrmKk__#00-01-00_00-02-45_label_B6-0-0.mp4|1.0|(1,2522,1.0)
v=7QOdBpDrmKk__#00-10-30_00-10-51_label_B6-0-0.mp4|1.0|(1,506,1.0)
v=7rDRFFSUrPI__#00-01-50_00-02-32_label_G-0-0.mp4|0.97945225|(1,1010,0.97945225)
v=7smETZfN0XA__#1_label_A.mp4|0.9992181|(2,3001,0.9992181,20,3020,0.99378186)
v=7xQr5wYwNPg__#1_label_B4-0-0.mp4|0.014521912|(1,1121,0.014521912)
v=7zEFHKKBA0g__#1_label_B4-0-0.mp4|0.0017840067|(2,3001,0.0017840067,3000,4420,0.0011438048)
v=8ewWXhYRUNs__#1_label_B1-0-0.mp4|0.05350899|(1,1369,0.05350899)
v=8oJMGgaww70__#1_label_B4-0-0.mp4|0.99221486|(2,3001,0.9917504,3000,3595,0.99221486)
v=8oTjTufJnXI__#1_label_G-0-0.mp4|0.99997604|(1,2694,0.99997604)
v=8SC55pYljMM__#1_label_A.mp4|0.5225168|(2,3001,0.5225168,3000,4324,0.0785417)
v=8tqeeBGjnPg__#00-03-12_00-04-15_label_B6-0-0.mp4|1.0|(1,1515,1.0)
v=94zZ9iptP54__#1_label_A.mp4|0.006966087|(1,932,0.006966087)
v=96N4XAJ7FKM__#1_label_B1-0-0.mp4|0.9999591|(2,3001,0.99883586,3000,4860,0.9999591)
v=9CWJd1SezkA__#1_label_G-0-0.mp4|0.9960206|(1,700,0.9960206)
v=9eME1y6V-T4__#00-42-00_00-48-00_label_A.mp4|0.00078632537|(3,3001,3.960239e-08,3000,6001,0.00078632537,6000,8642,0.0006177394)
v=9eME1y6V-T4__#01-00-00_01-06-00_label_A.mp4|0.22145137|(3,3001,2.5818856e-05,3000,6001,0.22145137,6000,8642,1.3967126e-08)
v=9eME1y6V-T4__#01-06-00_01-12-00_label_A.mp4|0.00014927653|(3,3001,6.515098e-08,3000,6001,1.5522197e-06,6000,8642,0.00014927653)
v=9eME1y6V-T4__#01-18-00_01-24-00_label_A.mp4|0.0016352837|(3,3001,0.0016352837,3000,6001,5.675942e-06,6000,8642,1.715829e-05)
v=9eME1y6V-T4__#01-36-00_01-42-00_label_A.mp4|0.99998164|(3,3001,9.695884e-06,3000,6001,0.66591835,6000,8642,0.99998164)
v=9eME1y6V-T4__#02-00-00_02-06-00_label_A.mp4|1.9795727e-05|(3,3001,6.793211e-08,3000,6001,4.3667633e-06,6000,8642,1.9795727e-05)
v=9FxmNOXF25Q__#1_label_A.mp4|0.0007719811|(2,3001,6.4926903e-06,3000,4120,0.0007719811)
v=9Jk2sIp5MRQ__#1_label_G-0-0.mp4|0.13571171|(1,568,0.13571171)
v=9qxJ6bznkNI__#1_label_A.mp4|2.6968141e-06|(2,3001,6.351804e-09,3000,5454,2.6968141e-06)
v=9Ydg5IeZpFI__#1_label_B1-0-0.mp4|0.98568904|(2,3001,0.98568904,3000,4621,0.09134494)
v=a0TQkX_zLt0__#1_label_A.mp4|0.003558126|(4,3001,2.258409e-05,3000,6001,5.8866976e-06,6000,9001,0.003558126,9000,11764,2.4690391e-05)
v=abATVcjFumY__#1_label_G-0-0.mp4|8.243602e-07|(1,1835,8.243602e-07)
v=aBsrZKrRtqU__#1_label_A.mp4|6.1991177e-06|(1,1235,6.1991177e-06)
v=ADQNFs9bfFk__#00-00-00_00-00-58_label_B4-0-0.mp4|0.98972684|(1,1394,0.98972684)
v=AF9p0YA0hyA__#00-00-45_00-01-44_label_B4-0-0.mp4|0.99960417|(1,1418,0.99960417)
v=AF9p0YA0hyA__#00-03-03_00-04-20_label_B4-0-0.mp4|0.99969614|(1,1850,0.99969614)
v=afhttnv46Y4__#1_label_B1-0-0.mp4|0.9993998|(1,2500,0.9993998)
v=ajnl7P9bf78__#1_label_A.mp4|0.92613935|(1,1624,0.92613935)
v=aQ3qMpgZjwg__#00-00-00_00-01-48_label_B4-0-0.mp4|0.9906081|(1,2593,0.9906081)
v=AqFWYZsOgWY__#00-21-00_00-24-00_label_A.mp4|3.7011934e-05|(2,3001,1.7794841e-06,3000,4322,3.7011934e-05)
v=AqFWYZsOgWY__#00-33-00_00-36-00_label_A.mp4|7.649929e-06|(2,3001,4.3224364e-07,3000,4322,7.649929e-06)
v=aWPWHU8x6kE__#1_label_B4-0-0.mp4|0.99999976|(2,3001,0.015588696,3000,4829,0.99999976)
v=b0MUjeKAGZw__#1_label_B4-0-0.mp4|0.99973565|(1,2795,0.99973565)
v=bDm2-1NZBLw__#1_label_B4-0-0.mp4|0.99978966|(1,2210,0.99978966)
v=bfOlheR5nUQ__#00-00-00_00-04-33_label_B4-0-0.mp4|0.9974739|(3,3001,0.008630386,3000,6001,0.95834595,6000,6554,0.9974739)
v=bfOlheR5nUQ__#00-04-33_00-06-02_label_B4-0-0.mp4|0.9999715|(1,2138,0.9999715)
v=BFPkt0AuSFA__#1_label_B4-0-0.mp4|0.99998116|(2,3001,0.99998116,3000,3380,0.99963653)
v=_BgJEXQkjNQ__#1_label_G-0-0.mp4|0.99995136|(3,3001,0.99921393,3000,6001,0.996738,6000,8139,0.99995136)
v=bhZs3ALdL7Y__#1_label_G-0-0.mp4|0.32369068|(1,81,0.32369068)
v=BL8ppFg7NKI__#1_label_A.mp4|0.9998996|(2,3001,0.00025437388,3000,5470,0.9998996)
v=BpargJW29Wo__#00-00-50_00-01-30_label_B1-0-0.mp4|0.047186065|(1,962,0.047186065)
v=BQjKQbYgUBA__#1_label_B1-0-0.mp4|0.99978095|(2,3001,0.07314741,3000,3423,0.99978095)
v=bU86SW6L7Tc__#1_label_A.mp4|0.8955244|(2,3001,0.8955244,3000,4250,0.70055515)
v=BXR3d22BhHs__#00-06-00_00-07-00_label_B4-0-0.mp4|0.9997634|(1,1443,0.9997634)
v=BXR3d22BhHs__#00-07-00_00-08-00_label_B4-0-0.mp4|0.99846196|(1,1443,0.99846196)
v=BzwNU2xmT64__#00-01-00_00-02-45_label_B6-0-0.mp4|1.0|(1,2522,1.0)
v=BzwNU2xmT64__#00-04-10_00-06-09_label_B6-0-0.mp4|1.0|(1,2858,1.0)
v=CcD-YNlkMPY__#1_label_G-0-0.mp4|0.9995962|(1,1996,0.9995962)
v=CczYDDDf22A__#1_label_G-0-0.mp4|0.98408866|(1,679,0.98408866)
v=cEOM18n8fhU__#1_label_G-0-0.mp4|0.9987006|(1,2831,0.9987006)
v=CFfc4UWzVB8__#00-00-00_00-00-30_label_B4-0-0.mp4|0.98960775|(1,722,0.98960775)
v=CLFYvG6MsZU__#00-02-16_00-05-06_label_B2-0-0.mp4|0.00018285745|(2,3001,0.00018285745,3000,4083,7.6747716e-07)
v=cO1UefhG7AY__#1_label_G-0-0.mp4|0.9999913|(2,3001,0.48448244,3000,4574,0.9999913)
v=CoxsDkB-rWU__#00-07-06_00-10-30_label_B4-0-0.mp4|0.9999999|(2,3001,0.9993032,3000,4898,0.9999999)
v=CUr-Mg8Hmh0__#1_label_G-0-0.mp4|0.9993017|(2,3001,1.0920412e-08,3000,5043,0.9993017)
v=cuUK-3MNqtw__#1_label_B1-0-0.mp4|0.49642316|(1,2063,0.49642316)
v=cvEJ5WFk2KE__#00-06-00_00-09-00_label_A.mp4|1.6290656e-07|(2,3001,5.7962377e-09,3000,4321,1.6290656e-07)
v=CvMpD1yqfxI__#1_label_G-0-0.mp4|0.9999963|(1,873,0.9999963)
v=D1eP4Bn4hDQ__#00-09-20_00-10-45_label_B6-0-0.mp4|0.9999987|(1,2040,0.9999987)
v=d5lTTPvJLpw__#1_label_B4-0-0.mp4|0.69423985|(3,3001,0.69423985,3000,6001,0.095090404,3277,6277,0.029241217)
v=DD3jfKr8e-k__#00-00-00_00-01-40_label_B4-0-0.mp4|0.9090604|(1,2402,0.9090604)
v=DdIA1Owbcdc__#1_label_A.mp4|0.0797023|(1,1064,0.0797023)
v=Dh-3BlhAOnE__#00-00-00_00-13-36_label_B4-0-0.mp4|1.0|(7,3001,0.999992,3000,6001,0.31040648,6000,9001,0.0049177087,9000,12001,0.99998665,12000,15001,0.9999614,15000,18001,1.0,18000,19586,0.9957266)
v=Dn_SDu22WpM__#00-08-35_00-10-05_label_B6-0-0.mp4|1.0|(1,2163,1.0)
v=DRGMajXo_PI__#00-02-15_00-03-02_label_G-0-0.mp4|0.9999975|(1,1130,0.9999975)
v=DtxU8UYiFws__#1_label_G-0-0.mp4|0.3409207|(1,1450,0.3409207)
v=DVdXoVUNkhg__#1_label_G-0-0.mp4|0.9831565|(1,1146,0.9831565)
v=eAgqJnO3kr8__#00-06-00_00-12-00_label_A.mp4|0.0016671624|(3,3001,0.00027274792,3000,6001,0.0016671624,6000,8642,3.3151593e-06)
v=eAgqJnO3kr8__#00-42-00_00-48-00_label_A.mp4|7.478018e-09|(3,3001,7.70293e-12,3000,6001,7.478018e-09,6000,8642,7.218169e-10)
v=eAgqJnO3kr8__#00-48-00_00-54-00_label_A.mp4|6.1038474e-05|(3,3001,9.704895e-08,3000,6001,2.8385685e-09,6000,8642,6.1038474e-05)
v=EeUTpfyb0qo__#1_label_A.mp4|0.0006542912|(7,3001,5.1668104e-07,3000,6001,7.653336e-10,6000,9001,9.473051e-06,9000,12001,6.0060424e-06,12000,15001,2.1208748e-06,15000,18001,0.0006542912,15143,18143,7.4470394e-05)
v=Ehh8ZdIMMj4__#1_label_A.mp4|0.00010581168|(1,2708,0.00010581168)
v=EH_QB6cm6BE__#1_label_G-0-0.mp4|0.9999958|(1,658,0.9999958)
v=enYITYwvPAQ__#00-27-00_00-30-00_label_A.mp4|1.267223e-05|(2,3001,1.267223e-05,3000,4321,4.3279206e-06)
v=EOAfl8yMiN8__#00-00-00_00-00-51_label_B6-0-0.mp4|0.9992859|(1,1226,0.9992859)
v=EOAfl8yMiN8__#00-03-00_00-04-09_label_B6-0-0.mp4|1.0|(1,1658,1.0)
v=eqtJjxsTgtg__#1_label_G-0-0.mp4|0.99999666|(1,1194,0.99999666)
v=ErOcW_CSOyQ__#1_label_A.mp4|0.0042739045|(6,3001,9.46888e-05,3000,6001,0.001172531,6000,9001,0.0042739045,9000,12001,0.00051409734,12000,15001,1.3064489e-05,15000,17477,7.959204e-08)
v=es97CGK_5XQ__#1_label_A.mp4|0.030028893|(1,1633,0.030028893)
v=EToznHwS0OA__#1_label_A.mp4|0.9881903|(2,3001,0.00047477326,3000,3730,0.9881903)
v=-etV57xZ4_I__#1_label_B4-0-0.mp4|0.025381707|(1,265,0.025381707)
v=f6j3YWgVBto__#00-01-50_00-02-30_label_A.mp4|0.0034651107|(1,960,0.0034651107)
v=f6j3YWgVBto__#00-06-16_00-06-51_label_B6-0-0.mp4|0.10953885|(1,840,0.10953885)
v=FfrXebzAwOg__#00-06-10_00-07-19_label_B6-0-0.mp4|0.9999981|(1,1658,0.9999981)
v=fhiAyxpDQMU__#1_label_B4-0-0.mp4|0.999905|(2,3001,0.999905,3000,3985,0.8489984)
v=fIlmgvc-bUk__#1_label_B4-0-0.mp4|1.0|(1,1415,1.0)
v=fkps18H3SXY__#00-00-00_00-06-00_label_A.mp4|0.0011751468|(3,3001,0.00049405853,3000,6001,0.0011751468,6000,8642,3.423449e-05)
v=fkps18H3SXY__#00-36-00_00-42-00_label_A.mp4|8.009885e-05|(3,3001,8.009885e-05,3000,6001,2.0510777e-06,6000,8643,4.5039e-07)
v=fkps18H3SXY__#00-54-00_01-00-00_label_A.mp4|0.0017404791|(3,3001,8.213898e-05,3000,6001,0.0017404791,6000,8642,2.6432677e-05)
v=-fOWSLV6Esw__#1_label_B4-0-0.mp4|0.008619177|(1,789,0.008619177)
v=fQQzg2VfJME__#1_label_B4-0-0.mp4|0.975294|(1,1348,0.975294)
v=FRj2K0ulD8Q__#00-00-00_00-00-57_label_B4-0-0.mp4|0.99996114|(1,1370,0.99996114)
v=FRj2K0ulD8Q__#00-04-16_00-06-05_label_B4-0-0.mp4|0.9999732|(1,2618,0.9999732)
v=FRj2K0ulD8Q__#00-06-05_00-08-25_label_B4-0-0.mp4|0.9999995|(2,3001,0.9999995,3000,3339,0.9705974)
v=FW_qbiPH7UA__#1_label_B1-0-0.mp4|0.8480886|(2,3001,0.8480886,283,3283,0.78041023)
v=g2v3EkBj9Zc__#1_label_B4-0-0.mp4|1.0|(1,764,1.0)
v=g4FnGZ5MAdo__#1_label_A.mp4|0.99999917|(2,3001,0.99999917,3000,4958,4.3690798e-06)
v=g7fnNf88IOc__#1_label_A.mp4|9.764905e-06|(2,3001,3.3067586e-08,3000,3635,9.764905e-06)
v=GbMQ2CxeNHU__#1_label_B4-0-0.mp4|0.99814665|(2,3001,0.99814665,3000,5490,0.23852913)
v=gbRIKogNZvE__#1_label_B4-0-0.mp4|0.45710683|(1,2990,0.45710683)
v=gENp4SyNxkI__#1_label_B1-0-0.mp4|0.99847656|(1,1275,0.99847656)
v=gGlqujwrhbI__#00-12-00_00-15-00_label_A.mp4|7.883127e-05|(2,3001,1.8796067e-07,3000,4322,7.883127e-05)
v=GI49YSCruwY__#1_label_B4-0-0.mp4|0.75209516|(2,3001,0.75209516,32,3032,0.2986267)
v=GN-7_ye5k4E__#1_label_G-0-0.mp4|1.0|(1,2681,1.0)
v=GnN9VTh_s2A__#1_label_A.mp4|0.086994104|(1,683,0.086994104)
v=gp_D8r-2hwk__#1_label_G-0-0.mp4|0.9997521|(1,2551,0.9997521)
v=GqMh_HBNWZE__#00-01-00_00-02-45_label_B6-0-0.mp4|0.9999999|(1,2522,0.9999999)
v=GrHfWKeTDEI__#1_label_A.mp4|0.00050737895|(2,3001,7.9929606e-07,3000,5066,0.00050737895)
v=gsz_P8t-KM4__#1_label_B4-0-0.mp4|0.9999819|(4,3001,0.9999819,3000,6001,6.6554944e-06,6000,9001,0.12459324,9000,9741,0.1227928)
v=gxrLosPS27c__#1_label_A.mp4|0.0001638928|(1,2219,0.0001638928)
v=H12BVHrNiXs__#1_label_A.mp4|6.3521065e-06|(2,3001,1.5645783e-08,3000,4787,6.3521065e-06)
v=H5W58Loofks__#00-05-50_00-06-20_label_B6-0-0.mp4|1.0|(1,723,1.0)
v=H9Y5_X1sEEA__#00-03-00_00-06-00_label_A.mp4|3.9959716e-05|(2,3001,3.9959716e-05,3000,4322,6.2870963e-06)
v=H9Y5_X1sEEA__#00-30-00_00-33-00_label_A.mp4|0.010809063|(2,3001,0.010809063,3000,4323,0.00024643602)
v=H9Y5_X1sEEA__#00-36-00_00-39-00_label_A.mp4|0.000115923205|(2,3001,2.3331946e-05,3000,4323,0.000115923205)
v=H9Y5_X1sEEA__#00-42-00_00-45-00_label_A.mp4|0.3814266|(2,3001,0.3814266,3000,4322,2.7906955e-07)
v=H9Y5_X1sEEA__#00-45-00_00-48-00_label_A.mp4|0.0039680838|(2,3001,0.0039680838,3000,4323,4.8514077e-05)
v=hAHXCMRvY_I__#1_label_G-0-0.mp4|0.9999988|(1,486,0.9999988)
v=Hd_2Y29_FLU__#1_label_A.mp4|0.0022430655|(2,3001,0.0022430655,272,3272,0.0018228743)
v=hdy5kZ5dwj8__#1_label_A.mp4|0.0005355551|(2,3001,0.0005355551,3000,4674,4.5500418e-08)
v=hgoGZZSMhMQ__#1_label_A.mp4|0.019721234|(1,159,0.019721234)
v=HksDvkX6Bjk__#1_label_A.mp4|0.00047855626|(6,3001,9.148447e-09,3000,6001,3.9537335e-05,6000,9001,4.9523294e-07,9000,12001,6.051023e-09,12000,15001,4.3622995e-07,15000,15435,0.00047855626)
v=_Hn2Xlt-IWU__#1_label_A.mp4|5.227892e-09|(2,3001,3.0748435e-09,3000,3943,5.227892e-09)
v=Hnfy9XhlIPM__#1_label_B4-0-0.mp4|0.99999905|(2,3001,0.99999905,3000,4661,2.448264e-06)
v=HSisjzLESak__#00-00-00_00-00-51_label_B6-0-0.mp4|1.0|(1,1226,1.0)
v=HSisjzLESak__#00-01-00_00-02-45_label_B6-0-0.mp4|1.0|(1,2522,1.0)
v=HSisjzLESak__#00-07-40_00-08-50_label_B6-0-0.mp4|0.99999976|(1,1682,0.99999976)
v=HTEyaXBPf9U__#1_label_A.mp4|0.9506725|(2,3001,0.0005170087,3000,5120,0.9506725)
v=HUL83wCQATc__#1_label_B1-0-0.mp4|1.0|(1,2103,1.0)
v=hxyhulJYz5I__#00-06-09_00-07-00_label_B6-0-0.mp4|0.9999999|(1,1226,0.9999999)
v=I7oSupyExVY__#1_label_A.mp4|0.99999905|(2,3001,0.00040462552,3000,4825,0.99999905)
v=Ia9ATKNeUbY__#00-01-52_00-03-10_label_B6-0-0.mp4|1.0|(1,1874,1.0)
v=Ia9ATKNeUbY__#00-04-19_00-05-11_label_B6-0-0.mp4|0.9999956|(1,1250,0.9999956)
v=Ia9ATKNeUbY__#00-05-19_00-06-09_label_B6-0-0.mp4|1.0|(1,1202,1.0)
v=Ia9ATKNeUbY__#00-06-19_00-06-50_label_B6-0-0.mp4|1.0|(1,746,1.0)
v=ibYV3e17R5c__#1_label_A.mp4|0.74107313|(2,3001,0.74107313,3000,3375,0.0006217103)
v=ICnreR1hxP0__#1_label_B4-0-0.mp4|0.9999726|(2,3001,0.0063894256,3000,4328,0.9999726)
v=iegHZ_UWWsA__#00-14-05_00-20-33_label_B4-0-0.mp4|0.9996618|(4,3001,0.9996618,3000,6001,0.99546224,6000,9001,0.054486323,9000,9314,0.00012709913)
v=iHuggczItBk__#00-01-00_00-02-45_label_B6-0-0.mp4|1.0|(1,2522,1.0)
v=iHuggczItBk__#00-03-00_00-03-55_label_B6-0-0.mp4|0.99999917|(1,1322,0.99999917)
v=iHuggczItBk__#00-04-00_00-04-55_label_B6-0-0.mp4|0.9999943|(1,1322,0.9999943)
v=iWfUqxibqG0__#1_label_G-0-0.mp4|0.9999999|(1,631,0.9999999)
v=IWzI9V3WSnc__#1_label_B4-0-0.mp4|0.9979692|(1,2689,0.9979692)
v=J67oj92maC0__#1_label_G-0-0.mp4|1.0|(2,3001,1.0,3000,4673,0.99930847)
v=jAvOGTD7_pU__#00-12-00_00-15-00_label_A.mp4|0.037122145|(2,3001,0.0009837024,3000,4322,0.037122145)
v=JfLYNEsrTew__#1_label_G-0-0.mp4|0.62950027|(1,750,0.62950027)
v=JHsfKFF9Oag__#1_label_A.mp4|3.5441285e-06|(1,2699,3.5441285e-06)
v=jYENhkzdpO8__#00-00-00_00-01-31_label_B6-0-0.mp4|0.028414726|(1,2186,0.028414726)
v=JzrpCC7XmyE__#00-06-00_00-12-00_label_A.mp4|0.11294256|(3,3001,0.11294256,3000,6001,9.903528e-05,6000,8642,0.00036084861)
v=JzrpCC7XmyE__#01-06-00_01-12-00_label_A.mp4|0.00014518958|(3,3001,7.772405e-06,3000,6001,0.00014518958,6000,8642,1.9005354e-07)
v=J_ZsNd97wXw__#1_label_G-0-0.mp4|1.0|(1,1204,1.0)
v=k7R_Qo-BiAw__#00-10-30_00-10-51_label_B6-0-0.mp4|1.0|(1,506,1.0)
v=k98yVPXiYoU__#1_label_G-0-0.mp4|0.99943|(1,736,0.99943)
v=k_cvJa1kNaM__#1_label_B4-0-0.mp4|0.019345768|(2,3001,1.438662e-05,3000,5628,0.019345768)
v=KEh6EOQvQO0__#1_label_A.mp4|0.013555128|(2,3001,0.013555128,183,3183,0.00012544094)
v=KERh4R2BbS0__#1_label_A.mp4|8.750659e-06|(7,3001,4.400557e-08,3000,6001,6.292383e-07,6000,9001,8.750659e-06,9000,12001,8.26808e-07,12000,15001,2.6875398e-08,15000,18001,5.79256e-08,18000,20652,3.4008338e-10)
v=kPWdgckIhLI__#1_label_B4-0-0.mp4|1.0|(1,793,1.0)
v=KUeUxbsBO6s__#1_label_B1-0-0.mp4|0.0006829713|(1,2748,0.0006829713)
v=kVl-6-A9ZO4__#00-08-01_00-09-35_label_B6-0-0.mp4|0.9999999|(1,2259,0.9999999)
v=-kwNh1lMU-w__#1_label_B4-0-0.mp4|0.99992096|(2,3001,0.99992096,3000,4081,0.99979085)
v=L2Qs4KyW-Co__#1_label_A.mp4|0.15823418|(2,3001,0.00010442462,3000,4426,0.15823418)
v=lcBUb7EOQ4o__#1_label_G-0-0.mp4|0.9998691|(1,2237,0.9998691)
v=ldnLxTablA8__#1_label_A.mp4|0.020482427|(1,2300,0.020482427)
v=LJ0Pu5_Mefs__#1_label_G-0-0.mp4|0.9999945|(1,984,0.9999945)
v=lpkL0Y1MhA8__#1_label_B4-0-0.mp4|0.019457862|(1,2524,0.019457862)
v=Lt9M_tSij_4__#00-00-00_00-04-24_label_B6-0-0.mp4|1.0|(3,3001,1.0,3000,6001,1.0,6000,6336,0.13344115)
v=lVJVRywgmYM__#1_label_A.mp4|0.8014051|(2,3001,0.029798213,3000,5937,0.8014051)
v=LYzmr5ORvCg__#1_label_A.mp4|2.4362578e-06|(2,3001,1.8869888e-09,3000,3925,2.4362578e-06)
v=lyZxvgPD4gM__#1_label_A.mp4|0.45749667|(2,3001,0.021559445,3000,5529,0.45749667)
v=m5Ya6z6qroo__#1_label_B4-0-0.mp4|0.999931|(2,3001,0.9999269,3000,5647,0.999931)
v=m5zK-tzYCQM__#1_label_B4-0-0.mp4|0.07751191|(1,1755,0.07751191)
v=m8EkFsaGPzU__#1_label_B4-0-0.mp4|0.9999902|(2,3001,0.9863012,3000,5703,0.9999902)
v=mfFYGFJhBI4__#1_label_A.mp4|1.5796204e-05|(1,255,1.5796204e-05)
v=MJLylzPRvyw__#1_label_B4-0-0.mp4|0.999997|(2,3001,0.999961,3000,3587,0.999997)
v=MqrNCb2N5to__#1_label_B1-0-0.mp4|0.98232496|(1,2533,0.98232496)
v=MyM5G7fo7Gg__#00-06-00_00-09-00_label_A.mp4|0.048153806|(2,3001,7.910092e-05,3000,4322,0.048153806)
v=MyM5G7fo7Gg__#00-18-00_00-21-00_label_A.mp4|0.2309238|(2,3001,0.2309238,3000,4323,0.0005095828)
v=n0AhGnEjako__#1_label_A.mp4|0.4623624|(1,2376,0.4623624)
v=NbNFfnVSIn8__#1_label_A.mp4|0.13707805|(2,3001,0.13707805,3000,4592,0.0864)
v=NeAC-MfTZzU__#00-15-00_00-18-00_label_A.mp4|7.0662186e-06|(2,3001,2.0702748e-09,3000,4322,7.0662186e-06)
v=NjI-AuzKgMc__#1_label_A.mp4|7.464598e-08|(1,2836,7.464598e-08)
v=nLAapCIlr-o__#00-07-22_00-08-19_label_B6-0-0.mp4|0.99998176|(1,1370,0.99998176)
v=nLAapCIlr-o__#00-08-35_00-10-25_label_B6-0-0.mp4|0.99999976|(1,2642,0.99999976)
v=nLAapCIlr-o__#00-11-00_00-12-45_label_B6-0-0.mp4|1.0|(1,2522,1.0)
v=nLAapCIlr-o__#00-16-10_00-18-09_label_B6-0-0.mp4|0.9999999|(1,2858,0.9999999)
v=NnmqkS1e88s__#1_label_B4-0-0.mp4|0.8457613|(1,1752,0.8457613)
v=ntaXjnpusxM__#1_label_G-0-0.mp4|0.007065712|(1,688,0.007065712)
v=O9g1uuI62m0__#1_label_B4-0-0.mp4|0.99905246|(2,3001,0.65676135,3000,4545,0.99905246)
v=OB0-MXNPUIU__#1_label_B4-0-0.mp4|0.004391534|(2,3001,0.004391534,3000,4021,0.004052482)
v=ODGDLQ0TT3M__#1_label_A.mp4|0.42952335|(1,2138,0.42952335)
v=OE9t3XImErk__#1_label_B1-0-0.mp4|0.99095786|(1,557,0.99095786)
v=OFxPTJxA5pg__#1_label_B4-0-0.mp4|0.9757496|(6,3001,0.93773997,3000,6001,0.005394506,6000,9001,0.01208505,9000,12001,0.31228966,12000,15001,0.9757496,15000,17542,0.030548157)
v=Oh6FDdpH08A__#1_label_A.mp4|0.9910314|(2,3001,0.0007173011,3000,3344,0.9910314)
v=oipd63DGadU__#1_label_B1-0-0.mp4|0.9999964|(1,1398,0.9999964)
v=ONsmJAyFAAw__#1_label_G-0-0.mp4|0.9973506|(1,1563,0.9973506)
v=OOjjPGN8jSU__#1_label_B6-0-0.mp4|0.6043924|(2,3001,1.7898478e-07,3000,5918,0.6043924)
v=osjdmjNJUdg__#1_label_B1-0-0.mp4|0.9999995|(1,2320,0.9999995)
v=ovQ1VTJ_IUI__#1_label_B1-0-0.mp4|0.99999285|(1,1688,0.99999285)
v=p2ggHwtb-Zg__#00-21-00_00-24-00_label_A.mp4|0.5310961|(2,3001,0.26741472,3000,4323,0.5310961)
v=p2ggHwtb-Zg__#00-24-00_00-27-00_label_A.mp4|0.001678582|(2,3001,5.714346e-06,3000,4322,0.001678582)
v=p7kvQ4OpDgU__#1_label_B4-0-0.mp4|1.0|(1,1889,1.0)
v=pCyCi-q4MqY__#1_label_A.mp4|0.9999198|(2,3001,0.9999198,3000,4714,0.998774)
v=Pf7WtK-YPDA__#1_label_A.mp4|0.9939482|(1,1954,0.9939482)
v=pFamvR9CpYw__#00-00-00_00-06-36_label_B4-0-0.mp4|0.99996483|(4,3001,0.76999605,3000,6001,0.2922998,6000,9001,2.901103e-05,9000,9506,0.99996483)
v=pFamvR9CpYw__#00-06-36_00-15-20_label_B4-0-0.mp4|0.9999567|(5,3001,0.98341215,3000,6001,0.16630787,6000,9001,0.9721568,9000,12001,0.9999567,12000,12579,0.057926726)
v=pHZ9gOfmY_k__#1_label_B4-0-0.mp4|1.0|(2,3001,1.0,3000,5179,0.9998789)
v=pL2HjXvWuPc__#1_label_B1-0-0.mp4|0.9758186|(2,3001,0.0027586885,3000,4836,0.9758186)
v=plhVMWR33go__#1_label_A.mp4|0.5866196|(3,3001,6.387487e-05,3000,6001,0.5866196,6000,8047,0.001863745)
v=pMtu7fOHdII__#1_label_B1-0-0.mp4|0.3593519|(1,1252,0.3593519)
v=PRH5rYUHoVU__#00-00-25_00-02-50_label_B6-0-0.mp4|0.99999964|(2,3001,0.99999964,3000,3480,0.9999901)
v=PuZy1PQIgrA__#1_label_B1-0-0.mp4|0.9999174|(1,2816,0.9999174)
v=PWBZiM-rkoE__#1_label_G-0-0.mp4|3.8727595e-08|(1,2711,3.8727595e-08)
v=q2SP66Jb6Cw__#00-00-00_00-06-00_label_A.mp4|0.18324788|(3,3001,0.18324788,3000,6001,0.0006081176,6000,8642,0.007915978)
v=Q6zIX29HkSo__#1_label_B4-0-0.mp4|0.9999956|(1,2145,0.9999956)
v=Q7NpJXOTiMY__#1_label_G-0-0.mp4|0.0012427961|(1,1628,0.0012427961)
v=Q8b0XbtpFsA__#1_label_A.mp4|0.8760052|(2,3001,0.8760052,3000,4633,0.02466219)
v=Q8K7roZu3WU__#1_label_B1-0-0.mp4|0.9819348|(1,1295,0.9819348)
v=Q9Re4CnFJRg__#00-01-21_00-01-47_label_G-0-0.mp4|1.0|(1,624,1.0)
v=QBfO3qfo7zg__#1_label_A.mp4|0.99999833|(2,3001,0.99999833,3000,4661,0.99984944)
v=Qc3pAEeK16A__#1_label_B1-0-0.mp4|0.9995839|(1,1409,0.9995839)
v=q_DhkdHGXos__#1_label_B1-0-0.mp4|0.9997824|(2,3001,1.8072422e-05,3000,4638,0.9997824)
v=qhUItxoTrmg__#1_label_A.mp4|0.060273908|(2,3001,3.0102517e-06,3000,4571,0.060273908)
v=QiLNvC7CIuY__#1_label_A.mp4|0.84769636|(1,1161,0.84769636)
v=qmsQ-obL1Z4__#00-03-26_00-04-04_label_B6-0-0.mp4|0.9999994|(1,912,0.9999994)
v=QozLwYYVotY__#1_label_A.mp4|0.2799199|(2,3001,0.2799199,254,3254,0.14668193)
v=qqsd-cZr01k__#00-01-00_00-02-45_label_B6-0-0.mp4|0.9999925|(1,2522,0.9999925)
v=qqsd-cZr01k__#00-06-10_00-07-19_label_B6-0-0.mp4|0.99996793|(1,1658,0.99996793)
v=qrKfaX1lCUM__#1_label_G-0-0.mp4|0.05371315|(3,3001,0.05371315,3000,6001,2.1213269e-07,6000,7409,0.00046539848)
v=Q-u3Y9TkZhQ__#1_label_B4-0-0.mp4|0.31084967|(1,1036,0.31084967)
v=QUlWIIHMIEQ__#1_label_A.mp4|0.9996637|(1,1106,0.9996637)
v=qV4YYnXdQCc__#00-03-00_00-06-00_label_A.mp4|4.612268e-07|(2,3001,4.612268e-07,3000,4322,4.4165338e-07)
v=QWwDsPSe7iM__#1_label_B4-0-0.mp4|0.9999298|(1,2334,0.9999298)
v=qyTGi0N4OVg__#1_label_G-0-0.mp4|1.0|(1,1248,1.0)
v=rAlZRFZTwxM__#00-03-13_00-07-08_label_G-0-0.mp4|0.9581451|(2,3001,0.9581451,3000,5641,0.013642686)
v=RarYGpz-blM__#1_label_A.mp4|8.527727e-06|(2,3001,8.527727e-06,3000,3384,2.7361732e-06)
v=Rc9EOFjtj0c__#1_label_B6-0-0.mp4|1.0|(2,3001,1.0,3000,3365,0.010070012)
v=rJgg00ic1G8__#1_label_A.mp4|0.15133424|(2,3001,0.00012290772,3000,5651,0.15133424)
v=rJz4NXm6vis__#1_label_B4-0-0.mp4|0.1297593|(1,1892,0.1297593)
v=rKpXqwE2rg8__#00-01-57_00-03-06_label_B4-0-0.mp4|0.9998808|(1,1658,0.9998808)
v=rmDBn5Rpd3s__#1_label_A.mp4|0.007719261|(1,707,0.007719261)
v=ROrpKx3aIjA__#1_label_G-0-0.mp4|1.0|(1,1300,1.0)
v=RRiN5W9XwJE__#1_label_A.mp4|0.9923516|(1,2616,0.9923516)
v=RUjrMYWhLng__#1_label_B6-0-0.mp4|0.99340993|(4,3001,0.99340993,3000,6001,0.7182922,6000,9001,0.00021323777,9000,10434,0.9912373)
v=rXWOpZ7W2fA__#1_label_B1-0-0.mp4|0.99999464|(1,2796,0.99999464)
v=S1meRf5BsEw__#1_label_A.mp4|0.000942088|(2,3001,3.1760898e-08,3000,4104,0.000942088)
v=S-7rRLrxnVQ__#1_label_B4-0-0.mp4|0.9994037|(2,3001,0.21008477,273,3273,0.9994037)
v=sbEHU4GskX4__#1_label_B1-0-0.mp4|0.9999945|(1,2832,0.9999945)
v=SdYFFo_tsfk__#00-00-00_00-06-00_label_A.mp4|0.00028466582|(3,3001,9.547808e-07,3000,6001,2.6884509e-05,6000,8642,0.00028466582)
v=SdYFFo_tsfk__#00-18-00_00-24-00_label_A.mp4|0.0006202999|(3,3001,0.0006202999,3000,6001,1.8334968e-06,6000,8642,3.6587117e-08)
v=SE5fxK7SasU__#00-03-23_00-04-08_label_B4-0-0.mp4|0.99997556|(1,1082,0.99997556)
v=sE-DC2trBkI__#00-01-00_00-02-45_label_B6-0-0.mp4|0.9999999|(1,2522,0.9999999)
v=sE-DC2trBkI__#00-03-00_00-04-09_label_B6-0-0.mp4|0.997869|(1,1658,0.997869)
v=sE-DC2trBkI__#00-09-00_00-10-05_label_B6-0-0.mp4|0.9679712|(1,1563,0.9679712)
v=SmFpAAHmoII__#1_label_A.mp4|0.99398345|(2,3001,0.99398345,3000,3951,0.99148667)
v=smnw0Q7AxFQ__#1_label_A.mp4|3.5591054e-07|(3,3001,1.5726509e-07,3000,6001,3.5591054e-07,6000,7956,4.6409405e-09)
v=SMy2_qNO2Y0__#00-01-50_00-03-13_label_G-0-0.mp4|0.9987803|(1,1994,0.9987803)
v=TfS-MJoVNjM__#1_label_B4-0-0.mp4|0.99999356|(1,1311,0.99999356)
v=tI7fktKY6OU__#1_label_A.mp4|0.24325901|(5,3001,0.00033894114,3000,6001,0.0039537787,6000,9001,0.24325901,9000,12001,0.0024734805,12000,14916,0.041626498)
v=tivXK3PGByk__#1_label_B1-0-0.mp4|0.9999995|(2,3001,0.9999995,3000,3690,0.99906486)
v=tlFJIG9mTGQ__#00-12-00_00-15-00_label_A.mp4|7.2994857e-07|(2,3001,3.5941653e-08,3000,4322,7.2994857e-07)
v=tlFJIG9mTGQ__#00-15-00_00-18-36_label_A.mp4|2.7509009e-06|(2,3001,2.7509009e-06,3000,5187,7.720684e-08)
v=T-LH8Gv5zzY__#1_label_B4-0-0.mp4|0.9980667|(1,2426,0.9980667)
v=TOEVc-pOEwM__#00-08-40_00-10-40_label_B6-0-0.mp4|1.0|(1,2883,1.0)
v=tP19WuyY3IY__#00-00-00_00-00-51_label_B6-0-0.mp4|0.9999994|(1,1226,0.9999994)
v=tP19WuyY3IY__#00-06-10_00-07-51_label_B6-0-0.mp4|0.9999999|(1,2426,0.9999999)
v=-tqHsoEoUyY__#1_label_A.mp4|3.2428077e-05|(1,1011,3.2428077e-05)
v=_tsSKAsVZfo__#1_label_B4-0-0.mp4|3.7369773e-08|(1,2534,3.7369773e-08)
v=TsuuRo6PEXM__#1_label_B1-0-0.mp4|0.9999989|(2,3001,0.9999989,3000,4343,0.92454404)
v=tT-SrQC6Ddw__#00-04-00_00-05-15_label_B6-0-0.mp4|0.0041584983|(1,1800,0.0041584983)
v=t_TZYpT6xjY__#1_label_A.mp4|0.0008404804|(2,3001,6.5935657e-09,3000,4741,0.0008404804)
v=tv0rI-5ycBU__#1_label_B4-0-0.mp4|0.99999964|(2,3001,0.9999975,249,3249,0.99999964)
v=u0Tnw01PNxc__#1_label_B4-0-0.mp4|0.14977285|(1,1377,0.14977285)
v=u5SF4SlqNDQ__#00-00-00_00-01-00_label_G-0-0.mp4|0.9999722|(1,1442,0.9999722)
v=u5SF4SlqNDQ__#00-02-39_00-03-41_label_G-0-0.mp4|0.9999206|(1,1491,0.9999206)
v=U6MC8JJJZSY__#1_label_G-0-0.mp4|0.9999999|(1,1045,0.9999999)
v=uBXprlsmd18__#00-03-00_00-04-09_label_B6-0-0.mp4|1.0|(1,1658,1.0)
v=uBXprlsmd18__#00-06-10_00-07-19_label_B6-0-0.mp4|0.99999917|(1,1658,0.99999917)
v=UK2w9Sh47fM__#1_label_G-0-0.mp4|0.9989531|(1,1198,0.9989531)
v=UK--hvgP2uY__#1_label_G-0-0.mp4|0.015453575|(1,2605,0.015453575)
v=uprb6aBzymw__#00-03-03_00-05-13_label_B4-0-0.mp4|0.9999968|(2,3001,0.9999968,121,3121,0.99999535)
v=uQY15O3LKI0__#1_label_B6-0-0.mp4|0.99974364|(2,3001,0.99974364,3000,3970,0.65597725)
v=usAvzbDq6-c__#00-03-00_00-06-00_label_A.mp4|0.0003764593|(2,3001,9.9032346e-05,3000,4322,0.0003764593)
v=usAvzbDq6-c__#00-18-00_00-21-00_label_A.mp4|0.12575056|(2,3001,3.319257e-05,3000,4322,0.12575056)
v=usAvzbDq6-c__#00-21-00_00-24-00_label_A.mp4|0.29858413|(2,3001,0.0003676491,3000,4322,0.29858413)
v=utQ5AvXtNLA__#1_label_B4-0-0.mp4|0.9994419|(1,1076,0.9994419)
v=UYFR-XbyZQc__#00-01-19_00-02-42_label_G-0-0.mp4|0.9975431|(1,1992,0.9975431)
v=uyvM-vq5DwA__#1_label_A.mp4|0.0026367854|(2,3001,0.0026367854,3000,4788,3.9084644e-06)
v=UzxuX79xq4s__#1_label_B4-0-0.mp4|1.7246613e-07|(2,3001,1.7246613e-07,3000,5286,1.4255996e-09)
v=V7FtjJStY1M__#1_label_G-0-0.mp4|0.69268256|(1,360,0.69268256)
v=vaSOMEIe1Bg__#1_label_G-0-0.mp4|0.9914043|(1,1385,0.9914043)
v=VcsJf1q9QX8__#1_label_A.mp4|0.039339587|(1,2560,0.039339587)
v=vFPQ_NiDBIU__#00-42-00_00-48-00_label_A.mp4|3.7979735e-06|(3,3001,3.7979735e-06,3000,6001,1.948717e-06,6000,8640,1.8068259e-06)
v=vFPQ_NiDBIU__#01-00-00_01-06-00_label_A.mp4|1.1367858e-06|(3,3001,6.5872556e-09,3000,6001,1.0961093e-10,6000,8640,1.1367858e-06)
v=vFPQ_NiDBIU__#01-48-00_01-54-00_label_A.mp4|2.105568e-05|(3,3001,2.0942298e-06,3000,6001,3.0188082e-07,6000,8640,2.105568e-05)
v=vFPQ_NiDBIU__#02-42-00_02-48-00_label_A.mp4|0.0004558346|(3,3001,0.0004558346,3000,6001,1.8032589e-08,6000,8640,3.1559553e-09)
v=VGP9qh7U4H0__#1_label_A.mp4|0.0027765618|(2,3001,2.641786e-05,3000,5284,0.0027765618)
v=vhACO_m5pH0__#00-09-42_00-10-40_label_B6-0-0.mp4|0.993972|(1,1394,0.993972)
v=vhACO_m5pH0__#00-10-42_00-11-40_label_B6-0-0.mp4|0.9778758|(1,1394,0.9778758)
v=vhACO_m5pH0__#00-14-42_00-15-40_label_B6-0-0.mp4|0.99659306|(1,1394,0.99659306)
v=vhACO_m5pH0__#00-17-42_00-18-40_label_B6-0-0.mp4|0.98577523|(1,1394,0.98577523)
v=vhACO_m5pH0__#00-20-42_00-22-40_label_B6-0-0.mp4|0.970597|(1,2834,0.970597)
v=vHnAmx0UYbM__#1_label_A.mp4|0.053757366|(7,3001,1.6021439e-05,3000,6001,3.189911e-05,6000,9001,1.4865213e-07,9000,12001,0.00016900981,12000,15001,7.0085533e-09,15000,18001,3.3727292e-06,18000,20045,0.053757366)
v=v_LxqgpRouM__#1_label_G-0-0.mp4|0.9998667|(1,889,0.9998667)
v=VNQ1Vkz_cM4__#1_label_A.mp4|4.392685e-05|(2,3001,2.0534442e-05,3000,5622,4.392685e-05)
v=v-Plzx73K68__#1_label_B4-0-0.mp4|0.9992766|(1,1016,0.9992766)
v=vp_W8CqtCug__#1_label_A.mp4|9.73161e-07|(2,3001,9.709047e-07,3000,3806,9.73161e-07)
v=vQ9AwVrM9pU__#1_label_A.mp4|4.5030633e-06|(2,3001,4.5030633e-06,138,3138,2.8387053e-08)
v=VRn8Tc02TbU__#00-18-00_00-21-00_label_A.mp4|1.8294171e-05|(2,3001,3.5775975e-07,3000,4322,1.8294171e-05)
v=vsI_pKNcgeQ__#00-15-00_00-18-00_label_A.mp4|1.0055659e-07|(2,3001,1.0055659e-07,3000,4322,4.2049795e-08)
v=vv-MFJPi4Qs__#1_label_G-0-0.mp4|0.99999976|(1,1004,0.99999976)
v=w16YmhAZ1_Y__#1_label_G-0-0.mp4|1.0|(1,1480,1.0)
v=w2NgAYJHnS0__#1_label_G-0-0.mp4|0.052017987|(1,1011,0.052017987)
v=W5qLlC9il3s__#1_label_A.mp4|0.011143766|(1,1385,0.011143766)
v=waIS8TaJxts__#00-00-00_00-00-51_label_B6-0-0.mp4|1.0|(1,1226,1.0)
v=waIS8TaJxts__#00-01-30_00-02-45_label_B6-0-0.mp4|1.0|(1,1802,1.0)
v=waIS8TaJxts__#00-05-50_00-06-20_label_B6-0-0.mp4|0.99999547|(1,723,0.99999547)
v=waIS8TaJxts__#00-07-40_00-08-50_label_B6-0-0.mp4|0.9983486|(1,1682,0.9983486)
v=waIS8TaJxts__#00-09-00_00-10-45_label_B6-0-0.mp4|0.9999958|(1,2522,0.9999958)
v=Wc2QW06H48M__#1_label_A.mp4|0.30176052|(1,1554,0.30176052)
v=wG-2t0M8CPc__#1_label_B1-0-0.mp4|0.0014154724|(1,2073,0.0014154724)
v=WiS3TIvykeY__#1_label_B4-0-0.mp4|0.9582452|(1,1562,0.9582452)
v=wnd3IYH7x1o__#1_label_G-0-0.mp4|0.99999785|(1,1139,0.99999785)
v=Wp6gzFUaci8__#1_label_A.mp4|5.1482853e-06|(1,2780,5.1482853e-06)
v=wPkBaI6vOv0__#00-00-00_00-01-00_label_G-0-0.mp4|0.98805076|(1,1442,0.98805076)
v=wQrV75N2BrI__#1_label_A.mp4|0.1851724|(12,3001,0.01887011,3000,6001,0.0023020655,6000,9001,0.1851724,9000,12001,0.033314772,12000,15001,8.348887e-05,15000,18001,8.7659755e-05,18000,21001,1.4438396e-05,21000,24001,5.494368e-05,24000,27001,0.00015659067,27000,30001,0.009772615,30000,33001,0.00011205669,30196,33196,0.00042326795)
v=wVey5JDRf_g__#00-00-00_00-01-20_label_B6-0-0.mp4|1.0|(1,1922,1.0)
v=wVey5JDRf_g__#00-01-30_00-02-41_label_B6-0-0.mp4|0.99999976|(1,1706,0.99999976)
v=wVey5JDRf_g__#00-04-09_00-05-06_label_B6-0-0.mp4|1.0|(1,1371,1.0)
v=x0-z4h6mFoU__#1_label_A.mp4|1.5405972e-06|(2,3001,4.6053188e-08,3000,4610,1.5405972e-06)
v=X1arMZmYhsk__#00-13-00_00-14-09_label_B6-0-0.mp4|1.0|(1,1658,1.0)
v=X4I8FhpGJwo__#00-07-40_00-08-50_label_B6-0-0.mp4|0.9951331|(1,1682,0.9951331)
v=X4I8FhpGJwo__#00-09-00_00-10-45_label_B6-0-0.mp4|0.9999999|(1,2522,0.9999999)
v=X60PecZRLGE__#1_label_A.mp4|3.7506304e-08|(1,2644,3.7506304e-08)
v=X6Tbn8_X-Os__#1_label_B1-0-0.mp4|0.013510232|(2,3001,0.013510232,3000,4899,0.0005597051)
v=xbPWQKZspfU__#1_label_B1-0-0.mp4|0.9999999|(2,3001,0.9999999,3000,5034,0.53151405)
v=xe4ee56aHSg__#1_label_G-0-0.mp4|0.9999993|(1,532,0.9999993)
v=Y1hxr1MWLjM__#1_label_B1-0-0.mp4|5.3640182e-05|(2,3001,5.3640182e-05,71,3071,5.795533e-06)
v=y1z12D5bx7c__#1_label_B4-0-0.mp4|0.9999958|(2,3001,0.99988055,3000,4850,0.9999958)
v=Y43UkfAe_bc__#00-00-00_00-01-40_label_B4-0-0.mp4|0.003653818|(1,2402,0.003653818)
v=y7JEq-kf-2I__#00-01-50_00-02-30_label_A.mp4|0.0001823553|(1,960,0.0001823553)
v=y7vIfdKwHDk__#1_label_A.mp4|0.9938632|(2,3001,0.00015192709,3000,4182,0.9938632)
v=YANmwpkuWRo__#1_label_G-0-0.mp4|0.019459127|(1,1080,0.019459127)
v=yDqThVpu1AM__#1_label_B4-0-0.mp4|3.3757307e-05|(1,744,3.3757307e-05)
v=YdrISbwy_zI__#1_label_G-0-0.mp4|1.0|(1,1723,1.0)
v=YhCSFZNwfHc__#00-01-15_00-01-42_label_G-B2-0.mp4|0.9997658|(1,648,0.9997658)
v=YKtw6uLEGps__#1_label_B4-0-0.mp4|0.99994767|(1,2934,0.99994767)
v=_YobflFU_HU__#00-06-10_00-07-51_label_B6-0-0.mp4|1.0|(1,2426,1.0)
v=Yr41_8QOTF8__#00-09-00_00-12-00_label_A.mp4|8.540439e-06|(2,3001,4.8767224e-06,3000,4321,8.540439e-06)
v=Yr41_8QOTF8__#00-21-00_00-24-00_label_A.mp4|0.11413191|(2,3001,2.480404e-07,3000,4321,0.11413191)
v=yrpZJ8Vr3aA__#1_label_B1-0-0.mp4|0.34939575|(1,2354,0.34939575)
v=yviKz5J-pEA__#1_label_A.mp4|0.00052812643|(2,3001,6.460335e-05,3000,3731,0.00052812643)
v=yvnj5VIDsNI__#1_label_B4-0-0.mp4|0.9996526|(2,3001,0.9996526,3000,4890,0.9936366)
v=yy-KIWDcBr4__#00-08-35_00-10-25_label_B6-0-0.mp4|0.9999404|(1,2642,0.9999404)
v=yy-KIWDcBr4__#00-16-10_00-17-19_label_B6-0-0.mp4|0.99999976|(1,1658,0.99999976)
v=yZ2wlTAN49g__#00-03-00_00-06-00_label_A.mp4|6.897336e-05|(2,3001,6.897336e-05,3000,4322,3.3094227e-06)
v=Z12t5h2mBJc__#1_label_B1-0-0.mp4|0.8908405|(2,3001,0.8908405,3000,5047,0.5740552)
v=ZCjNPgNu42g__#1_label_B4-0-0.mp4|0.9999857|(2,3001,0.9153786,3000,3483,0.9999857)
v=zI0q5UDP47g__#1_label_B4-0-0.mp4|1.0|(2,3001,1.0,3000,3603,0.99999976)
v=ZkUciDD55kA__#00-00-00_00-00-30_label_G-0-0.mp4|0.98984665|(1,722,0.98984665)
v=ZnFlL84K7HE__#00-27-53_00-34-45_label_B4-0-0.mp4|0.99432904|(4,3001,0.93018436,3000,6001,0.29411674,6000,9001,0.85919,9000,9890,0.99432904)
v=zoIn2hOrUIM__#00-01-00_00-02-45_label_B6-0-0.mp4|1.0|(1,2522,1.0)
v=zoIn2hOrUIM__#00-06-10_00-07-19_label_B6-0-0.mp4|1.0|(1,1658,1.0)
v=ZoS8gm5OcOM__#00-06-20_00-07-30_label_B6-0-0.mp4|0.9999999|(1,1682,0.9999999)
v=ZoS8gm5OcOM__#00-07-50_00-08-55_label_B6-0-0.mp4|0.88246036|(1,1562,0.88246036)
v=ZpWR_YZNZTM__#1_label_A.mp4|2.9859611e-05|(2,3001,7.943422e-06,3000,3437,2.9859611e-05)
v=zQbnQBCTSiA__#1_label_B1-0-0.mp4|0.99999976|(2,3001,0.99999976,3000,5695,0.99999976)
wangted.2008__#0-22-55_0-23-40_label_B2-0-0.mp4|0.999353|(1,1081,0.999353)
wangted.2008__#0-27-17_0-28-07_label_A.mp4|0.9692257|(1,1200,0.9692257)
wangted.2008__#0-45-25_0-47-01_label_B1-0-0.mp4|0.99920976|(1,2305,0.99920976)
wangted.2008__#0-48-30_0-49-00_label_B2-0-0.mp4|0.99999857|(1,721,0.99999857)
Yellow.Sea.2010__#00-10-16_00-11-14_label_A.mp4|0.0042852834|(1,1393,0.0042852834)
Yellow.Sea.2010__#01-04-00_01-04-50_label_B1-0-0.mp4|0.9998759|(1,1200,0.9998759)
Yellow.Sea.2010__#01-05-40_01-06-47_label_B1-B2-0.mp4|0.99994195|(1,1609,0.99994195)
Yellow.Sea.2010__#01-58-30_01-59-27_label_B5-0-0.mp4|0.99999774|(1,1369,0.99999774)
Young.And.Dangerous.I.1996__#0-20-50_0-22-15_label_B1-0-0.mp4|2.0110386e-07|(1,2041,2.0110386e-07)
Young.And.Dangerous.I.1996__#0-46-25_0-46-55_label_B6-0-0.mp4|0.99983|(1,722,0.99983)
Young.And.Dangerous.I.1996__#0-46-57_0-48-57_label_B1-0-0.mp4|0.9999999|(1,2881,0.9999999)
Young.And.Dangerous.I.1996__#0-55-09_0-56-59_label_A.mp4|3.5453448e-07|(1,2641,3.5453448e-07)
Young.And.Dangerous.II.1996__#0-53-25_0-54-20_label_A.mp4|2.7638387e-07|(1,1322,2.7638387e-07)
Young.And.Dangerous.III.1996__#00-15-52_00-17-00_label_A.mp4|8.17201e-09|(1,1634,8.17201e-09)
Young.And.Dangerous.III.1996__#00-23-00_00-25-54_label_B4-0-0.mp4|0.006753224|(2,3001,0.0004686916,3000,4178,0.006753224)
Young.And.Dangerous.IV.1997__#0-10-35_0-11-50_label_A.mp4|4.7065794e-07|(1,1801,4.7065794e-07)
Young.And.Dangerous.IV.1997__#01-07-50_01-09-45_label_B1-0-0.mp4|0.92008567|(1,2761,0.92008567)
Young.And.Dangerous.IV.1997__#01-32-04_01-32-58_label_B1-0-0.mp4|0.96427965|(1,1297,0.96427965)
Your.Name.2016__#00-05-52_00-08-22_label_A.mp4|0.024657434|(2,3001,0.0056121247,3000,3601,0.024657434)
Your.Name.2016__#01-01-20_01-04-00_label_A.mp4|0.9999999|(2,3001,0.14689888,3000,3841,0.9999999)
