A.Beautiful.Mind.2001__#00-25-20_00-29-20_label_A.mp4|0.0023681384|(2,3001,0.00012985215,3000,5761,0.0023681384)
A.Beautiful.Mind.2001__#00-40-52_00-42-01_label_A.mp4|0.25243306|(1,1657,0.25243306)
A.Beautiful.Mind.2001__#00-50-26_00-55-16_label_A.mp4|0.69540584|(3,3001,0.01737666,3000,6001,0.03388227,6000,6962,0.69540584)
A.Beautiful.Mind.2001__#01-14-30_01-16-59_label_A.mp4|0.002070809|(2,3001,6.710914e-05,3000,3577,0.002070809)
About.Time.2013__#00-23-50_00-24-31_label_A.mp4|0.13736449|(1,985,0.13736449)
About.Time.2013__#00-30-50_00-32-31_label_A.mp4|0.6532962|(1,2425,0.6532962)
About.Time.2013__#00-40-52_00-42-31_label_A.mp4|0.0027512044|(1,2377,0.0027512044)
Bad.Boys.1995__#00-10-00_00-11-52_label_A.mp4|0.04516609|(1,2689,0.04516609)
Bad.Boys.1995__#01-11-55_01-12-40_label_G-B2-B6.mp4|0.9962792|(1,1081,0.9962792)
Bad.Boys.1995__#01-33-51_01-34-37_label_B2-0-0.mp4|0.99232703|(1,1104,0.99232703)
Bad.Boys.II.2003__#00-06-42_00-10-00_label_B2-G-0.mp4|0.8699376|(2,3001,0.8699376,3000,4753,0.41368616)
Bad.Boys.II.2003__#01-11-16_01-14-00_label_A.mp4|0.0013438873|(2,3001,0.00079875125,3000,3937,0.0013438873)
Before.Sunrise.1995__#00-03-00_00-04-05_label_A.mp4|0.0030261155|(1,1561,0.0030261155)
Before.Sunrise.1995__#00-04-20_00-05-35_label_A.mp4|0.0115703475|(1,1801,0.0115703475)
Before.Sunrise.1995__#00-23-50_00-24-31_label_A.mp4|0.12756172|(1,985,0.12756172)
Before.Sunrise.1995__#00-40-52_00-42-01_label_A.mp4|0.0012499243|(1,1657,0.0012499243)
Before.Sunrise.1995__#00-42-52_00-45-31_label_A.mp4|0.00038632815|(2,3001,0.00038632815,3000,3817,0.00018338773)
Before.Sunrise.1995__#01-36-45_01-38-10_label_A.mp4|0.056012288|(1,2040,0.056012288)
Before.Sunset.2004__#00-23-50_00-24-31_label_A.mp4|0.40543488|(1,985,0.40543488)
Before.Sunset.2004__#01-14-30_01-16-51_label_A.mp4|0.27090386|(2,3001,0.010833431,3000,3385,0.27090386)
Be.with.You.2018__#00-04-20_00-05-35_label_A.mp4|0.07155126|(1,1801,0.07155126)
Be.with.You.2018__#00-16-18_00-18-09_label_A.mp4|0.025045121|(1,2665,0.025045121)
Be.with.You.2018__#00-23-50_00-24-31_label_A.mp4|0.005211914|(1,985,0.005211914)
Be.with.You.2018__#01-14-30_01-16-59_label_A.mp4|0.043078084|(2,3001,0.010464395,3000,3577,0.043078084)
Be.with.You.2018__#01-42-06_01-45-53_label_A.mp4|0.21683306|(2,3001,0.022231057,3000,5449,0.21683306)
Black.Hawk.Down.2001__#00-06-44_00-07-39_label_A.mp4|0.32245094|(1,1321,0.32245094)
Black.Hawk.Down.2001__#01-13-59_01-14-49_label_B2-0-0.mp4|0.87251383|(1,1201,0.87251383)
Black.Hawk.Down.2001__#01-32-40_01-34-00_label_B4-0-0.mp4|0.99798954|(1,1921,0.99798954)
Black.Hawk.Down.2001__#01-36-44_01-37-33_label_A.mp4|0.16826566|(1,1176,0.16826566)
Black.Hawk.Down.2001__#01-42-58_01-43-58_label_G-0-0.mp4|0.18567915|(1,1441,0.18567915)
Black.Hawk.Down.2001__#02-00-12_02-01-29_label_B2-0-0.mp4|0.99623185|(1,1850,0.99623185)
Braveheart.1995__#00-56-30_00-57-20_label_B1-0-0.mp4|0.6990678|(1,1200,0.6990678)
Braveheart.1995__#01-26-50_01-32-30_label_B1-0-0.mp4|0.9979855|(3,3001,0.9979855,3000,6001,0.9932073,6000,8161,0.85217685)
Braveheart.1995__#02-05-34_02-06-40_label_B1-0-0.mp4|0.99153465|(1,1585,0.99153465)
Braveheart.1995__#02-07-00_02-08-15_label_B1-0-0.mp4|0.9919133|(1,1802,0.9919133)
Brick.Mansions.2014__#00-08-37_00-10-04_label_A.mp4|0.57499397|(1,2088,0.57499397)
Brick.Mansions.2014__#00-11-57_00-12-12_label_B2-0-0.mp4|0.265804|(1,360,0.265804)
Brick.Mansions.2014__#00-16-26_00-17-12_label_B1-0-0.mp4|0.99820876|(1,1104,0.99820876)
Brick.Mansions.2014__#00-41-25_00-42-36_label_B1-0-0.mp4|0.31458446|(1,1704,0.31458446)
Brick.Mansions.2014__#01-02-00_01-02-43_label_B2-0-0.mp4|0.9453838|(1,1032,0.9453838)
Bullet.in.the.Head.1990__#00-03-59_00-04-40_label_A.mp4|0.1314805|(1,985,0.1314805)
Bullet.in.the.Head.1990__#00-17-20_00-18-55_label_B1-0-0.mp4|0.2788549|(1,2281,0.2788549)
Bullet.in.the.Head.1990__#00-23-31_00-24-40_label_G-0-0.mp4|0.029685099|(1,1657,0.029685099)
Bullet.in.the.Head.1990__#00-25-11_00-26-15_label_A.mp4|0.020417657|(1,1537,0.020417657)
Bullet.in.the.Head.1990__#00-41-30_00-44-16_label_B4-G-0.mp4|0.24803655|(2,3001,0.24803655,3000,3986,0.24439158)
Bullet.in.the.Head.1990__#00-51-46_00-52-50_label_A.mp4|0.022479655|(1,1537,0.022479655)
Bullet.in.the.Head.1990__#01-26-30_01-27-34_label_B2-0-0.mp4|0.0047733327|(1,1537,0.0047733327)
Bullet.in.the.Head.1990__#01-45-21_01-46-20_label_B2-0-0.mp4|0.9666553|(1,1417,0.9666553)
Bullet.in.the.Head.1990__#01-58-25_01-59-30_label_A.mp4|0.01072391|(1,1561,0.01072391)
Bullet.in.the.Head.1990__#02-02-00_02-05-22_label_B2-B6-G.mp4|0.50020266|(2,3001,0.50020266,3000,4849,0.055400804)
Casino.Royale.2006__#00-18-30_00-19-20_label_G-B2-0.mp4|0.18396091|(1,1201,0.18396091)
Casino.Royale.2006__#00-28-10_00-30-10_label_A.mp4|0.00046823436|(1,2881,0.00046823436)
Casino.Royale.2006__#00-50-05_00-51-16_label_B1-B2-B6.mp4|0.9718551|(1,1705,0.9718551)
Casino.Royale.2006__#00-51-16_00-52-41_label_B1-B6-0.mp4|0.992593|(1,2041,0.992593)
Casino.Royale.2006__#01-17-29_01-17-46_label_B1-0-0.mp4|0.8396241|(1,409,0.8396241)
Casino.Royale.2006__#01-46-40_01-47-14_label_B6-0-0.mp4|0.99694|(1,817,0.99694)
City.of.God.2002__#00-33-10_00-34-50_label_A.mp4|0.018880157|(1,2401,0.018880157)
City.of.God.2002__#00-37-20_00-38-02_label_B5-0-0.mp4|0.0010785188|(1,1009,0.0010785188)
City.of.God.2002__#00-40-16_00-41-30_label_B2-0-0.mp4|0.19809785|(1,1778,0.19809785)
City.of.God.2002__#01-24-10_01-25-10_label_B2-0-0.mp4|0.9955112|(1,1441,0.9955112)
City.of.God.2002__#01-52-20_01-54-32_label_B2-0-0.mp4|0.9815517|(2,3001,0.9316511,169,3169,0.9815517)
City.Of.Men.2007__#00-51-50_00-53-31_label_B2-0-0.mp4|0.9306262|(1,2425,0.9306262)
City.Of.Men.2007__#00-57-37_00-58-27_label_B2-0-0.mp4|0.366338|(1,1200,0.366338)
City.Of.Men.2007__#01-17-27_01-17-59_label_B2-0-0.mp4|0.8624894|(1,769,0.8624894)
City.Of.Men.2007__#01-35-30_01-36-00_label_B2-0-0.mp4|0.7383966|(1,721,0.7383966)
City.Of.Men.2007__#01-36-01_01-37-31_label_A.mp4|0.017738601|(1,2161,0.017738601)
Crank.Dircut.2006__#0-27-42_0-29-01_label_B1-0-0.mp4|0.6358118|(1,1898,0.6358118)
Deadpool.2016__#0-18-35_0-18-55_label_A.mp4|0.001424235|(1,481,0.001424235)
Deadpool.2016__#0-18-58_0-19-20_label_B1-0-0.mp4|0.91380614|(1,529,0.91380614)
Deadpool.2.2018__#0-02-35_0-03-12_label_A.mp4|0.25410837|(1,890,0.25410837)
Deadpool.2.2018__#0-04-46_0-05-01_label_B2-0-0.mp4|0.18452074|(1,361,0.18452074)
Deadpool.2.2018__#01-03-09_01-03-54_label_B4-0-0.mp4|0.041860048|(1,1081,0.041860048)
Deadpool.2.2018__#0-50-30_0-51-20_label_B1-0-0.mp4|0.09054276|(1,1201,0.09054276)
Death.Proof.2007__#00-02-04_00-05-00_label_A.mp4|0.0074095624|(2,3001,0.0074095624,3000,4225,0.0005762192)
Death.Proof.2007__#00-45-05_00-47-36_label_B5-0-0.mp4|0.9973803|(2,3001,0.15151748,3000,3625,0.9973803)
Death.Proof.2007__#01-40-41_01-42-17_label_B5-B6-0.mp4|0.34781376|(1,2305,0.34781376)
Desperado.1995__#00-16-48_00-18-52_label_B1-0-0.mp4|0.6346404|(1,2977,0.6346404)
Desperado.1995__#00-19-00_00-20-31_label_A.mp4|0.004359732|(1,2185,0.004359732)
Desperado.1995__#00-38-36_00-39-21_label_B1-B2-0.mp4|0.41875345|(1,1081,0.41875345)
Desperado.1995__#01-14-11_01-17-28_label_B2-G-0.mp4|0.9335656|(2,3001,0.9335656,3000,4729,0.059759878)
Desperado.1995__#01-22-10_01-23-17_label_A.mp4|9.1638336e-05|(1,1609,9.1638336e-05)
Election.2005__#00-03-35_00-05-05_label_A.mp4|0.15215611|(1,2160,0.15215611)
Election.2005__#00-47-57_00-50-54_label_B5-0-0.mp4|0.032948088|(2,3001,0.032948088,3000,4248,0.001776466)
Fast.Five.2011__#00-01-41_00-01-57_label_B6-0-0.mp4|0.99798775|(1,385,0.99798775)
Fast.Five.2011__#00-32-05_00-32-24_label_B1-B2-0.mp4|0.99877006|(1,457,0.99877006)
Fast.Five.2011__#00-32-56_00-33-26_label_B2-0-0.mp4|0.6483954|(1,721,0.6483954)
Fast.Five.2011__#01-29-27_01-32-05_label_B1-0-0.mp4|0.99842453|(2,3001,0.99842453,3000,3793,0.12263419)
Fast.Five.2011__#01-59-16_02-01-12_label_A.mp4|0.003968378|(1,2785,0.003968378)
Fast.Furious.2009__#00-21-06_00-21-57_label_B6-B2-0.mp4|0.16767073|(1,1225,0.16767073)
Fast.Furious.2009__#00-25-59_00-26-25_label_B1-0-0.mp4|0.95454985|(1,625,0.95454985)
Fast.Furious.2009__#00-42-10_00-42-41_label_B6-0-0.mp4|0.9999801|(1,745,0.9999801)
Fast.Furious.2009__#01-08-33_01-10-18_label_A.mp4|0.051622037|(1,2521,0.051622037)
Fast.Furious.2009__#01-18-00_01-19-00_label_B2-B6-0.mp4|0.9310887|(1,1441,0.9310887)
Fast.Furious.2009__#01-29-10_01-29-55_label_B2-0-0.mp4|0.8384217|(1,1080,0.8384217)
Fast.Furious.6.2013__#00-45-40_00-47-13_label_B2-0-0.mp4|0.98585665|(1,2233,0.98585665)
Fast.Furious.6.2013__#01-03-25_01-04-59_label_B1-0-0.mp4|0.77659404|(1,2256,0.77659404)
Fast.Furious.6.2013__#01-37-00_01-38-05_label_A.mp4|0.00052249944|(1,1561,0.00052249944)
Fast.Furious.6.2013__#01-38-33_01-39-20_label_B1-0-0.mp4|0.95693|(1,1129,0.95693)
Flipped.2010__#00-08-55_00-10-50_label_A.mp4|0.001071246|(1,2762,0.001071246)
Flipped.2010__#00-42-52_00-45-31_label_A.mp4|0.030802695|(2,3001,0.0038655184,3000,3817,0.030802695)
Flipped.2010__#00-45-40_00-47-30_label_A.mp4|0.03178069|(1,2641,0.03178069)
Flipped.2010__#01-07-30_01-09-51_label_A.mp4|0.6617816|(2,3001,0.24842145,3000,3384,0.6617816)
Flipped.2010__#01-10-30_01-13-51_label_A.mp4|0.012463691|(2,3001,0.00553903,3000,4825,0.012463691)
From.Dusk.Till.Dawn.1996__#00-31-52_00-34-21_label_A.mp4|0.9738066|(2,3001,0.0033844926,3000,3576,0.9738066)
Fury.2014__#00-07-30_00-07-58_label_G-0-0.mp4|0.41646326|(1,673,0.41646326)
Fury.2014__#00-39-36_00-40-44_label_B1-B2-0.mp4|0.85447615|(1,1634,0.85447615)
Fury.2014__#01-13-32_01-14-43_label_A.mp4|0.0005451667|(1,1705,0.0005451667)
Gladiator.2000__#01-10-27_01-11-59_label_B1-0-0.mp4|0.62568146|(1,2208,0.62568146)
Gladiator.2000__#02-43-00_02-43-59_label_A.mp4|0.08380469|(1,1417,0.08380469)
God.Bless.America.2011__#00-12-40_00-13-12_label_B2-0-0.mp4|0.3519897|(1,769,0.3519897)
God.Bless.America.2011__#00-38-25_00-39-37_label_B2-B5-0.mp4|0.084472895|(1,1729,0.084472895)
God.Bless.America.2011__#00-51-00_00-52-00_label_A.mp4|0.09697437|(1,1441,0.09697437)
God.Bless.America.2011__#00-58-09_01-04-00_label_A.mp4|0.077853404|(3,3001,0.077853404,3000,6001,0.003911545,6000,8425,0.023218306)
God.Bless.America.2011__#01-23-13_01-25-31_label_A.mp4|0.021495529|(2,3001,0.021495529,3000,3313,0.019981217)
God.Bless.America.2011__#01-32-00_01-32-50_label_B2-0-0.mp4|0.6720876|(1,1201,0.6720876)
GoldenEye.1995__#00-10-00_00-10-40_label_G-0-0.mp4|0.8127033|(1,961,0.8127033)
GoldenEye.1995__#00-24-53_00-25-06_label_B1-0-0.mp4|0.9999211|(1,313,0.9999211)
GoldenEye.1995__#00-56-11_00-56-51_label_A.mp4|0.021132808|(1,962,0.021132808)
GoldenEye.1995__#01-02-11_01-03-43_label_A.mp4|0.00048427656|(1,2209,0.00048427656)
GoldenEye.1995__#01-17-05_01-19-57_label_B2-B1-0.mp4|0.9999181|(2,3001,0.95545477,3000,4129,0.9999181)
GoldenEye.1995__#01-33-40_01-34-30_label_A.mp4|0.011815286|(1,1201,0.011815286)
GoldenEye.1995__#02-02-15_02-02-47_label_B1-0-0.mp4|0.9947207|(1,770,0.9947207)
GoldenEye.1995__#02-03-40_02-04-13_label_G-0-0.mp4|0.519905|(1,794,0.519905)
Good.Will.Hunting.1997__#00-08-55_00-10-50_label_A.mp4|0.0018513412|(1,2762,0.0018513412)
Good.Will.Hunting.1997__#00-58-18_01-02-30_label_A.mp4|0.018326752|(3,3001,0.0016910027,3000,6001,0.009720523,3049,6049,0.018326752)
Haywire.2011__#00-02-06_00-03-29_label_A.mp4|0.0045053656|(1,1993,0.0045053656)
Haywire.2011__#00-03-51_00-05-12_label_B1-B2-0.mp4|0.26611283|(1,1945,0.26611283)
Haywire.2011__#00-16-07_00-16-49_label_B1-0-0.mp4|0.012324597|(1,1008,0.012324597)
Haywire.2011__#00-39-07_00-41-48_label_B1-B2-0.mp4|0.32208338|(2,3001,0.32208338,3000,3865,0.0382695)
Haywire.2011__#01-20-20_01-21-57_label_B1-0-0.mp4|0.9399028|(1,2329,0.9399028)
Hear.Me.2009__#00-30-50_00-32-31_label_A.mp4|0.00020333467|(1,2425,0.00020333467)
Hear.Me.2009__#00-49-48_00-51-12_label_A.mp4|0.00011696339|(1,2017,0.00011696339)
Hot.Fuzz.2007__#00-19-20_00-22-06_label_A.mp4|0.004033857|(2,3001,0.00013825699,3000,3986,0.004033857)
Ip.Man.2008__#00-02-56_00-05-24_label_A.mp4|0.009186114|(2,3001,0.00021839984,3000,3553,0.009186114)
Ip.Man.2008__#00-40-25_00-40-45_label_A.mp4|0.015118524|(1,481,0.015118524)
Ip.Man.2008__#00-46-51_00-47-30_label_B1-0-0.mp4|0.99642605|(1,937,0.99642605)
Ip.Man.2008__#00-48-57_00-50-47_label_B1-0-0.mp4|0.9464478|(1,2641,0.9464478)
Ip.Man.2008__#01-04-27_01-06-22_label_A.mp4|0.015505083|(1,2761,0.015505083)
Ip.Man.2008__#01-14-31_01-15-24_label_B1-0-0.mp4|0.106302746|(1,1274,0.106302746)
Ip.Man.2008__#01-40-37_01-42-07_label_B4-0-0.mp4|0.011153755|(1,2161,0.011153755)
IP.Man.2.2010__#00-02-50_00-06-45_label_A.mp4|0.019480715|(2,3001,0.00094604254,3000,5640,0.019480715)
IP.Man.2.2010__#00-07-14_00-09-13_label_B1-0-0.mp4|0.13259372|(1,2856,0.13259372)
IP.Man.2.2010__#00-54-00_00-57-12_label_A.mp4|0.48317048|(2,3001,0.013141724,3000,4608,0.48317048)
IP.Man.2.2010__#01-35-55_01-39-11_label_B1-0-0.mp4|0.9962586|(2,3001,0.98518884,3000,4704,0.9962586)
IP.Man.2.2010__#01-44-00_01-44-42_label_A.mp4|0.0002791223|(1,1008,0.0002791223)
Ip.Man.3.2015__#00-17-51_00-18-51_label_B1-0-0.mp4|0.0045201657|(1,1440,0.0045201657)
Ip.Man.3.2015__#00-44-45_00-45-08_label_B1-0-0.mp4|0.8968365|(1,552,0.8968365)
Ip.Man.3.2015__#00-46-08_00-54-20_label_B1-0-0.mp4|0.31480765|(4,3001,0.0014958852,3000,6001,0.0028580802,6000,9001,0.31480765,9000,11808,0.02156282)
Jason.Bourne.2016__#0-17-25_0-18-53_label_B4-0-0.mp4|0.9986327|(1,2112,0.9986327)
Jason.Bourne.2016__#0-29-48_0-30-29_label_B4-0-0.mp4|0.9993148|(1,985,0.9993148)
Jason.Bourne.2016__#0-50-20_0-50-30_label_G-0-0.mp4|0.99107766|(1,241,0.99107766)
Jason.Bourne.2016__#0-51-37_0-53-20_label_A.mp4|0.041100923|(1,2473,0.041100923)
Kill.Bill.Vol.1.2003__#00-21-42_00-22-42_label_A.mp4|0.0009774733|(1,1441,0.0009774733)
Kill.Bill.Vol.1.2003__#01-08-15_01-09-15_label_A.mp4|0.73467594|(1,1441,0.73467594)
Kill.Bill.Vol.1.2003__#01-17-20_01-20-20_label_B1-0-0.mp4|0.99027866|(2,3001,0.083082944,3000,4321,0.99027866)
Kill.Bill.Vol.1.2003__#01-21-39_01-26-55_label_B1-0-0.mp4|0.4363989|(3,3001,0.4363989,3000,6001,0.3715648,6000,7585,0.06672089)
Kill.Bill.Vol.1.2003__#01-26-56_01-28-18_label_B1-0-0.mp4|0.122735195|(1,1969,0.122735195)
Kill.Bill.Vol.2.2004__#01-03-13_01-04-13_label_A.mp4|0.0009214652|(1,1441,0.0009214652)
Kill.Bill.Vol.2.2004__#0-25-20_0-26-20_label_B2-0-0.mp4|0.0014929319|(1,1441,0.0014929319)
Kingsman.The.Golden.Circle.2017__#00-35-55_00-36-35_label_B1-0-0.mp4|0.4972109|(1,962,0.4972109)
Kingsman.The.Golden.Circle.2017__#00-41-22_00-41-32_label_B2-0-0.mp4|0.35470527|(1,241,0.35470527)
Kingsman.The.Golden.Circle.2017__#00-44-52_00-46-20_label_A.mp4|0.09084732|(1,2113,0.09084732)
Kingsman.The.Golden.Circle.2017__#02-09-30_02-10-45_label_A.mp4|0.0022091065|(1,1801,0.0022091065)
Kingsman.The.Secret.Service.2014__#00-22-10_00-23-10_label_B2-0-0.mp4|0.7592814|(1,1441,0.7592814)
Kingsman.The.Secret.Service.2014__#00-25-29_00-26-24_label_A.mp4|0.033668343|(1,1321,0.033668343)
Kingsman.The.Secret.Service.2014__#01-43-40_01-44-50_label_B2-G-0.mp4|0.2887393|(1,1681,0.2887393)
Law.Abiding.Citizen.2009__#00-00-35_00-01-31_label_A.mp4|0.009880495|(1,1345,0.009880495)
Law.Abiding.Citizen.2009__#01-26-34_01-27-25_label_B2-0-0.mp4|0.45995915|(1,1225,0.45995915)
Lord.of.War__#00-50-10_00-50-50_label_G-0-0.mp4|0.9228298|(1,961,0.9228298)
Lord.of.War__#00-59-20_01-00-35_label_A.mp4|0.008252153|(1,1801,0.008252153)
Lord.of.War__#01-41-04_01-41-53_label_B1-0-0.mp4|0.012266076|(1,1177,0.012266076)
Love.Actually.2003__#00-51-55_00-55-16_label_A.mp4|0.011550868|(2,3001,0.005280848,3000,4826,0.011550868)
Love.Actually.2003__#01-04-40_01-06-59_label_A.mp4|0.0055551096|(2,3001,0.0055551096,3000,3336,0.004659549)
Love.Actually.2003__#01-17-00_01-19-40_label_A.mp4|0.0044344785|(2,3001,0.0016329772,3000,3842,0.0044344785)
Love.Actually.2003__#01-34-18_01-38-11_label_A.mp4|0.015796566|(2,3001,0.015796566,3000,5593,0.0007015704)
Love.Actually.2003__#01-39-05_01-46-40_label_A.mp4|0.009008919|(4,3001,5.1208357e-05,3000,6001,0.0020600492,6000,9001,0.009008919,9000,10921,0.0022323956)
Love.Death.and.Robots.S01E02__#00-03-15_00-04-20_label_A.mp4|0.004426543|(1,1560,0.004426543)
Love.Death.and.Robots.S01E04__#00-14-28_00-15-27_label_A.mp4|0.011075769|(1,1416,0.011075769)
Love.Death.and.Robots.S01E10__#0-01-00_0-02-13_label_B2-G-0.mp4|0.27584594|(1,1752,0.27584594)
Love.Death.and.Robots.S01E13__#0-11-48_0-12-07_label_G-0-0.mp4|0.98011255|(1,456,0.98011255)
Love.Death.and.Robots.S01E15__#0-05-38_0-06-18_label_G-0-0.mp4|0.99570894|(1,960,0.99570894)
Love.Me.If.You.Dare.2003__#00-11-20_00-15-08_label_A.mp4|0.0536435|(2,3001,0.041096777,3000,5474,0.0536435)
Love.Me.If.You.Dare.2003__#00-33-52_00-39-00_label_A.mp4|0.2181615|(3,3001,0.0015602808,3000,6001,0.0106444685,6000,7394,0.2181615)
Love.Me.If.You.Dare.2003__#01-04-40_01-06-59_label_A.mp4|0.012016264|(2,3001,0.0020895158,3000,3338,0.012016264)
Mindhunters.2004__#01-19-00_01-20-05_label_B2-0-0.mp4|0.94183797|(1,1561,0.94183797)
Mission.Impossible.Fallout.2018__#00-31-21_00-32-50_label_B1-0-0.mp4|0.79767984|(1,2136,0.79767984)
Mission.Impossible.Fallout.2018__#00-39-18_00-40-36_label_B1-0-0.mp4|0.9295604|(1,1873,0.9295604)
Mission.Impossible.Fallout.2018__#02-03-50_02-04-35_label_B1-0-0.mp4|0.6289458|(1,1080,0.6289458)
Mission.Impossible.Ghost.Protocol.2011__#00-01-18_00-01-40_label_B2-0-0.mp4|0.71953595|(1,529,0.71953595)
Mission.Impossible.Ghost.Protocol.2011__#00-49-03_00-51-21_label_A.mp4|0.02435046|(2,3001,0.00030525168,3000,3313,0.02435046)
Mission.Impossible.Ghost.Protocol.2011__#01-07-24_01-09-09_label_A.mp4|3.6736245e-05|(1,2521,3.6736245e-05)
Mission.Impossible.Ghost.Protocol.2011__#01-12-38_01-13-43_label_B1-0-0.mp4|0.96908647|(1,1561,0.96908647)
Mission.Impossible.Ghost.Protocol.2011__#01-24-59_01-28-30_label_A.mp4|0.0058768885|(2,3001,0.0058768885,3000,5064,0.00022516973)
Mission.Impossible.Ghost.Protocol.2011__#01-54-24_01-54-50_label_B1-0-0.mp4|0.92430216|(1,625,0.92430216)
Mission.Impossible.Ghost.Protocol.2011__#01-56-52_01-57-03_label_B1-0-0.mp4|0.6950603|(1,264,0.6950603)
Mission.Impossible.II.2000__#00-11-37_00-15-46_label_A.mp4|0.97924304|(1,693,0.97924304)
Mission.Impossible.II.2000__#00-24-30_00-30-10_label_A.mp4|0.75970006|(3,3001,0.020179214,3000,6001,0.75970006,6000,8160,0.2527784)
Mission.Impossible.II.2000__#01-18-55_01-20-53_label_B2-0-0.mp4|0.042345237|(1,2833,0.042345237)
Mission.Impossible.II.2000__#01-25-08_01-25-31_label_B2-0-0.mp4|0.99944514|(1,553,0.99944514)
Mission.Impossible.II.2000__#01-29-30_01-29-44_label_B1-0-0.mp4|0.98757267|(1,337,0.98757267)
Mission.Impossible.II.2000__#01-32-56_01-33-25_label_B1-0-0.mp4|0.9997135|(1,697,0.9997135)
Mission.Impossible.II.2000__#01-38-25_01-38-41_label_B2-B5-0.mp4|0.99499655|(1,385,0.99499655)
Mission.Impossible.II.2000__#01-46-20_01-47-11_label_B2-B6-0.mp4|0.99891746|(1,1225,0.99891746)
Mission.Impossible.III.2006__#00-19-56_00-20-26_label_B2-0-0.mp4|0.9993988|(1,721,0.9993988)
Mission.Impossible.III.2006__#00-56-23_00-56-40_label_G-0-0.mp4|0.99766076|(1,409,0.99766076)
Mission.Impossible.III.2006__#01-06-52_01-07-15_label_G-0-0.mp4|0.9993599|(1,553,0.9993599)
Mission.Impossible.III.2006__#01-54-02_01-54-40_label_B2-0-0.mp4|0.96547604|(1,913,0.96547604)
Mission.Impossible.V.Rogue.Nation.2015__#00-14-40_00-17-12_label_B1-0-0.mp4|0.9837463|(2,3001,0.9837463,3000,3649,0.9483209)
Mission.Impossible.V.Rogue.Nation.2015__#00-17-27_00-17-55_label_B2-0-0.mp4|0.30644777|(1,673,0.30644777)
Mission.Impossible.V.Rogue.Nation.2015__#01-15-52_01-16-48_label_B6-B2-0.mp4|0.922545|(1,1344,0.922545)
Mission.Impossible.V.Rogue.Nation.2015__#01-19-48_01-20-20_label_B6-0-0.mp4|0.052922472|(1,770,0.052922472)
Mission.Impossible.V.Rogue.Nation.2015__#01-29-39_01-33-39_label_A.mp4|0.09858758|(2,3001,0.09858758,3000,5762,0.0015240054)
Mission.Impossible.V.Rogue.Nation.2015__#01-54-23_01-55-10_label_B2-0-0.mp4|0.94368196|(1,1129,0.94368196)
New.Kids.Turbo.2010__#00-22-35_00-23-14_label_B1-0-0.mp4|0.012524211|(1,936,0.012524211)
New.Kids.Turbo.2010__#00-41-30_00-42-05_label_A.mp4|0.0022237771|(1,840,0.0022237771)
New.Kids.Turbo.2010__#00-50-13_00-50-34_label_B1-0-0.mp4|0.2113007|(1,504,0.2113007)
One.Day.2011__#01-02-50_01-07-05_label_A.mp4|0.010511232|(3,3001,0.010511232,3000,6001,0.00021622117,3121,6121,0.00014378676)
Operation.Red.Sea.2018__#0-02-17_0-02-37_label_B2-0-0.mp4|0.9905861|(1,480,0.9905861)
Operation.Red.Sea.2018__#01-20-58_01-22-00_label_B5-0-0.mp4|0.057889514|(1,1488,0.057889514)
Operation.Red.Sea.2018__#0-12-26_0-13-36_label_A.mp4|0.0024264706|(1,1680,0.0024264706)
Operation.Red.Sea.2018__#01-37-22_01-37-36_label_G-B2-0.mp4|0.9995759|(1,336,0.9995759)
Operation.Red.Sea.2018__#0-16-06_0-16-46_label_G-0-0.mp4|0.95309854|(1,960,0.95309854)
Operation.Red.Sea.2018__#0-25-36_0-26-03_label_G-0-0.mp4|0.6420384|(1,648,0.6420384)
Operation.Red.Sea.2018__#0-29-36_0-30-20_label_B2-G-0.mp4|0.68094385|(1,1056,0.68094385)
Operation.Red.Sea.2018__#0-45-54_0-46-33_label_A.mp4|0.063452765|(1,936,0.063452765)
Operation.Red.Sea.2018__#0-56-26_0-57-10_label_G-0-0.mp4|0.99560153|(1,1056,0.99560153)
Quantum.Of.Solace.2008__#00-47-29_00-50-52_label_A.mp4|0.01495802|(2,3001,0.01495802,3000,4873,0.0010811538)
Quantum.Of.Solace.2008__#01-19-30_01-20-05_label_B1-0-0.mp4|0.95544237|(1,841,0.95544237)
Quantum.Of.Solace.2008__#01-30-26_01-30-42_label_B2-B1-0.mp4|0.86567813|(1,384,0.86567813)
Rush.Hour.1998.BluRay__#00-08-08_00-09-15_label_B2-B6-G.mp4|0.9856172|(1,1609,0.9856172)
Rush.Hour.1998.BluRay__#00-11-05_00-12-10_label_B2-B1-0.mp4|0.98074096|(1,1562,0.98074096)
Rush.Hour.1998.BluRay__#01-20-28_01-21-38_label_B2-0-0.mp4|0.10124936|(1,1682,0.10124936)
Rush.Hour.1998.BluRay__#01-25-21_01-25-46_label_B2-0-0.mp4|0.62311494|(1,602,0.62311494)
Rush.Hour.3.2007.BluRay__#00-04-59_00-05-31_label_B2-0-0.mp4|0.14272985|(1,769,0.14272985)
Rush.Hour.3.2007.BluRay__#00-34-11_00-35-46_label_B1-0-0.mp4|0.98452836|(1,2281,0.98452836)
Rush.Hour.3.2007.BluRay__#00-40-56_00-41-52_label_B2-0-0.mp4|0.93612534|(1,1345,0.93612534)
Rush.Hour.3.2007.BluRay__#01-00-40_01-04-00_label_A.mp4|0.0026082885|(2,3001,0.00088628905,3000,4801,0.0026082885)
Rush.Hour.3.2007.BluRay__#01-12-16_01-12-36_label_B1-0-0.mp4|0.9975163|(1,481,0.9975163)
Salt.2010__#00-02-10_00-03-57_label_A.mp4|0.01227944|(1,2569,0.01227944)
Salt.2010__#00-13-45_00-16-10_label_A.mp4|0.048175436|(2,3001,0.0094851665,3000,3481,0.048175436)
Salt.2010__#00-17-40_00-18-16_label_B1-0-0.mp4|0.98721606|(1,865,0.98721606)
Salt.2010__#01-06-27_01-07-07_label_G-B2-0.mp4|0.97886705|(1,962,0.97886705)
Salt.2010__#01-12-05_01-12-32_label_B2-G-0.mp4|0.99964297|(1,649,0.99964297)
Salt.2010__#01-16-00_01-16-50_label_A.mp4|0.042262543|(1,1201,0.042262543)
Saving.Private.Ryan.1998__#00-47-50_00-49-35_label_B2-0-0.mp4|0.03627316|(1,2521,0.03627316)
Saving.Private.Ryan.1998__#02-00-56_02-03-06_label_A.mp4|0.00067011506|(2,3001,0.00044271068,121,3121,0.00067011506)
Saving.Private.Ryan.1998__#02-16-58_02-17-13_label_G-0-0.mp4|0.92736816|(1,361,0.92736816)
Saving.Private.Ryan.1998__#02-20-00_02-20-13_label_G-0-0.mp4|0.8291018|(1,313,0.8291018)
Saving.Private.Ryan.1998__#02-23-00_02-23-28_label_B1-0-0.mp4|0.9992341|(1,673,0.9992341)
Saving.Private.Ryan.1998__#02-23-58_02-24-18_label_G-0-0.mp4|0.9884272|(1,481,0.9884272)
Saving.Private.Ryan.1998__#02-24-18_02-25-42_label_B1-0-0.mp4|0.8068368|(1,2017,0.8068368)
Saving.Private.Ryan.1998__#02-25-42_02-26-03_label_B2-0-0.mp4|0.11253265|(1,505,0.11253265)
Shoot.Em.Up.2007__#00-25-50_00-27-10_label_A.mp4|0.6410929|(1,1921,0.6410929)
Shoot.Em.Up.2007__#00-32-40_00-35-10_label_B2-0-0.mp4|0.9999895|(2,3001,0.99926704,3000,3601,0.9999895)
Shoot.Em.Up.2007__#00-53-25_00-56-47_label_B2-0-0.mp4|0.037489552|(2,3001,0.0032212257,3000,4850,0.037489552)
Shoot.Em.Up.2007__#00-56-56_00-57-15_label_B2-0-0.mp4|0.93500954|(1,457,0.93500954)
Shoplifters.2018__#00-17-30_00-19-10_label_A.mp4|0.0011800977|(1,2401,0.0011800977)
Sin.City.2005__#0-06-42_0-07-06_label_B1-0-0.mp4|0.13312371|(1,577,0.13312371)
Sin.City.2005__#0-10-40_0-11-40_label_B2-0-0.mp4|0.1538784|(1,1441,0.1538784)
Sin.City.2005__#01-19-08_01-19-23_label_G-0-0.mp4|0.72245574|(1,361,0.72245574)
Sin.City.2005__#01-43-21_01-44-21_label_A.mp4|0.0013988354|(1,1441,0.0013988354)
Sin.City.2005__#01-51-59_01-52-29_label_B2-0-0.mp4|0.40498796|(1,721,0.40498796)
Sin.City.2005__#0-22-04_0-22-18_label_B5-0-0.mp4|0.94708633|(1,337,0.94708633)
Sin.City.2005__#0-29-34_0-29-56_label_B2-0-0.mp4|0.7360785|(1,529,0.7360785)
Sin.City.2005__#0-32-00_0-32-16_label_B2-0-0.mp4|0.4115247|(1,384,0.4115247)
Sin.City.2005__#0-43-45_0-44-01_label_B2-0-0.mp4|0.99595827|(1,385,0.99595827)
Skyfall.2012__#00-03-22_00-03-40_label_B6-0-0.mp4|0.9397337|(1,433,0.9397337)
Skyfall.2012__#00-06-10_00-06-25_label_B6-0-0.mp4|0.87037027|(1,361,0.87037027)
Skyfall.2012__#01-20-05_01-20-20_label_B1-B2-0.mp4|0.78590894|(1,361,0.78590894)
Skyfall.2012__#01-55-44_01-56-57_label_B2-G-0.mp4|0.9969614|(1,1753,0.9969614)
Skyfall.2012__#01-57-40_01-58-00_label_B2-0-0.mp4|0.9979956|(1,481,0.9979956)
Skyfall.2012__#02-08-44_02-09-17_label_B1-0-0.mp4|0.9864325|(1,793,0.9864325)
Skyfall.2012__#02-14-50_02-16-25_label_A.mp4|0.0014861956|(1,2281,0.0014861956)
Spectre.2015__#00-16-41_00-18-55_label_A.mp4|0.00012247647|(2,3001,0.00012247647,216,3216,8.162776e-05)
Spectre.2015__#00-44-05_00-44-40_label_B1-B2-0.mp4|0.9970709|(1,841,0.9970709)
Spectre.2015__#01-08-58_01-09-20_label_B1-B2-0.mp4|0.19261776|(1,529,0.19261776)
Spectre.2015__#01-10-35_01-10-53_label_B2-0-0.mp4|0.416122|(1,433,0.416122)
Spectre.2015__#01-17-22_01-18-53_label_A.mp4|0.0002672129|(1,2184,0.0002672129)
Spectre.2015__#01-32-55_01-35-40_label_B1-B2-0.mp4|0.9999659|(2,3001,0.9999659,3000,3962,0.99986017)
Spectre.2015__#02-02-57_02-03-27_label_B1-B2-0.mp4|0.9459626|(1,722,0.9459626)
Spectre.2015__#02-15-30_02-16-05_label_G-0-0.mp4|0.9990125|(1,842,0.9990125)
Still.Walking.2008__#00-16-18_00-17-27_label_A.mp4|0.00057291944|(1,1657,0.00057291944)
Still.Walking.2008__#00-51-55_00-55-16_label_A.mp4|0.062486578|(2,3001,0.0019911183,3000,4826,0.062486578)
Still.Walking.2008__#01-02-18_01-03-10_label_A.mp4|0.0022355502|(1,1249,0.0022355502)
Taken.2.UNRATED.EXTENDED.2012__#00-13-42_00-14-16_label_B5-0-0.mp4|0.9861855|(1,818,0.9861855)
Taken.2.UNRATED.EXTENDED.2012__#00-17-08_00-17-30_label_A.mp4|0.016951777|(1,529,0.016951777)
Taken.2.UNRATED.EXTENDED.2012__#00-45-50_00-46-20_label_G-0-0.mp4|0.8062205|(1,722,0.8062205)
Taken.2.UNRATED.EXTENDED.2012__#01-00-00_01-00-16_label_B2-0-0.mp4|0.29715222|(1,385,0.29715222)
Taken.2.UNRATED.EXTENDED.2012__#01-06-28_01-06-49_label_B2-0-0.mp4|0.99994683|(1,505,0.99994683)
Taken.2.UNRATED.EXTENDED.2012__#01-18-25_01-18-40_label_B2-0-0.mp4|0.99984765|(1,361,0.99984765)
Taken.2.UNRATED.EXTENDED.2012__#01-18-40_01-19-00_label_B1-0-0.mp4|0.9992899|(1,481,0.9992899)
Taken.3.2014__#00-03-58_00-04-16_label_B2-0-0.mp4|0.9823622|(1,433,0.9823622)
Taken.3.2014__#00-36-03_00-36-48_label_A.mp4|0.3655762|(1,1081,0.3655762)
Taken.3.2014__#01-04-50_01-05-05_label_B1-0-0.mp4|0.884373|(1,361,0.884373)
Taken.3.2014__#01-09-26_01-09-54_label_G-0-0.mp4|0.2692073|(1,674,0.2692073)
Taken.3.2014__#01-12-48_01-14-30_label_B2-B1-0.mp4|0.97400576|(1,2449,0.97400576)
Taken.3.2014__#01-19-13_01-19-30_label_B1-0-0.mp4|0.9767014|(1,409,0.9767014)
Taken.3.2014__#01-20-10_01-21-30_label_A.mp4|0.05886704|(1,1921,0.05886704)
Taken.Extended.Cut.2008__#00-33-51_00-34-03_label_B1-0-0.mp4|0.84767723|(1,289,0.84767723)
Taken.Extended.Cut.2008__#00-50-45_00-51-04_label_B2-B6-0.mp4|0.99999595|(1,456,0.99999595)
The.Attorney.2013__#00-47-00_00-49-30_label_A.mp4|0.012056573|(2,3001,0.00045083187,3000,3601,0.012056573)
The.Bourne.Identity.2002__#01-09-16_01-11-16_label_A.mp4|0.008595046|(1,2882,0.008595046)
The.Bourne.Identity.2002__#01-27-39_01-29-19_label_B2-0-0.mp4|0.92389023|(1,2400,0.92389023)
The.Bourne.Identity.2002__#01-45-00_01-45-46_label_B1-0-0.mp4|0.9708909|(1,1104,0.9708909)
The.Bourne.Identity.2002__#0-19-53_0-21-48_label_B1-0-0.mp4|0.80575|(1,2761,0.80575)
The.Bourne.Identity.2002__#0-29-16_0-32-00_label_A.mp4|0.0026142322|(2,3001,0.0026142322,3000,3937,0.00058334105)
The.Bourne.Identity.2002__#0-54-45_0-56-25_label_B6-0-0.mp4|0.98972815|(1,2401,0.98972815)
The.Bourne.Identity.2002__#0-57-11_0-58-45_label_A.mp4|0.115160756|(1,2257,0.115160756)
The.Bourne.Legacy.2012__#0-39-56_0-40-15_label_G-0-0.mp4|0.37565908|(1,457,0.37565908)
The.Bourne.Legacy.2012__#0-59-18_01-01-52_label_B2-B1-0.mp4|0.9996315|(2,3001,0.9919436,3000,3697,0.9996315)
The.Bourne.Supremacy.2004__#01-34-52_01-35-50_label_A.mp4|0.0104025|(1,1393,0.0104025)
The.Bourne.Supremacy.2004__#0-58-18_01-00-58_label_A.mp4|0.92082906|(2,3001,0.3509926,3000,3842,0.92082906)
The.Bourne.Ultimatum.2007__#01-26-27_01-28-03_label_B2-B6-0.mp4|0.99989164|(1,2305,0.99989164)
The.Bourne.Ultimatum.2007__#01-32-57_01-33-53_label_A.mp4|0.0011618038|(1,1345,0.0011618038)
The.Bourne.Ultimatum.2007__#01-44-02_01-44-11_label_B2-0-0.mp4|0.9363201|(1,217,0.9363201)
The.Bourne.Ultimatum.2007__#0-55-55_0-56-10_label_A.mp4|0.9421315|(1,361,0.9421315)
The.Fast.and.the.Furious.2001__#00-26-09_00-26-52_label_A.mp4|0.21654281|(1,1033,0.21654281)
The.Fast.and.the.Furious.2001__#00-29-00_00-29-52_label_B2-G-0.mp4|0.97762007|(1,1249,0.97762007)
The.Fast.and.the.Furious.2001__#00-52-18_00-53-36_label_B1-0-0.mp4|0.07091597|(1,1873,0.07091597)
The.Fast.and.the.Furious.2001__#01-14-04_01-15-20_label_B1-0-0.mp4|0.87363863|(1,1825,0.87363863)
The.Fast.and.the.Furious.2001__#01-24-18_01-25-05_label_B6-0-0.mp4|0.9390507|(1,1128,0.9390507)
The.Fast.and.the.Furious.2001__#01-37-40_01-38-30_label_B6-0-0.mp4|0.843124|(1,1201,0.843124)
The.Fast.and.the.Furious.2001__#01-38-50_01-39-59_label_A.mp4|0.005665716|(1,1657,0.005665716)
The.Hurt.Locker.2008__#0-08-45_0-09-57_label_G-0-0.mp4|0.9795431|(1,1729,0.9795431)
The.Hurt.Locker.2008__#01-02-10_01-03-55_label_B2-0-0.mp4|0.39905164|(1,2521,0.39905164)
The.Hurt.Locker.2008__#01-27-42_01-28-09_label_G-0-0.mp4|0.77615035|(1,649,0.77615035)
The.Hurt.Locker.2008__#0-19-22_0-22-32_label_B2-B1-0.mp4|0.8968203|(2,3001,0.0777214,3000,4561,0.8968203)
The.Hurt.Locker.2008__#0-29-25_0-30-15_label_A.mp4|0.009251329|(1,1200,0.009251329)
The.Hurt.Locker.2008__#0-45-39_0-47-06_label_A.mp4|0.039771315|(1,2089,0.039771315)
The.Intouchables.2011__#00-04-20_00-05-35_label_A.mp4|0.14748009|(1,1801,0.14748009)
The.Intouchables.2011__#00-51-55_00-55-16_label_A.mp4|0.0028036947|(2,3001,0.0006949466,3000,4826,0.0028036947)
The.Intouchables.2011__#00-58-18_01-02-30_label_A.mp4|0.16816033|(3,3001,0.16816033,3000,6001,0.12879883,3049,6049,0.08888018)
Thelma...Louise.1991__#01-53-54_01-54-50_label_A.mp4|0.031439837|(1,1345,0.031439837)
The.Notebook.2004__#00-08-55_00-10-50_label_A.mp4|0.028528228|(1,2762,0.028528228)
The.Notebook.2004__#00-11-00_00-15-08_label_A.mp4|0.25061122|(2,3001,0.25061122,3000,5954,0.032498043)
The.Notebook.2004__#00-20-35_00-23-06_label_A.mp4|0.20956042|(2,3001,0.015055711,3000,3625,0.20956042)
The.Notebook.2004__#00-25-20_00-29-20_label_A.mp4|0.0020203663|(2,3001,0.0020203663,3000,5761,0.000119701035)
The.Notebook.2004__#01-30-25_01-33-56_label_A.mp4|0.00058162695|(2,3001,0.0005238614,3000,5065,0.00058162695)
The.Notebook.2004__#01-52-20_01-58-00_label_A.mp4|0.014786887|(3,3001,6.206139e-05,3000,6001,0.014786887,6000,8161,0.005386831)
The.Pursuit.of.Happyness.2006__#00-17-30_00-19-10_label_A.mp4|9.698436e-05|(1,2401,9.698436e-05)
The.Pursuit.of.Happyness.2006__#00-30-50_00-32-31_label_A.mp4|0.27993372|(1,2425,0.27993372)
The.Pursuit.of.Happyness.2006__#01-34-18_01-38-11_label_A.mp4|0.08416147|(2,3001,0.08416147,3000,5593,0.02440083)
The.Secret.Life.of.Walter.Mitty.2013__#00-08-55_00-10-50_label_A.mp4|0.0001683812|(1,2762,0.0001683812)
The.Secret.Life.of.Walter.Mitty.2013__#00-36-52_00-41-00_label_A.mp4|0.018346634|(2,3001,0.018346634,3000,5953,0.00027290164)
The.Secret.Life.of.Walter.Mitty.2013__#01-01-20_01-04-00_label_A.mp4|0.044705413|(2,3001,0.010513945,3000,3841,0.044705413)
The.Secret.Life.of.Walter.Mitty.2013__#01-23-00_01-29-08_label_A.mp4|0.0023857164|(3,3001,0.0023857164,3000,6001,7.1839313e-06,6000,8833,0.00081100565)
The.World.Is.Not.Enough.1999__#00-07-04_00-07-45_label_G-B2-0.mp4|0.7737536|(1,984,0.7737536)
The.World.Is.Not.Enough.1999__#00-10-22_00-10-40_label_G-0-0.mp4|0.8358052|(1,433,0.8358052)
Tropa.de.Elite.2007__#00-10-30_00-12-08_label_A.mp4|0.01688693|(1,2352,0.01688693)
Tropa.de.Elite.2007__#00-52-33_00-54-35_label_A.mp4|0.53759456|(1,2930,0.53759456)
Tropa.de.Elite.2.2010__#00-05-30_00-06-30_label_A.mp4|0.21136405|(1,1441,0.21136405)
Tropa.de.Elite.2.2010__#00-13-41_00-14-56_label_B4-0-0.mp4|0.7927738|(1,1801,0.7927738)
Tropa.de.Elite.2.2010__#00-42-00_00-43-00_label_B2-0-0.mp4|0.0359311|(1,1441,0.0359311)
Tropa.de.Elite.2.2010__#00-46-11_00-46-50_label_B2-0-0.mp4|0.33165652|(1,937,0.33165652)
Tropa.de.Elite.2.2010__#01-30-51_01-32-30_label_A.mp4|0.17927884|(1,2377,0.17927884)
Tropa.de.Elite.2.2010__#01-33-01_01-33-30_label_B2-0-0.mp4|0.9999182|(1,698,0.9999182)
Tropa.de.Elite.2.2010__#01-33-31_01-34-20_label_A.mp4|0.22764379|(1,1177,0.22764379)
v=0LEefpIPBHA__#1_label_A.mp4|0.39842737|(1,1142,0.39842737)
v=0N0PbzjEg0U__#1_label_B4-0-0.mp4|0.21345575|(1,1518,0.21345575)
v=0qtIjyt-7wg__#00-00-00_00-00-51_label_B6-0-0.mp4|0.9177429|(1,1226,0.9177429)
v=0qtIjyt-7wg__#00-01-00_00-02-45_label_B6-0-0.mp4|0.36362356|(1,2522,0.36362356)
v=0qtIjyt-7wg__#00-04-00_00-05-15_label_B6-0-0.mp4|0.035625953|(1,1802,0.035625953)
v=0vVOXlgHC1U__#00-12-00_00-18-00_label_A.mp4|0.015297868|(3,3001,0.004883,3000,6001,0.015297868,6000,8642,0.0037967581)
v=0vVOXlgHC1U__#00-48-00_00-54-00_label_A.mp4|0.121111155|(3,3001,0.121111155,3000,6001,0.06853667,6000,8642,0.0024224827)
v=0W8LohxH9nI__#1_label_B1-0-0.mp4|0.017050814|(1,1413,0.017050814)
v=0yHBkMBE8r4__#1_label_B1-0-0.mp4|0.03188194|(2,3001,0.03161748,3000,5162,0.03188194)
v=1202rYvw7go__#1_label_A.mp4|0.96076155|(2,3001,0.14264426,3000,3951,0.96076155)
v=15wDrZJQpsw__#00-00-00_00-00-51_label_B6-0-0.mp4|0.94904286|(1,1226,0.94904286)
v=15wDrZJQpsw__#00-05-20_00-06-20_label_B6-0-0.mp4|0.3992458|(1,1443,0.3992458)
v=15wDrZJQpsw__#00-09-00_00-10-55_label_B6-0-0.mp4|0.8950443|(1,2762,0.8950443)
v=1djrJ0wxlYo__#1_label_B4-0-0.mp4|0.07990436|(1,1536,0.07990436)
v=1EvRIhdsX1s__#1_label_A.mp4|0.018134316|(1,862,0.018134316)
v=1GFBuaGCeTo__#1_label_G-0-0.mp4|0.26755026|(1,1253,0.26755026)
v=1io9Uh54Vhg__#1_label_B4-0-0.mp4|0.13684767|(1,1980,0.13684767)
v=1q5V6DKH3bw__#1_label_B4-0-0.mp4|0.08583394|(2,3001,0.08583394,29,3029,0.040467437)
v=251___mEwZA__#1_label_B1-0-0.mp4|0.17610505|(2,3001,0.13661677,3000,4577,0.17610505)
v=2al4t5inObA__#1_label_B4-0-0.mp4|0.91947997|(2,3001,0.91947997,3000,3582,0.55592126)
v=2JJ9d97sd64__#1_label_A.mp4|0.19704367|(2,3001,0.047189165,140,3140,0.19704367)
v=2jwO15SMyuo__#1_label_B4-0-0.mp4|0.99967575|(1,2376,0.99967575)
v=2Rr21qkZEDQ__#00-03-00_00-04-09_label_B6-0-0.mp4|0.18574888|(1,1658,0.18574888)
v=2Rr21qkZEDQ__#00-14-10_00-16-09_label_B6-0-0.mp4|0.561217|(1,2858,0.561217)
v=2WkuPNLfl5s__#1_label_B4-0-0.mp4|0.9448472|(1,1242,0.9448472)
v=35zynOrkvMk__#1_label_G-0-0.mp4|0.40309018|(1,365,0.40309018)
v=38GQ9L2meyE__#1_label_B6-0-0.mp4|0.76930875|(2,3001,0.76930875,3000,4650,0.3771131)
v=3e3C-LQWF2s__#1_label_B1-0-0.mp4|0.7199441|(2,3001,0.31445834,3000,4421,0.7199441)
v=3lSHv_DUbJs__#1_label_A.mp4|0.16904913|(2,3001,0.020707803,3000,3566,0.16904913)
v=3MUqt3OkxIo__#1_label_A.mp4|0.17119975|(1,2500,0.17119975)
v=3WmMhircZOc__#1_label_B4-0-0.mp4|0.24175481|(3,3001,0.24175481,3000,6001,0.080955386,3025,6025,0.09706782)
v=3wxWNAM8Cso__#1_label_G-0-0.mp4|0.8220547|(3,3001,0.04668528,3000,6001,0.81931883,3063,6063,0.8220547)
v=3xkwZk44VQs__#1_label_B4-0-0.mp4|0.41006634|(1,2517,0.41006634)
v=3xWiBCIxjIk__#1_label_B4-0-0.mp4|0.9991358|(2,3001,0.9991358,3000,3748,0.9533501)
v=3y2OOc6WTrg__#1_label_B1-0-0.mp4|0.13188134|(2,3001,0.058309656,3000,4352,0.13188134)
v=3zgaqeVSXuI__#1_label_B4-0-0.mp4|0.23374613|(1,1953,0.23374613)
v=3ZVcLOjwOMk__#1_label_A.mp4|0.1012088|(1,1885,0.1012088)
v=4jVgDKbu_TI__#1_label_A.mp4|0.011761166|(7,3001,0.0018529878,3000,6001,0.00040319338,6000,9001,0.00028647255,9000,12001,0.011761166,12000,15001,0.00049697043,15000,18001,0.007405264,18000,18974,0.0006012569)
v=5AlAh8J3WqE__#1_label_A.mp4|0.13610551|(4,3001,0.13610551,3000,6001,0.12321472,6000,9001,0.0010022126,9000,10885,0.0889172)
v=5BBoVfKOyeM__#00-08-19_00-10-10_label_B6-0-0.mp4|0.25278938|(1,2666,0.25278938)
v=5Ftl4nOSytc__#1_label_G-0-0.mp4|0.985595|(1,2282,0.985595)
v=_5Kmb4tqMxs__#1_label_B4-0-0.mp4|0.76651317|(1,1305,0.76651317)
v=5l-nbDl0qvg__#1_label_A.mp4|0.028135542|(5,3001,0.022205686,3000,6001,0.028135542,6000,9001,0.007606395,9000,12001,0.0014331199,12000,13124,0.0068491045)
v=5NZxPmTpV6Y__#1_label_A.mp4|0.10223797|(1,2807,0.10223797)
v=-5RWxUUJ7lQ__#1_label_A.mp4|0.06046122|(7,3001,0.00048228004,3000,6001,0.0043140184,6000,9001,0.0011059695,9000,12001,0.02255177,12000,15001,0.04648642,15000,18001,0.019751636,18000,19123,0.06046122)
v=5Tnl7_8RqlA__#00-11-00_00-12-45_label_B6-0-0.mp4|0.99963295|(1,2522,0.99963295)
v=6cvZOGzfqWU__#1_label_A.mp4|0.7725485|(2,3001,0.08992704,3000,5594,0.7725485)
v=6KQFxxHmVMc__#1_label_B1-0-0.mp4|0.9116016|(2,3001,0.1719397,3000,3654,0.9116016)
v=6nfo9c7a5pE__#1_label_B1-0-0.mp4|0.027392115|(1,1235,0.027392115)
v=6TR2rcgHm4g__#1_label_B4-0-0.mp4|0.11589039|(1,1621,0.11589039)
v=73uRcX0Dvfc__#00-00-00_00-01-51_label_B6-G-0.mp4|0.84494746|(1,2666,0.84494746)
v=78u9uBJBqIw__#1_label_B4-B5-0.mp4|0.06517479|(2,3001,0.00017298787,3000,3486,0.06517479)
v=7isLhaNYgkU__#1_label_B4-0-0.mp4|0.96763456|(2,3001,0.96763456,3000,5706,0.13162324)
v=7QOdBpDrmKk__#00-01-00_00-02-45_label_B6-0-0.mp4|0.99897987|(1,2522,0.99897987)
v=7QOdBpDrmKk__#00-10-30_00-10-51_label_B6-0-0.mp4|0.2782857|(1,506,0.2782857)
v=7rDRFFSUrPI__#00-01-50_00-02-32_label_G-0-0.mp4|0.9614943|(1,1010,0.9614943)
v=7smETZfN0XA__#1_label_A.mp4|0.0870263|(2,3001,0.040463593,20,3020,0.0870263)
v=7xQr5wYwNPg__#1_label_B4-0-0.mp4|0.032304764|(1,1121,0.032304764)
v=7zEFHKKBA0g__#1_label_B4-0-0.mp4|0.0086614555|(2,3001,0.0068256906,3000,4420,0.0086614555)
v=8ewWXhYRUNs__#1_label_B1-0-0.mp4|0.64279604|(1,1369,0.64279604)
v=8oJMGgaww70__#1_label_B4-0-0.mp4|0.56115294|(2,3001,0.01450009,3000,3595,0.56115294)
v=8oTjTufJnXI__#1_label_G-0-0.mp4|0.8411195|(1,2694,0.8411195)
v=8SC55pYljMM__#1_label_A.mp4|0.34214675|(2,3001,0.022068582,3000,4324,0.34214675)
v=8tqeeBGjnPg__#00-03-12_00-04-15_label_B6-0-0.mp4|0.9810059|(1,1515,0.9810059)
v=94zZ9iptP54__#1_label_A.mp4|0.9398731|(1,932,0.9398731)
v=96N4XAJ7FKM__#1_label_B1-0-0.mp4|0.083636746|(2,3001,0.0042031403,3000,4860,0.083636746)
v=9CWJd1SezkA__#1_label_G-0-0.mp4|0.016141163|(1,700,0.016141163)
v=9eME1y6V-T4__#00-42-00_00-48-00_label_A.mp4|0.121776976|(3,3001,0.025033755,3000,6001,0.009537884,6000,8642,0.121776976)
v=9eME1y6V-T4__#01-00-00_01-06-00_label_A.mp4|0.19478893|(3,3001,0.00054403616,3000,6001,0.19478893,6000,8642,0.06481471)
v=9eME1y6V-T4__#01-06-00_01-12-00_label_A.mp4|0.044205777|(3,3001,0.044205777,3000,6001,0.026708383,6000,8642,0.03118213)
v=9eME1y6V-T4__#01-18-00_01-24-00_label_A.mp4|0.06430308|(3,3001,0.047326997,3000,6001,0.06430308,6000,8642,0.04192853)
v=9eME1y6V-T4__#01-36-00_01-42-00_label_A.mp4|0.34691462|(3,3001,0.0017196031,3000,6001,0.24368289,6000,8642,0.34691462)
v=9eME1y6V-T4__#02-00-00_02-06-00_label_A.mp4|0.55497235|(3,3001,0.55497235,3000,6001,0.019991579,6000,8642,0.15676868)
v=9FxmNOXF25Q__#1_label_A.mp4|0.008167138|(2,3001,8.064654e-05,3000,4120,0.008167138)
v=9Jk2sIp5MRQ__#1_label_G-0-0.mp4|0.06728219|(1,568,0.06728219)
v=9qxJ6bznkNI__#1_label_A.mp4|0.05335391|(2,3001,0.00078643183,3000,5454,0.05335391)
v=9Ydg5IeZpFI__#1_label_B1-0-0.mp4|0.2649857|(2,3001,0.1558857,3000,4621,0.2649857)
v=a0TQkX_zLt0__#1_label_A.mp4|0.46680915|(4,3001,0.46680915,3000,6001,0.0047573196,6000,9001,0.0017023885,9000,11764,0.14965849)
v=abATVcjFumY__#1_label_G-0-0.mp4|0.013702225|(1,1835,0.013702225)
v=aBsrZKrRtqU__#1_label_A.mp4|0.017771456|(1,1235,0.017771456)
v=ADQNFs9bfFk__#00-00-00_00-00-58_label_B4-0-0.mp4|0.065783575|(1,1394,0.065783575)
v=AF9p0YA0hyA__#00-00-45_00-01-44_label_B4-0-0.mp4|0.17324072|(1,1418,0.17324072)
v=AF9p0YA0hyA__#00-03-03_00-04-20_label_B4-0-0.mp4|0.01823365|(1,1850,0.01823365)
v=afhttnv46Y4__#1_label_B1-0-0.mp4|0.2844158|(1,2500,0.2844158)
v=ajnl7P9bf78__#1_label_A.mp4|0.9806677|(1,1624,0.9806677)
v=aQ3qMpgZjwg__#00-00-00_00-01-48_label_B4-0-0.mp4|0.41880387|(1,2593,0.41880387)
v=AqFWYZsOgWY__#00-21-00_00-24-00_label_A.mp4|0.0631946|(2,3001,0.005872455,3000,4322,0.0631946)
v=AqFWYZsOgWY__#00-33-00_00-36-00_label_A.mp4|0.002991294|(2,3001,0.002991294,3000,4322,0.0013939794)
v=aWPWHU8x6kE__#1_label_B4-0-0.mp4|0.986323|(2,3001,0.6134951,3000,4829,0.986323)
v=b0MUjeKAGZw__#1_label_B4-0-0.mp4|0.15262185|(1,2795,0.15262185)
v=bDm2-1NZBLw__#1_label_B4-0-0.mp4|0.35087883|(1,2210,0.35087883)
v=bfOlheR5nUQ__#00-00-00_00-04-33_label_B4-0-0.mp4|0.939394|(3,3001,0.023962297,3000,6001,0.21649036,6000,6554,0.939394)
v=bfOlheR5nUQ__#00-04-33_00-06-02_label_B4-0-0.mp4|0.95841295|(1,2138,0.95841295)
v=BFPkt0AuSFA__#1_label_B4-0-0.mp4|0.99180627|(2,3001,0.2949871,3000,3380,0.99180627)
v=_BgJEXQkjNQ__#1_label_G-0-0.mp4|0.33964354|(3,3001,0.2207966,3000,6001,0.12689641,6000,8139,0.33964354)
v=bhZs3ALdL7Y__#1_label_G-0-0.mp4|0.99322647|(1,81,0.99322647)
v=BL8ppFg7NKI__#1_label_A.mp4|0.15434083|(2,3001,0.0046113315,3000,5470,0.15434083)
v=BpargJW29Wo__#00-00-50_00-01-30_label_B1-0-0.mp4|0.2571001|(1,962,0.2571001)
v=BQjKQbYgUBA__#1_label_B1-0-0.mp4|0.83774644|(2,3001,0.05434583,3000,3423,0.83774644)
v=bU86SW6L7Tc__#1_label_A.mp4|0.023903795|(2,3001,0.023903795,3000,4250,0.006862754)
v=BXR3d22BhHs__#00-06-00_00-07-00_label_B4-0-0.mp4|0.12569006|(1,1443,0.12569006)
v=BXR3d22BhHs__#00-07-00_00-08-00_label_B4-0-0.mp4|0.03349421|(1,1443,0.03349421)
v=BzwNU2xmT64__#00-01-00_00-02-45_label_B6-0-0.mp4|0.99573505|(1,2522,0.99573505)
v=BzwNU2xmT64__#00-04-10_00-06-09_label_B6-0-0.mp4|0.9849005|(1,2858,0.9849005)
v=CcD-YNlkMPY__#1_label_G-0-0.mp4|0.006167256|(1,1996,0.006167256)
v=CczYDDDf22A__#1_label_G-0-0.mp4|0.1730759|(1,679,0.1730759)
v=cEOM18n8fhU__#1_label_G-0-0.mp4|0.06901199|(1,2831,0.06901199)
v=CFfc4UWzVB8__#00-00-00_00-00-30_label_B4-0-0.mp4|0.23526914|(1,722,0.23526914)
v=CLFYvG6MsZU__#00-02-16_00-05-06_label_B2-0-0.mp4|0.10344724|(2,3001,0.10344724,3000,4083,0.0494917)
v=cO1UefhG7AY__#1_label_G-0-0.mp4|0.99349844|(2,3001,0.99349844,3000,4574,0.82481086)
v=CoxsDkB-rWU__#00-07-06_00-10-30_label_B4-0-0.mp4|0.9730514|(2,3001,0.7515307,3000,4898,0.9730514)
v=CUr-Mg8Hmh0__#1_label_G-0-0.mp4|0.10839697|(2,3001,0.007118793,3000,5043,0.10839697)
v=cuUK-3MNqtw__#1_label_B1-0-0.mp4|0.0006475658|(1,2063,0.0006475658)
v=cvEJ5WFk2KE__#00-06-00_00-09-00_label_A.mp4|0.0006671688|(2,3001,0.0006671688,3000,4321,0.0004322131)
v=CvMpD1yqfxI__#1_label_G-0-0.mp4|0.7793652|(1,873,0.7793652)
v=D1eP4Bn4hDQ__#00-09-20_00-10-45_label_B6-0-0.mp4|0.36142674|(1,2040,0.36142674)
v=d5lTTPvJLpw__#1_label_B4-0-0.mp4|0.67224056|(3,3001,0.5675675,3000,6001,0.46792242,3277,6277,0.67224056)
v=DD3jfKr8e-k__#00-00-00_00-01-40_label_B4-0-0.mp4|0.20362249|(1,2402,0.20362249)
v=DdIA1Owbcdc__#1_label_A.mp4|0.0042342967|(1,1064,0.0042342967)
v=Dh-3BlhAOnE__#00-00-00_00-13-36_label_B4-0-0.mp4|0.99961346|(7,3001,0.9227014,3000,6001,0.24686229,6000,9001,0.77182746,9000,12001,0.90801924,12000,15001,0.96343607,15000,18001,0.99961346,18000,19586,0.9995072)
v=Dn_SDu22WpM__#00-08-35_00-10-05_label_B6-0-0.mp4|0.79044515|(1,2163,0.79044515)
v=DRGMajXo_PI__#00-02-15_00-03-02_label_G-0-0.mp4|0.99936455|(1,1130,0.99936455)
v=DtxU8UYiFws__#1_label_G-0-0.mp4|0.33842313|(1,1450,0.33842313)
v=DVdXoVUNkhg__#1_label_G-0-0.mp4|0.5793524|(1,1146,0.5793524)
v=eAgqJnO3kr8__#00-06-00_00-12-00_label_A.mp4|0.017346201|(3,3001,0.0002151797,3000,6001,0.017346201,6000,8642,0.00323664)
v=eAgqJnO3kr8__#00-42-00_00-48-00_label_A.mp4|0.0136289615|(3,3001,0.0136289615,3000,6001,0.008218442,6000,8642,0.0011404565)
v=eAgqJnO3kr8__#00-48-00_00-54-00_label_A.mp4|0.007235706|(3,3001,0.0017175889,3000,6001,0.007235706,6000,8642,0.0017911872)
v=EeUTpfyb0qo__#1_label_A.mp4|0.10923664|(7,3001,0.007258416,3000,6001,0.018615501,6000,9001,0.053177968,9000,12001,0.0072571454,12000,15001,0.013671167,15000,18001,0.10923664,15143,18143,0.092332035)
v=Ehh8ZdIMMj4__#1_label_A.mp4|0.26681402|(1,2708,0.26681402)
v=EH_QB6cm6BE__#1_label_G-0-0.mp4|0.042359106|(1,658,0.042359106)
v=enYITYwvPAQ__#00-27-00_00-30-00_label_A.mp4|0.0016702532|(2,3001,0.00097179046,3000,4321,0.0016702532)
v=EOAfl8yMiN8__#00-00-00_00-00-51_label_B6-0-0.mp4|0.9932024|(1,1226,0.9932024)
v=EOAfl8yMiN8__#00-03-00_00-04-09_label_B6-0-0.mp4|0.9751735|(1,1658,0.9751735)
v=eqtJjxsTgtg__#1_label_G-0-0.mp4|0.8753661|(1,1194,0.8753661)
v=ErOcW_CSOyQ__#1_label_A.mp4|0.02141593|(6,3001,0.010958533,3000,6001,0.020290917,6000,9001,0.012555001,9000,12001,0.0023884373,12000,15001,0.0009386704,15000,17477,0.02141593)
v=es97CGK_5XQ__#1_label_A.mp4|0.057293463|(1,1633,0.057293463)
v=EToznHwS0OA__#1_label_A.mp4|0.052836902|(2,3001,0.014400064,3000,3730,0.052836902)
v=-etV57xZ4_I__#1_label_B4-0-0.mp4|0.9859219|(1,265,0.9859219)
v=f6j3YWgVBto__#00-01-50_00-02-30_label_A.mp4|0.31576023|(1,960,0.31576023)
v=f6j3YWgVBto__#00-06-16_00-06-51_label_B6-0-0.mp4|0.26520047|(1,840,0.26520047)
v=FfrXebzAwOg__#00-06-10_00-07-19_label_B6-0-0.mp4|0.30730957|(1,1658,0.30730957)
v=fhiAyxpDQMU__#1_label_B4-0-0.mp4|0.18979414|(2,3001,0.0718722,3000,3985,0.18979414)
v=fIlmgvc-bUk__#1_label_B4-0-0.mp4|0.9994531|(1,1415,0.9994531)
v=fkps18H3SXY__#00-00-00_00-06-00_label_A.mp4|0.0184244|(3,3001,0.0184244,3000,6001,0.0042822813,6000,8642,0.0011771327)
v=fkps18H3SXY__#00-36-00_00-42-00_label_A.mp4|0.044843227|(3,3001,0.0033623895,3000,6001,0.031316694,6000,8643,0.044843227)
v=fkps18H3SXY__#00-54-00_01-00-00_label_A.mp4|0.07591339|(3,3001,0.020614658,3000,6001,0.07591339,6000,8642,0.0014835162)
v=-fOWSLV6Esw__#1_label_B4-0-0.mp4|0.40963984|(1,789,0.40963984)
v=fQQzg2VfJME__#1_label_B4-0-0.mp4|0.5057078|(1,1348,0.5057078)
v=FRj2K0ulD8Q__#00-00-00_00-00-57_label_B4-0-0.mp4|0.5405866|(1,1370,0.5405866)
v=FRj2K0ulD8Q__#00-04-16_00-06-05_label_B4-0-0.mp4|0.65109116|(1,2618,0.65109116)
v=FRj2K0ulD8Q__#00-06-05_00-08-25_label_B4-0-0.mp4|0.9283796|(2,3001,0.9162981,3000,3339,0.9283796)
v=FW_qbiPH7UA__#1_label_B1-0-0.mp4|0.15065104|(2,3001,0.034295503,283,3283,0.15065104)
v=g2v3EkBj9Zc__#1_label_B4-0-0.mp4|0.9863057|(1,764,0.9863057)
v=g4FnGZ5MAdo__#1_label_A.mp4|0.28065094|(2,3001,0.12984821,3000,4958,0.28065094)
v=g7fnNf88IOc__#1_label_A.mp4|0.0037081847|(2,3001,0.00047623343,3000,3635,0.0037081847)
v=GbMQ2CxeNHU__#1_label_B4-0-0.mp4|0.97225606|(2,3001,0.97225606,3000,5490,0.540333)
v=gbRIKogNZvE__#1_label_B4-0-0.mp4|0.009655085|(1,2990,0.009655085)
v=gENp4SyNxkI__#1_label_B1-0-0.mp4|0.28466243|(1,1275,0.28466243)
v=gGlqujwrhbI__#00-12-00_00-15-00_label_A.mp4|0.009097964|(2,3001,0.002003198,3000,4322,0.009097964)
v=GI49YSCruwY__#1_label_B4-0-0.mp4|0.009820671|(2,3001,0.009820671,32,3032,0.006367003)
v=GN-7_ye5k4E__#1_label_G-0-0.mp4|0.99585414|(1,2681,0.99585414)
v=GnN9VTh_s2A__#1_label_A.mp4|0.099875|(1,683,0.099875)
v=gp_D8r-2hwk__#1_label_G-0-0.mp4|0.66211605|(1,2551,0.66211605)
v=GqMh_HBNWZE__#00-01-00_00-02-45_label_B6-0-0.mp4|0.014131592|(1,2522,0.014131592)
v=GrHfWKeTDEI__#1_label_A.mp4|0.0005033286|(2,3001,0.0005033286,3000,5066,8.436176e-05)
v=gsz_P8t-KM4__#1_label_B4-0-0.mp4|0.3410745|(4,3001,0.3410745,3000,6001,0.013220309,6000,9001,0.028454935,9000,9741,0.15919876)
v=gxrLosPS27c__#1_label_A.mp4|0.0026215483|(1,2219,0.0026215483)
v=H12BVHrNiXs__#1_label_A.mp4|0.0018293469|(2,3001,2.6192114e-05,3000,4787,0.0018293469)
v=H5W58Loofks__#00-05-50_00-06-20_label_B6-0-0.mp4|0.9953081|(1,723,0.9953081)
v=H9Y5_X1sEEA__#00-03-00_00-06-00_label_A.mp4|0.043604568|(2,3001,0.0072225574,3000,4322,0.043604568)
v=H9Y5_X1sEEA__#00-30-00_00-33-00_label_A.mp4|0.17820273|(2,3001,0.00409969,3000,4323,0.17820273)
v=H9Y5_X1sEEA__#00-36-00_00-39-00_label_A.mp4|0.007642496|(2,3001,0.007642496,3000,4323,0.0023177546)
v=H9Y5_X1sEEA__#00-42-00_00-45-00_label_A.mp4|0.06077012|(2,3001,0.0023818598,3000,4322,0.06077012)
v=H9Y5_X1sEEA__#00-45-00_00-48-00_label_A.mp4|0.013450155|(2,3001,0.0009794054,3000,4323,0.013450155)
v=hAHXCMRvY_I__#1_label_G-0-0.mp4|0.69223416|(1,486,0.69223416)
v=Hd_2Y29_FLU__#1_label_A.mp4|0.06294323|(2,3001,0.06294323,272,3272,0.044702206)
v=hdy5kZ5dwj8__#1_label_A.mp4|0.028987078|(2,3001,0.009302477,3000,4674,0.028987078)
v=hgoGZZSMhMQ__#1_label_A.mp4|0.2118201|(1,159,0.2118201)
v=HksDvkX6Bjk__#1_label_A.mp4|0.45813438|(6,3001,0.0015204194,3000,6001,0.00025176944,6000,9001,0.0016136068,9000,12001,0.0006778292,12000,15001,1.2158712e-05,15000,15435,0.45813438)
v=_Hn2Xlt-IWU__#1_label_A.mp4|0.0028738503|(2,3001,0.00010773587,3000,3943,0.0028738503)
v=Hnfy9XhlIPM__#1_label_B4-0-0.mp4|0.9835935|(2,3001,0.9835935,3000,4661,0.8112371)
v=HSisjzLESak__#00-00-00_00-00-51_label_B6-0-0.mp4|0.8343084|(1,1226,0.8343084)
v=HSisjzLESak__#00-01-00_00-02-45_label_B6-0-0.mp4|0.46481246|(1,2522,0.46481246)
v=HSisjzLESak__#00-07-40_00-08-50_label_B6-0-0.mp4|0.9854401|(1,1682,0.9854401)
v=HTEyaXBPf9U__#1_label_A.mp4|0.008497797|(2,3001,0.00015730062,3000,5120,0.008497797)
v=HUL83wCQATc__#1_label_B1-0-0.mp4|0.1308179|(1,2103,0.1308179)
v=hxyhulJYz5I__#00-06-09_00-07-00_label_B6-0-0.mp4|0.70385283|(1,1226,0.70385283)
v=I7oSupyExVY__#1_label_A.mp4|0.9717449|(2,3001,0.022588948,3000,4825,0.9717449)
v=Ia9ATKNeUbY__#00-01-52_00-03-10_label_B6-0-0.mp4|0.40167165|(1,1874,0.40167165)
v=Ia9ATKNeUbY__#00-04-19_00-05-11_label_B6-0-0.mp4|0.60542625|(1,1250,0.60542625)
v=Ia9ATKNeUbY__#00-05-19_00-06-09_label_B6-0-0.mp4|0.9963043|(1,1202,0.9963043)
v=Ia9ATKNeUbY__#00-06-19_00-06-50_label_B6-0-0.mp4|0.954917|(1,746,0.954917)
v=ibYV3e17R5c__#1_label_A.mp4|0.15873994|(2,3001,0.045979176,3000,3375,0.15873994)
v=ICnreR1hxP0__#1_label_B4-0-0.mp4|0.9797503|(2,3001,0.028622286,3000,4328,0.9797503)
v=iegHZ_UWWsA__#00-14-05_00-20-33_label_B4-0-0.mp4|0.99044526|(4,3001,0.99044526,3000,6001,0.90951234,6000,9001,0.58638626,9000,9314,0.33348197)
v=iHuggczItBk__#00-01-00_00-02-45_label_B6-0-0.mp4|0.79867154|(1,2522,0.79867154)
v=iHuggczItBk__#00-03-00_00-03-55_label_B6-0-0.mp4|0.9890794|(1,1322,0.9890794)
v=iHuggczItBk__#00-04-00_00-04-55_label_B6-0-0.mp4|0.3626737|(1,1322,0.3626737)
v=iWfUqxibqG0__#1_label_G-0-0.mp4|0.90624726|(1,631,0.90624726)
v=IWzI9V3WSnc__#1_label_B4-0-0.mp4|0.07094075|(1,2689,0.07094075)
v=J67oj92maC0__#1_label_G-0-0.mp4|0.618507|(2,3001,0.618507,3000,4673,0.09359463)
v=jAvOGTD7_pU__#00-12-00_00-15-00_label_A.mp4|0.027360158|(2,3001,0.020506678,3000,4322,0.027360158)
v=JfLYNEsrTew__#1_label_G-0-0.mp4|0.76466477|(1,750,0.76466477)
v=JHsfKFF9Oag__#1_label_A.mp4|0.0015279613|(1,2699,0.0015279613)
v=jYENhkzdpO8__#00-00-00_00-01-31_label_B6-0-0.mp4|0.061173517|(1,2186,0.061173517)
v=JzrpCC7XmyE__#00-06-00_00-12-00_label_A.mp4|0.024915295|(3,3001,0.0022767198,3000,6001,0.016954524,6000,8642,0.024915295)
v=JzrpCC7XmyE__#01-06-00_01-12-00_label_A.mp4|0.016897446|(3,3001,0.016897446,3000,6001,0.0075305696,6000,8642,0.005096964)
v=J_ZsNd97wXw__#1_label_G-0-0.mp4|0.467677|(1,1204,0.467677)
v=k7R_Qo-BiAw__#00-10-30_00-10-51_label_B6-0-0.mp4|0.77894115|(1,506,0.77894115)
v=k98yVPXiYoU__#1_label_G-0-0.mp4|0.7422718|(1,736,0.7422718)
v=k_cvJa1kNaM__#1_label_B4-0-0.mp4|0.08335854|(2,3001,0.08335854,3000,5628,0.04378941)
v=KEh6EOQvQO0__#1_label_A.mp4|0.05589475|(2,3001,0.018987404,183,3183,0.05589475)
v=KERh4R2BbS0__#1_label_A.mp4|0.019500278|(7,3001,0.0010461002,3000,6001,0.00040441324,6000,9001,0.00509037,9000,12001,0.0002971253,12000,15001,0.00031170188,15000,18001,0.019500278,18000,20652,0.002174931)
v=kPWdgckIhLI__#1_label_B4-0-0.mp4|0.9958502|(1,793,0.9958502)
v=KUeUxbsBO6s__#1_label_B1-0-0.mp4|0.018692676|(1,2748,0.018692676)
v=kVl-6-A9ZO4__#00-08-01_00-09-35_label_B6-0-0.mp4|0.9687316|(1,2259,0.9687316)
v=-kwNh1lMU-w__#1_label_B4-0-0.mp4|0.4921276|(2,3001,0.4921276,3000,4081,0.20345715)
v=L2Qs4KyW-Co__#1_label_A.mp4|0.022081278|(2,3001,0.0003348575,3000,4426,0.022081278)
v=lcBUb7EOQ4o__#1_label_G-0-0.mp4|0.6694652|(1,2237,0.6694652)
v=ldnLxTablA8__#1_label_A.mp4|0.02142759|(1,2300,0.02142759)
v=LJ0Pu5_Mefs__#1_label_G-0-0.mp4|0.9932079|(1,984,0.9932079)
v=lpkL0Y1MhA8__#1_label_B4-0-0.mp4|0.0279552|(1,2524,0.0279552)
v=Lt9M_tSij_4__#00-00-00_00-04-24_label_B6-0-0.mp4|0.17115264|(3,3001,0.10378186,3000,6001,0.13140705,6000,6336,0.17115264)
v=lVJVRywgmYM__#1_label_A.mp4|0.9576358|(2,3001,0.05295653,3000,5937,0.9576358)
v=LYzmr5ORvCg__#1_label_A.mp4|0.1306974|(2,3001,0.0003434876,3000,3925,0.1306974)
v=lyZxvgPD4gM__#1_label_A.mp4|0.2636174|(2,3001,0.2636174,3000,5529,0.13408843)
v=m5Ya6z6qroo__#1_label_B4-0-0.mp4|0.98855954|(2,3001,0.98855954,3000,5647,0.87408733)
v=m5zK-tzYCQM__#1_label_B4-0-0.mp4|0.6221404|(1,1755,0.6221404)
v=m8EkFsaGPzU__#1_label_B4-0-0.mp4|0.47864196|(2,3001,0.023902316,3000,5703,0.47864196)
v=mfFYGFJhBI4__#1_label_A.mp4|0.12059709|(1,255,0.12059709)
v=MJLylzPRvyw__#1_label_B4-0-0.mp4|0.9847542|(2,3001,0.56244737,3000,3587,0.9847542)
v=MqrNCb2N5to__#1_label_B1-0-0.mp4|0.027995825|(1,2533,0.027995825)
v=MyM5G7fo7Gg__#00-06-00_00-09-00_label_A.mp4|0.2361972|(2,3001,0.0064462,3000,4322,0.2361972)
v=MyM5G7fo7Gg__#00-18-00_00-21-00_label_A.mp4|0.18273233|(2,3001,0.023432255,3000,4323,0.18273233)
v=n0AhGnEjako__#1_label_A.mp4|0.2734619|(1,2376,0.2734619)
v=NbNFfnVSIn8__#1_label_A.mp4|0.017204147|(2,3001,0.017204147,3000,4592,0.014149554)
v=NeAC-MfTZzU__#00-15-00_00-18-00_label_A.mp4|0.005288147|(2,3001,0.005288147,3000,4322,0.0026391628)
v=NjI-AuzKgMc__#1_label_A.mp4|0.00016481162|(1,2836,0.00016481162)
v=nLAapCIlr-o__#00-07-22_00-08-19_label_B6-0-0.mp4|0.9698064|(1,1370,0.9698064)
v=nLAapCIlr-o__#00-08-35_00-10-25_label_B6-0-0.mp4|0.27035668|(1,2642,0.27035668)
v=nLAapCIlr-o__#00-11-00_00-12-45_label_B6-0-0.mp4|0.99888855|(1,2522,0.99888855)
v=nLAapCIlr-o__#00-16-10_00-18-09_label_B6-0-0.mp4|0.9964006|(1,2858,0.9964006)
v=NnmqkS1e88s__#1_label_B4-0-0.mp4|0.004421339|(1,1752,0.004421339)
v=ntaXjnpusxM__#1_label_G-0-0.mp4|0.22917019|(1,688,0.22917019)
v=O9g1uuI62m0__#1_label_B4-0-0.mp4|0.47939044|(2,3001,0.47939044,3000,4545,0.16383873)
v=OB0-MXNPUIU__#1_label_B4-0-0.mp4|0.047395505|(2,3001,0.047395505,3000,4021,0.03113872)
v=ODGDLQ0TT3M__#1_label_A.mp4|0.0042946506|(1,2138,0.0042946506)
v=OE9t3XImErk__#1_label_B1-0-0.mp4|0.70836395|(1,557,0.70836395)
v=OFxPTJxA5pg__#1_label_B4-0-0.mp4|0.20787057|(6,3001,0.021502582,3000,6001,0.20787057,6000,9001,0.1643837,9000,12001,0.20640065,12000,15001,0.07491528,15000,17542,0.010233426)
v=Oh6FDdpH08A__#1_label_A.mp4|0.14173771|(2,3001,0.047869943,3000,3344,0.14173771)
v=oipd63DGadU__#1_label_B1-0-0.mp4|0.050294306|(1,1398,0.050294306)
v=ONsmJAyFAAw__#1_label_G-0-0.mp4|0.22008827|(1,1563,0.22008827)
v=OOjjPGN8jSU__#1_label_B6-0-0.mp4|0.029038573|(2,3001,0.029038573,3000,5918,0.011720644)
v=osjdmjNJUdg__#1_label_B1-0-0.mp4|0.19982849|(1,2320,0.19982849)
v=ovQ1VTJ_IUI__#1_label_B1-0-0.mp4|0.045935743|(1,1688,0.045935743)
v=p2ggHwtb-Zg__#00-21-00_00-24-00_label_A.mp4|0.0034044757|(2,3001,0.0034044757,3000,4323,0.0021873303)
v=p2ggHwtb-Zg__#00-24-00_00-27-00_label_A.mp4|0.03540131|(2,3001,0.0028858136,3000,4322,0.03540131)
v=p7kvQ4OpDgU__#1_label_B4-0-0.mp4|0.8337848|(1,1889,0.8337848)
v=pCyCi-q4MqY__#1_label_A.mp4|0.7630007|(2,3001,0.00019139389,3000,4714,0.7630007)
v=Pf7WtK-YPDA__#1_label_A.mp4|0.7305733|(1,1954,0.7305733)
v=pFamvR9CpYw__#00-00-00_00-06-36_label_B4-0-0.mp4|0.76912534|(4,3001,0.607728,3000,6001,0.0762869,6000,9001,0.30896372,9000,9506,0.76912534)
v=pFamvR9CpYw__#00-06-36_00-15-20_label_B4-0-0.mp4|0.6432137|(5,3001,0.6432137,3000,6001,0.46753153,6000,9001,0.10908209,9000,12001,0.20393768,12000,12579,0.35871464)
v=pHZ9gOfmY_k__#1_label_B4-0-0.mp4|0.32941142|(2,3001,0.32941142,3000,5179,0.058331706)
v=pL2HjXvWuPc__#1_label_B1-0-0.mp4|0.0014632654|(2,3001,0.0014632654,3000,4836,0.00020725885)
v=plhVMWR33go__#1_label_A.mp4|0.33807603|(3,3001,0.021359615,3000,6001,0.011664088,6000,8047,0.33807603)
v=pMtu7fOHdII__#1_label_B1-0-0.mp4|0.124145344|(1,1252,0.124145344)
v=PRH5rYUHoVU__#00-00-25_00-02-50_label_B6-0-0.mp4|0.9725604|(2,3001,0.57550144,3000,3480,0.9725604)
v=PuZy1PQIgrA__#1_label_B1-0-0.mp4|0.8838837|(1,2816,0.8838837)
v=PWBZiM-rkoE__#1_label_G-0-0.mp4|0.0019512195|(1,2711,0.0019512195)
v=q2SP66Jb6Cw__#00-00-00_00-06-00_label_A.mp4|0.031253714|(3,3001,0.02730542,3000,6001,0.023012225,6000,8642,0.031253714)
v=Q6zIX29HkSo__#1_label_B4-0-0.mp4|0.99770314|(1,2145,0.99770314)
v=Q7NpJXOTiMY__#1_label_G-0-0.mp4|0.015457428|(1,1628,0.015457428)
v=Q8b0XbtpFsA__#1_label_A.mp4|0.36269182|(2,3001,0.36269182,3000,4633,0.052078795)
v=Q8K7roZu3WU__#1_label_B1-0-0.mp4|0.0012977312|(1,1295,0.0012977312)
v=Q9Re4CnFJRg__#00-01-21_00-01-47_label_G-0-0.mp4|0.09109039|(1,624,0.09109039)
v=QBfO3qfo7zg__#1_label_A.mp4|0.583312|(2,3001,0.583312,3000,4661,0.30521372)
v=Qc3pAEeK16A__#1_label_B1-0-0.mp4|0.96988106|(1,1409,0.96988106)
v=q_DhkdHGXos__#1_label_B1-0-0.mp4|0.098471016|(2,3001,0.010087838,3000,4638,0.098471016)
v=qhUItxoTrmg__#1_label_A.mp4|0.039672643|(2,3001,0.0013800963,3000,4571,0.039672643)
v=QiLNvC7CIuY__#1_label_A.mp4|0.7783749|(1,1161,0.7783749)
v=qmsQ-obL1Z4__#00-03-26_00-04-04_label_B6-0-0.mp4|0.3945739|(1,912,0.3945739)
v=QozLwYYVotY__#1_label_A.mp4|0.06020876|(2,3001,0.026069783,254,3254,0.06020876)
v=qqsd-cZr01k__#00-01-00_00-02-45_label_B6-0-0.mp4|0.8012136|(1,2522,0.8012136)
v=qqsd-cZr01k__#00-06-10_00-07-19_label_B6-0-0.mp4|0.6362849|(1,1658,0.6362849)
v=qrKfaX1lCUM__#1_label_G-0-0.mp4|0.012092863|(3,3001,0.012092863,3000,6001,0.0050817383,6000,7409,0.0004477856)
v=Q-u3Y9TkZhQ__#1_label_B4-0-0.mp4|0.064960435|(1,1036,0.064960435)
v=QUlWIIHMIEQ__#1_label_A.mp4|0.9876066|(1,1106,0.9876066)
v=qV4YYnXdQCc__#00-03-00_00-06-00_label_A.mp4|0.00028329963|(2,3001,0.00028329963,3000,4322,0.00026696385)
v=QWwDsPSe7iM__#1_label_B4-0-0.mp4|0.041085403|(1,2334,0.041085403)
v=qyTGi0N4OVg__#1_label_G-0-0.mp4|0.96194804|(1,1248,0.96194804)
v=rAlZRFZTwxM__#00-03-13_00-07-08_label_G-0-0.mp4|0.13671733|(2,3001,0.13671733,3000,5641,0.10111688)
v=RarYGpz-blM__#1_label_A.mp4|0.67533773|(2,3001,0.00034909384,3000,3384,0.67533773)
v=Rc9EOFjtj0c__#1_label_B6-0-0.mp4|0.6411948|(2,3001,0.55423677,3000,3365,0.6411948)
v=rJgg00ic1G8__#1_label_A.mp4|0.0025934586|(2,3001,0.0016974797,3000,5651,0.0025934586)
v=rJz4NXm6vis__#1_label_B4-0-0.mp4|0.61009765|(1,1892,0.61009765)
v=rKpXqwE2rg8__#00-01-57_00-03-06_label_B4-0-0.mp4|0.6763565|(1,1658,0.6763565)
v=rmDBn5Rpd3s__#1_label_A.mp4|0.44153878|(1,707,0.44153878)
v=ROrpKx3aIjA__#1_label_G-0-0.mp4|0.9997956|(1,1300,0.9997956)
v=RRiN5W9XwJE__#1_label_A.mp4|0.4217291|(1,2616,0.4217291)
v=RUjrMYWhLng__#1_label_B6-0-0.mp4|0.6222789|(4,3001,0.37259617,3000,6001,0.11091142,6000,9001,0.10910503,9000,10434,0.6222789)
v=rXWOpZ7W2fA__#1_label_B1-0-0.mp4|0.98972064|(1,2796,0.98972064)
v=S1meRf5BsEw__#1_label_A.mp4|0.3377864|(2,3001,0.0019836174,3000,4104,0.3377864)
v=S-7rRLrxnVQ__#1_label_B4-0-0.mp4|0.9382689|(2,3001,0.9382689,273,3273,0.9293786)
v=sbEHU4GskX4__#1_label_B1-0-0.mp4|0.014169161|(1,2832,0.014169161)
v=SdYFFo_tsfk__#00-00-00_00-06-00_label_A.mp4|0.01395287|(3,3001,0.011443336,3000,6001,0.0027551819,6000,8642,0.01395287)
v=SdYFFo_tsfk__#00-18-00_00-24-00_label_A.mp4|0.01866281|(3,3001,0.0010936096,3000,6001,2.1875932e-05,6000,8642,0.01866281)
v=SE5fxK7SasU__#00-03-23_00-04-08_label_B4-0-0.mp4|0.98163015|(1,1082,0.98163015)
v=sE-DC2trBkI__#00-01-00_00-02-45_label_B6-0-0.mp4|0.5109752|(1,2522,0.5109752)
v=sE-DC2trBkI__#00-03-00_00-04-09_label_B6-0-0.mp4|0.17059284|(1,1658,0.17059284)
v=sE-DC2trBkI__#00-09-00_00-10-05_label_B6-0-0.mp4|0.65989524|(1,1563,0.65989524)
v=SmFpAAHmoII__#1_label_A.mp4|0.090550505|(2,3001,0.090550505,3000,3951,0.00019674687)
v=smnw0Q7AxFQ__#1_label_A.mp4|0.005802131|(3,3001,0.0026641123,3000,6001,0.0005644183,6000,7956,0.005802131)
v=SMy2_qNO2Y0__#00-01-50_00-03-13_label_G-0-0.mp4|0.10404071|(1,1994,0.10404071)
v=TfS-MJoVNjM__#1_label_B4-0-0.mp4|0.38895324|(1,1311,0.38895324)
v=tI7fktKY6OU__#1_label_A.mp4|0.07805744|(5,3001,0.07805744,3000,6001,0.001789638,6000,9001,0.0076285675,9000,12001,0.0043976028,12000,14916,0.0024835216)
v=tivXK3PGByk__#1_label_B1-0-0.mp4|0.9537811|(2,3001,0.0037214153,3000,3690,0.9537811)
v=tlFJIG9mTGQ__#00-12-00_00-15-00_label_A.mp4|0.01205617|(2,3001,0.00020543738,3000,4322,0.01205617)
v=tlFJIG9mTGQ__#00-15-00_00-18-36_label_A.mp4|0.015361403|(2,3001,0.0010145173,3000,5187,0.015361403)
v=T-LH8Gv5zzY__#1_label_B4-0-0.mp4|0.017686259|(1,2426,0.017686259)
v=TOEVc-pOEwM__#00-08-40_00-10-40_label_B6-0-0.mp4|0.17867666|(1,2883,0.17867666)
v=tP19WuyY3IY__#00-00-00_00-00-51_label_B6-0-0.mp4|0.2784133|(1,1226,0.2784133)
v=tP19WuyY3IY__#00-06-10_00-07-51_label_B6-0-0.mp4|0.9536513|(1,2426,0.9536513)
v=-tqHsoEoUyY__#1_label_A.mp4|0.7497849|(1,1011,0.7497849)
v=_tsSKAsVZfo__#1_label_B4-0-0.mp4|0.03841043|(1,2534,0.03841043)
v=TsuuRo6PEXM__#1_label_B1-0-0.mp4|0.027652513|(2,3001,0.027652513,3000,4343,0.02076293)
v=tT-SrQC6Ddw__#00-04-00_00-05-15_label_B6-0-0.mp4|0.470597|(1,1800,0.470597)
v=t_TZYpT6xjY__#1_label_A.mp4|0.0016604214|(2,3001,0.00109739,3000,4741,0.0016604214)
v=tv0rI-5ycBU__#1_label_B4-0-0.mp4|0.9843196|(2,3001,0.9818033,249,3249,0.9843196)
v=u0Tnw01PNxc__#1_label_B4-0-0.mp4|0.23950115|(1,1377,0.23950115)
v=u5SF4SlqNDQ__#00-00-00_00-01-00_label_G-0-0.mp4|0.33016932|(1,1442,0.33016932)
v=u5SF4SlqNDQ__#00-02-39_00-03-41_label_G-0-0.mp4|0.03424378|(1,1491,0.03424378)
v=U6MC8JJJZSY__#1_label_G-0-0.mp4|0.55985475|(1,1045,0.55985475)
v=uBXprlsmd18__#00-03-00_00-04-09_label_B6-0-0.mp4|0.7198391|(1,1658,0.7198391)
v=uBXprlsmd18__#00-06-10_00-07-19_label_B6-0-0.mp4|0.96715796|(1,1658,0.96715796)
v=UK2w9Sh47fM__#1_label_G-0-0.mp4|0.6801899|(1,1198,0.6801899)
v=UK--hvgP2uY__#1_label_G-0-0.mp4|0.11614762|(1,2605,0.11614762)
v=uprb6aBzymw__#00-03-03_00-05-13_label_B4-0-0.mp4|0.10316076|(2,3001,0.053814005,121,3121,0.10316076)
v=uQY15O3LKI0__#1_label_B6-0-0.mp4|0.94282|(2,3001,0.94282,3000,3970,0.21342495)
v=usAvzbDq6-c__#00-03-00_00-06-00_label_A.mp4|0.016241461|(2,3001,0.00192188,3000,4322,0.016241461)
v=usAvzbDq6-c__#00-18-00_00-21-00_label_A.mp4|0.15389606|(2,3001,0.15389606,3000,4322,0.0015373585)
v=usAvzbDq6-c__#00-21-00_00-24-00_label_A.mp4|0.07416947|(2,3001,0.01934743,3000,4322,0.07416947)
v=utQ5AvXtNLA__#1_label_B4-0-0.mp4|0.87460184|(1,1076,0.87460184)
v=UYFR-XbyZQc__#00-01-19_00-02-42_label_G-0-0.mp4|0.08970623|(1,1992,0.08970623)
v=uyvM-vq5DwA__#1_label_A.mp4|0.008920709|(2,3001,0.008920709,3000,4788,0.0067570494)
v=UzxuX79xq4s__#1_label_B4-0-0.mp4|0.19598009|(2,3001,0.19598009,3000,5286,0.011301167)
v=V7FtjJStY1M__#1_label_G-0-0.mp4|0.5807017|(1,360,0.5807017)
v=vaSOMEIe1Bg__#1_label_G-0-0.mp4|0.7322882|(1,1385,0.7322882)
v=VcsJf1q9QX8__#1_label_A.mp4|0.07035523|(1,2560,0.07035523)
v=vFPQ_NiDBIU__#00-42-00_00-48-00_label_A.mp4|0.39967725|(3,3001,0.39967725,3000,6001,0.29476082,6000,8640,0.33444786)
v=vFPQ_NiDBIU__#01-00-00_01-06-00_label_A.mp4|0.42559212|(3,3001,0.42559212,3000,6001,0.0458461,6000,8640,0.030964382)
v=vFPQ_NiDBIU__#01-48-00_01-54-00_label_A.mp4|0.03255528|(3,3001,0.0025898423,3000,6001,0.021874947,6000,8640,0.03255528)
v=vFPQ_NiDBIU__#02-42-00_02-48-00_label_A.mp4|0.024916844|(3,3001,0.0016742343,3000,6001,0.024916844,6000,8640,0.00020196587)
v=VGP9qh7U4H0__#1_label_A.mp4|0.5500193|(2,3001,0.070778765,3000,5284,0.5500193)
v=vhACO_m5pH0__#00-09-42_00-10-40_label_B6-0-0.mp4|0.47772443|(1,1394,0.47772443)
v=vhACO_m5pH0__#00-10-42_00-11-40_label_B6-0-0.mp4|0.6654409|(1,1394,0.6654409)
v=vhACO_m5pH0__#00-14-42_00-15-40_label_B6-0-0.mp4|0.85172826|(1,1394,0.85172826)
v=vhACO_m5pH0__#00-17-42_00-18-40_label_B6-0-0.mp4|0.92331076|(1,1394,0.92331076)
v=vhACO_m5pH0__#00-20-42_00-22-40_label_B6-0-0.mp4|0.46168965|(1,2834,0.46168965)
v=vHnAmx0UYbM__#1_label_A.mp4|0.53681624|(7,3001,0.100370295,3000,6001,0.03950077,6000,9001,0.0034992893,9000,12001,0.00952339,12000,15001,0.0022892754,15000,18001,0.051423013,18000,20045,0.53681624)
v=v_LxqgpRouM__#1_label_G-0-0.mp4|0.38690692|(1,889,0.38690692)
v=VNQ1Vkz_cM4__#1_label_A.mp4|0.077050835|(2,3001,0.077050835,3000,5622,0.05762578)
v=v-Plzx73K68__#1_label_B4-0-0.mp4|0.44125673|(1,1016,0.44125673)
v=vp_W8CqtCug__#1_label_A.mp4|0.028310847|(2,3001,0.0006836923,3000,3806,0.028310847)
v=vQ9AwVrM9pU__#1_label_A.mp4|0.0073142424|(2,3001,0.0073142424,138,3138,0.004846484)
v=VRn8Tc02TbU__#00-18-00_00-21-00_label_A.mp4|0.009477876|(2,3001,0.009477876,3000,4322,0.005554069)
v=vsI_pKNcgeQ__#00-15-00_00-18-00_label_A.mp4|0.00046334363|(2,3001,5.575552e-05,3000,4322,0.00046334363)
v=vv-MFJPi4Qs__#1_label_G-0-0.mp4|0.981519|(1,1004,0.981519)
v=w16YmhAZ1_Y__#1_label_G-0-0.mp4|0.999964|(1,1480,0.999964)
v=w2NgAYJHnS0__#1_label_G-0-0.mp4|0.36263162|(1,1011,0.36263162)
v=W5qLlC9il3s__#1_label_A.mp4|0.0038222098|(1,1385,0.0038222098)
v=waIS8TaJxts__#00-00-00_00-00-51_label_B6-0-0.mp4|0.9901939|(1,1226,0.9901939)
v=waIS8TaJxts__#00-01-30_00-02-45_label_B6-0-0.mp4|0.6054299|(1,1802,0.6054299)
v=waIS8TaJxts__#00-05-50_00-06-20_label_B6-0-0.mp4|0.51793915|(1,723,0.51793915)
v=waIS8TaJxts__#00-07-40_00-08-50_label_B6-0-0.mp4|0.9889348|(1,1682,0.9889348)
v=waIS8TaJxts__#00-09-00_00-10-45_label_B6-0-0.mp4|0.010101138|(1,2522,0.010101138)
v=Wc2QW06H48M__#1_label_A.mp4|0.3672402|(1,1554,0.3672402)
v=wG-2t0M8CPc__#1_label_B1-0-0.mp4|0.87319845|(1,2073,0.87319845)
v=WiS3TIvykeY__#1_label_B4-0-0.mp4|0.19340459|(1,1562,0.19340459)
v=wnd3IYH7x1o__#1_label_G-0-0.mp4|0.15659639|(1,1139,0.15659639)
v=Wp6gzFUaci8__#1_label_A.mp4|0.0004095464|(1,2780,0.0004095464)
v=wPkBaI6vOv0__#00-00-00_00-01-00_label_G-0-0.mp4|0.7172763|(1,1442,0.7172763)
v=wQrV75N2BrI__#1_label_A.mp4|0.038697053|(12,3001,0.007020805,3000,6001,0.011042273,6000,9001,0.038697053,9000,12001,0.0020602087,12000,15001,0.006410673,15000,18001,0.0010946149,18000,21001,0.013338421,21000,24001,0.004164379,24000,27001,0.004233143,27000,30001,0.0023890191,30000,33001,0.0009632757,30196,33196,0.0008135938)
v=wVey5JDRf_g__#00-00-00_00-01-20_label_B6-0-0.mp4|0.416465|(1,1922,0.416465)
v=wVey5JDRf_g__#00-01-30_00-02-41_label_B6-0-0.mp4|0.9493204|(1,1706,0.9493204)
v=wVey5JDRf_g__#00-04-09_00-05-06_label_B6-0-0.mp4|0.9285046|(1,1371,0.9285046)
v=x0-z4h6mFoU__#1_label_A.mp4|0.0005083229|(2,3001,4.5724035e-05,3000,4610,0.0005083229)
v=X1arMZmYhsk__#00-13-00_00-14-09_label_B6-0-0.mp4|0.8985661|(1,1658,0.8985661)
v=X4I8FhpGJwo__#00-07-40_00-08-50_label_B6-0-0.mp4|0.959977|(1,1682,0.959977)
v=X4I8FhpGJwo__#00-09-00_00-10-45_label_B6-0-0.mp4|0.5123734|(1,2522,0.5123734)
v=X60PecZRLGE__#1_label_A.mp4|0.18679509|(1,2644,0.18679509)
v=X6Tbn8_X-Os__#1_label_B1-0-0.mp4|0.11069341|(2,3001,0.11069341,3000,4899,0.01973132)
v=xbPWQKZspfU__#1_label_B1-0-0.mp4|0.19286682|(2,3001,0.19286682,3000,5034,0.0016956966)
v=xe4ee56aHSg__#1_label_G-0-0.mp4|0.9672036|(1,532,0.9672036)
v=Y1hxr1MWLjM__#1_label_B1-0-0.mp4|0.0021669515|(2,3001,0.0021669515,71,3071,0.0009916627)
v=y1z12D5bx7c__#1_label_B4-0-0.mp4|0.7114972|(2,3001,0.11703185,3000,4850,0.7114972)
v=Y43UkfAe_bc__#00-00-00_00-01-40_label_B4-0-0.mp4|0.15042165|(1,2402,0.15042165)
v=y7JEq-kf-2I__#00-01-50_00-02-30_label_A.mp4|0.0968424|(1,960,0.0968424)
v=y7vIfdKwHDk__#1_label_A.mp4|0.040680103|(2,3001,0.040680103,3000,4182,0.032701187)
v=YANmwpkuWRo__#1_label_G-0-0.mp4|0.34362572|(1,1080,0.34362572)
v=yDqThVpu1AM__#1_label_B4-0-0.mp4|0.20199291|(1,744,0.20199291)
v=YdrISbwy_zI__#1_label_G-0-0.mp4|0.99821556|(1,1723,0.99821556)
v=YhCSFZNwfHc__#00-01-15_00-01-42_label_G-B2-0.mp4|0.5661482|(1,648,0.5661482)
v=YKtw6uLEGps__#1_label_B4-0-0.mp4|0.9229276|(1,2934,0.9229276)
v=_YobflFU_HU__#00-06-10_00-07-51_label_B6-0-0.mp4|0.99643034|(1,2426,0.99643034)
v=Yr41_8QOTF8__#00-09-00_00-12-00_label_A.mp4|0.005085675|(2,3001,0.005085675,3000,4321,0.0044070072)
v=Yr41_8QOTF8__#00-21-00_00-24-00_label_A.mp4|0.07420966|(2,3001,0.0027051223,3000,4321,0.07420966)
v=yrpZJ8Vr3aA__#1_label_B1-0-0.mp4|0.22851928|(1,2354,0.22851928)
v=yviKz5J-pEA__#1_label_A.mp4|0.67685443|(2,3001,0.67685443,3000,3731,0.56476766)
v=yvnj5VIDsNI__#1_label_B4-0-0.mp4|0.99346256|(2,3001,0.99346256,3000,4890,0.7407074)
v=yy-KIWDcBr4__#00-08-35_00-10-25_label_B6-0-0.mp4|0.99349594|(1,2642,0.99349594)
v=yy-KIWDcBr4__#00-16-10_00-17-19_label_B6-0-0.mp4|0.4311649|(1,1658,0.4311649)
v=yZ2wlTAN49g__#00-03-00_00-06-00_label_A.mp4|0.16257383|(2,3001,0.00014278869,3000,4322,0.16257383)
v=Z12t5h2mBJc__#1_label_B1-0-0.mp4|0.017325146|(2,3001,0.017325146,3000,5047,0.0071503166)
v=ZCjNPgNu42g__#1_label_B4-0-0.mp4|0.7262746|(2,3001,0.66892827,3000,3483,0.7262746)
v=zI0q5UDP47g__#1_label_B4-0-0.mp4|0.99917966|(2,3001,0.99917966,3000,3603,0.9991622)
v=ZkUciDD55kA__#00-00-00_00-00-30_label_G-0-0.mp4|0.8956139|(1,722,0.8956139)
v=ZnFlL84K7HE__#00-27-53_00-34-45_label_B4-0-0.mp4|0.22350536|(4,3001,0.111235015,3000,6001,0.0019615393,6000,9001,0.22350536,9000,9890,0.095224515)
v=zoIn2hOrUIM__#00-01-00_00-02-45_label_B6-0-0.mp4|0.96563286|(1,2522,0.96563286)
v=zoIn2hOrUIM__#00-06-10_00-07-19_label_B6-0-0.mp4|0.98866814|(1,1658,0.98866814)
v=ZoS8gm5OcOM__#00-06-20_00-07-30_label_B6-0-0.mp4|0.83909035|(1,1682,0.83909035)
v=ZoS8gm5OcOM__#00-07-50_00-08-55_label_B6-0-0.mp4|0.3598638|(1,1562,0.3598638)
v=ZpWR_YZNZTM__#1_label_A.mp4|0.00089537463|(2,3001,4.1984425e-05,3000,3437,0.00089537463)
v=zQbnQBCTSiA__#1_label_B1-0-0.mp4|0.19178897|(2,3001,0.19178897,3000,5695,0.16548912)
wangted.2008__#0-22-55_0-23-40_label_B2-0-0.mp4|0.043443915|(1,1081,0.043443915)
wangted.2008__#0-27-17_0-28-07_label_A.mp4|0.970478|(1,1200,0.970478)
wangted.2008__#0-45-25_0-47-01_label_B1-0-0.mp4|0.9507365|(1,2305,0.9507365)
wangted.2008__#0-48-30_0-49-00_label_B2-0-0.mp4|0.06558169|(1,721,0.06558169)
Yellow.Sea.2010__#00-10-16_00-11-14_label_A.mp4|0.43445376|(1,1393,0.43445376)
Yellow.Sea.2010__#01-04-00_01-04-50_label_B1-0-0.mp4|0.93854034|(1,1200,0.93854034)
Yellow.Sea.2010__#01-05-40_01-06-47_label_B1-B2-0.mp4|0.77280754|(1,1609,0.77280754)
Yellow.Sea.2010__#01-58-30_01-59-27_label_B5-0-0.mp4|0.9916454|(1,1369,0.9916454)
Young.And.Dangerous.I.1996__#0-20-50_0-22-15_label_B1-0-0.mp4|0.042015906|(1,2041,0.042015906)
Young.And.Dangerous.I.1996__#0-46-25_0-46-55_label_B6-0-0.mp4|0.97434765|(1,722,0.97434765)
Young.And.Dangerous.I.1996__#0-46-57_0-48-57_label_B1-0-0.mp4|0.9923768|(1,2881,0.9923768)
Young.And.Dangerous.I.1996__#0-55-09_0-56-59_label_A.mp4|0.0050333403|(1,2641,0.0050333403)
Young.And.Dangerous.II.1996__#0-53-25_0-54-20_label_A.mp4|0.00016066665|(1,1322,0.00016066665)
Young.And.Dangerous.III.1996__#00-15-52_00-17-00_label_A.mp4|0.00017585856|(1,1634,0.00017585856)
Young.And.Dangerous.III.1996__#00-23-00_00-25-54_label_B4-0-0.mp4|0.306298|(2,3001,0.0073401164,3000,4178,0.306298)
Young.And.Dangerous.IV.1997__#0-10-35_0-11-50_label_A.mp4|0.008655067|(1,1801,0.008655067)
Young.And.Dangerous.IV.1997__#01-07-50_01-09-45_label_B1-0-0.mp4|0.9473288|(1,2761,0.9473288)
Young.And.Dangerous.IV.1997__#01-32-04_01-32-58_label_B1-0-0.mp4|0.045075703|(1,1297,0.045075703)
Your.Name.2016__#00-05-52_00-08-22_label_A.mp4|0.07088286|(2,3001,0.009021435,3000,3601,0.07088286)
Your.Name.2016__#01-01-20_01-04-00_label_A.mp4|0.76672894|(2,3001,0.05983979,3000,3841,0.76672894)
