v=PRH5rYUHoVU__#00-00-25_00-02-50_label_B6-0-0.mp4|0.9979481|(1,3480,0.9979481)
v=0W8LohxH9nI__#1_label_B1-0-0.mp4|0.16504315|(1,1413,0.16504315)
GoldenEye.1995__#02-03-40_02-04-13_label_G-0-0.mp4|0.99963355|(1,794,0.99963355)
Taken.3.2014__#01-12-48_01-14-30_label_B2-B1-0.mp4|0.99904794|(1,2449,0.99904794)
Crank.Dircut.2006__#0-27-42_0-29-01_label_B1-0-0.mp4|0.96091914|(1,1898,0.96091914)
Sin.City.2005__#0-10-40_0-11-40_label_B2-0-0.mp4|0.09078722|(1,1441,0.09078722)
Rush.Hour.1998.BluRay__#00-11-05_00-12-10_label_B2-B1-0.mp4|0.9999778|(1,1562,0.9999778)
Mission.Impossible.II.2000__#01-18-55_01-20-53_label_B2-0-0.mp4|0.072059296|(1,2833,0.072059296)
v=ntaXjnpusxM__#1_label_G-0-0.mp4|0.99275315|(1,688,0.99275315)
Rush.Hour.1998.BluRay__#00-08-08_00-09-15_label_B2-B6-G.mp4|0.96841866|(1,1609,0.96841866)
v=zoIn2hOrUIM__#00-01-00_00-02-45_label_B6-0-0.mp4|0.9980627|(1,2522,0.9980627)
v=q_DhkdHGXos__#1_label_B1-0-0.mp4|0.12477804|(2,4001,0.023436194,638,4638,0.12477804)
v=GI49YSCruwY__#1_label_B4-0-0.mp4|0.62425864|(1,3032,0.62425864)
v=kVl-6-A9ZO4__#00-08-01_00-09-35_label_B6-0-0.mp4|0.99973935|(1,2259,0.99973935)
v=cuUK-3MNqtw__#1_label_B1-0-0.mp4|0.018380119|(1,2063,0.018380119)
GoldenEye.1995__#00-10-00_00-10-40_label_G-0-0.mp4|0.98083466|(1,961,0.98083466)
Black.Hawk.Down.2001__#02-00-12_02-01-29_label_B2-0-0.mp4|0.98129386|(1,1850,0.98129386)
The.Bourne.Ultimatum.2007__#01-44-02_01-44-11_label_B2-0-0.mp4|0.97300273|(1,217,0.97300273)
Shoot.Em.Up.2007__#00-32-40_00-35-10_label_B2-0-0.mp4|0.9999403|(1,3601,0.9999403)
v=pFamvR9CpYw__#00-06-36_00-15-20_label_B4-0-0.mp4|0.99206185|(4,4001,0.89626104,4000,8001,0.33266816,8000,12001,0.99206185,8579,12579,0.8430032)
Operation.Red.Sea.2018__#0-16-06_0-16-46_label_G-0-0.mp4|0.988487|(1,960,0.988487)
The.Hurt.Locker.2008__#0-08-45_0-09-57_label_G-0-0.mp4|0.9998535|(1,1729,0.9998535)
Mission.Impossible.III.2006__#00-19-56_00-20-26_label_B2-0-0.mp4|0.9998388|(1,721,0.9998388)
Yellow.Sea.2010__#01-58-30_01-59-27_label_B5-0-0.mp4|0.9988611|(1,1369,0.9988611)
v=6TR2rcgHm4g__#1_label_B4-0-0.mp4|0.9910842|(1,1621,0.9910842)
Fast.Furious.6.2013__#00-45-40_00-47-13_label_B2-0-0.mp4|0.99855846|(1,2233,0.99855846)
New.Kids.Turbo.2010__#00-50-13_00-50-34_label_B1-0-0.mp4|0.8794783|(1,504,0.8794783)
Mission.Impossible.II.2000__#01-29-30_01-29-44_label_B1-0-0.mp4|0.9999471|(1,337,0.9999471)
Lord.of.War__#00-50-10_00-50-50_label_G-0-0.mp4|0.9973488|(1,961,0.9973488)
v=RUjrMYWhLng__#1_label_B6-0-0.mp4|0.96044487|(3,4001,0.96044487,4000,8001,0.7856913,6434,10434,0.5220827)
v=vhACO_m5pH0__#00-20-42_00-22-40_label_B6-0-0.mp4|0.9994363|(1,2834,0.9994363)
Operation.Red.Sea.2018__#0-25-36_0-26-03_label_G-0-0.mp4|0.964226|(1,648,0.964226)
v=SMy2_qNO2Y0__#00-01-50_00-03-13_label_G-0-0.mp4|0.9799559|(1,1994,0.9799559)
God.Bless.America.2011__#00-12-40_00-13-12_label_B2-0-0.mp4|0.9249157|(1,769,0.9249157)
v=7xQr5wYwNPg__#1_label_B4-0-0.mp4|0.00358749|(1,1121,0.00358749)
v=qmsQ-obL1Z4__#00-03-26_00-04-04_label_B6-0-0.mp4|0.9989348|(1,912,0.9989348)
City.of.God.2002__#00-37-20_00-38-02_label_B5-0-0.mp4|3.226256e-05|(1,1009,3.226256e-05)
v=qqsd-cZr01k__#00-06-10_00-07-19_label_B6-0-0.mp4|0.57864785|(1,1658,0.57864785)
v=nLAapCIlr-o__#00-16-10_00-18-09_label_B6-0-0.mp4|0.9999852|(1,2858,0.9999852)
The.Bourne.Identity.2002__#0-54-45_0-56-25_label_B6-0-0.mp4|0.99999034|(1,2401,0.99999034)
v=15wDrZJQpsw__#00-00-00_00-00-51_label_B6-0-0.mp4|0.9997048|(1,1226,0.9997048)
v=EH_QB6cm6BE__#1_label_G-0-0.mp4|0.3882273|(1,658,0.3882273)
Rush.Hour.3.2007.BluRay__#00-40-56_00-41-52_label_B2-0-0.mp4|0.97655267|(1,1345,0.97655267)
v=m5zK-tzYCQM__#1_label_B4-0-0.mp4|0.9776143|(1,1755,0.9776143)
Fast.Five.2011__#00-32-05_00-32-24_label_B1-B2-0.mp4|0.99999547|(1,457,0.99999547)
The.Hurt.Locker.2008__#01-02-10_01-03-55_label_B2-0-0.mp4|0.9423294|(1,2521,0.9423294)
Tropa.de.Elite.2.2010__#01-33-01_01-33-30_label_B2-0-0.mp4|0.9999927|(1,698,0.9999927)
v=wG-2t0M8CPc__#1_label_B1-0-0.mp4|0.2922691|(1,2073,0.2922691)
Fast.Furious.2009__#01-29-10_01-29-55_label_B2-0-0.mp4|0.99821436|(1,1080,0.99821436)
Jason.Bourne.2016__#0-17-25_0-18-53_label_B4-0-0.mp4|0.99975735|(1,2112,0.99975735)
Mission.Impossible.III.2006__#01-06-52_01-07-15_label_G-0-0.mp4|0.99999833|(1,553,0.99999833)
v=tivXK3PGByk__#1_label_B1-0-0.mp4|0.026343547|(1,3690,0.026343547)
Sin.City.2005__#0-29-34_0-29-56_label_B2-0-0.mp4|0.9495367|(1,529,0.9495367)
Ip.Man.3.2015__#00-17-51_00-18-51_label_B1-0-0.mp4|0.24571034|(1,1440,0.24571034)
v=6nfo9c7a5pE__#1_label_B1-0-0.mp4|0.0072583584|(1,1235,0.0072583584)
v=2WkuPNLfl5s__#1_label_B4-0-0.mp4|0.9998223|(1,1242,0.9998223)
The.Bourne.Identity.2002__#01-45-00_01-45-46_label_B1-0-0.mp4|0.8434253|(1,1104,0.8434253)
v=UYFR-XbyZQc__#00-01-19_00-02-42_label_G-0-0.mp4|0.9791423|(1,1992,0.9791423)
v=aQ3qMpgZjwg__#00-00-00_00-01-48_label_B4-0-0.mp4|0.5122362|(1,2593,0.5122362)
Black.Hawk.Down.2001__#01-32-40_01-34-00_label_B4-0-0.mp4|0.99921334|(1,1921,0.99921334)
God.Bless.America.2011__#01-32-00_01-32-50_label_B2-0-0.mp4|0.37205037|(1,1201,0.37205037)
Mission.Impossible.II.2000__#01-38-25_01-38-41_label_B2-B5-0.mp4|0.9999777|(1,385,0.9999777)
v=AF9p0YA0hyA__#00-00-45_00-01-44_label_B4-0-0.mp4|0.03317916|(1,1418,0.03317916)
City.Of.Men.2007__#01-17-27_01-17-59_label_B2-0-0.mp4|0.9723684|(1,769,0.9723684)
Death.Proof.2007__#01-40-41_01-42-17_label_B5-B6-0.mp4|0.5886158|(1,2305,0.5886158)
Skyfall.2012__#00-06-10_00-06-25_label_B6-0-0.mp4|0.9994438|(1,361,0.9994438)
City.Of.Men.2007__#00-57-37_00-58-27_label_B2-0-0.mp4|0.76389766|(1,1200,0.76389766)
v=tP19WuyY3IY__#00-00-00_00-00-51_label_B6-0-0.mp4|0.9907622|(1,1226,0.9907622)
Rush.Hour.3.2007.BluRay__#01-12-16_01-12-36_label_B1-0-0.mp4|0.99996996|(1,481,0.99996996)
v=LJ0Pu5_Mefs__#1_label_G-0-0.mp4|0.9999968|(1,984,0.9999968)
v=1djrJ0wxlYo__#1_label_B4-0-0.mp4|0.25956005|(1,1536,0.25956005)
v=BpargJW29Wo__#00-00-50_00-01-30_label_B1-0-0.mp4|0.2418563|(1,962,0.2418563)
v=Y1hxr1MWLjM__#1_label_B1-0-0.mp4|0.39495614|(1,3071,0.39495614)
v=waIS8TaJxts__#00-01-30_00-02-45_label_B6-0-0.mp4|0.9768008|(1,1802,0.9768008)
v=pFamvR9CpYw__#00-00-00_00-06-36_label_B4-0-0.mp4|0.99854785|(3,4001,0.50547177,4000,8001,0.99854785,5506,9506,0.95439106)
v=TsuuRo6PEXM__#1_label_B1-0-0.mp4|0.15172948|(2,4001,0.15172948,343,4343,0.06106671)
v=Lt9M_tSij_4__#00-00-00_00-04-24_label_B6-0-0.mp4|0.6685626|(2,4001,0.6564879,2336,6336,0.6685626)
Taken.2.UNRATED.EXTENDED.2012__#01-18-40_01-19-00_label_B1-0-0.mp4|0.999972|(1,481,0.999972)
v=qqsd-cZr01k__#00-01-00_00-02-45_label_B6-0-0.mp4|0.9615751|(1,2522,0.9615751)
v=m5Ya6z6qroo__#1_label_B4-0-0.mp4|0.99961144|(2,4001,0.9980154,1647,5647,0.99961144)
v=8oJMGgaww70__#1_label_B4-0-0.mp4|0.2844219|(1,3595,0.2844219)
v=uBXprlsmd18__#00-06-10_00-07-19_label_B6-0-0.mp4|0.9998716|(1,1658,0.9998716)
v=MJLylzPRvyw__#1_label_B4-0-0.mp4|0.9921097|(1,3587,0.9921097)
v=qyTGi0N4OVg__#1_label_G-0-0.mp4|0.9952011|(1,1248,0.9952011)
v=5BBoVfKOyeM__#00-08-19_00-10-10_label_B6-0-0.mp4|0.8119775|(1,2666,0.8119775)
v=U6MC8JJJZSY__#1_label_G-0-0.mp4|0.9838591|(1,1045,0.9838591)
The.Bourne.Legacy.2012__#0-39-56_0-40-15_label_G-0-0.mp4|0.99734616|(1,457,0.99734616)
v=1q5V6DKH3bw__#1_label_B4-0-0.mp4|0.69772726|(1,3029,0.69772726)
v=0qtIjyt-7wg__#00-00-00_00-00-51_label_B6-0-0.mp4|0.9978726|(1,1226,0.9978726)
Skyfall.2012__#00-03-22_00-03-40_label_B6-0-0.mp4|0.91315967|(1,433,0.91315967)
Casino.Royale.2006__#01-17-29_01-17-46_label_B1-0-0.mp4|0.81558543|(1,409,0.81558543)
v=OE9t3XImErk__#1_label_B1-0-0.mp4|0.99126315|(1,557,0.99126315)
Desperado.1995__#01-14-11_01-17-28_label_B2-G-0.mp4|0.9863739|(2,4001,0.9863739,729,4729,0.9540229)
v=9CWJd1SezkA__#1_label_G-0-0.mp4|0.73199725|(1,700,0.73199725)
v=Q8K7roZu3WU__#1_label_B1-0-0.mp4|0.0026612896|(1,1295,0.0026612896)
Braveheart.1995__#02-05-34_02-06-40_label_B1-0-0.mp4|0.9995421|(1,1585,0.9995421)
Mission.Impossible.Ghost.Protocol.2011__#01-54-24_01-54-50_label_B1-0-0.mp4|0.9997712|(1,625,0.9997712)
v=yrpZJ8Vr3aA__#1_label_B1-0-0.mp4|0.5608128|(1,2354,0.5608128)
Mission.Impossible.II.2000__#01-32-56_01-33-25_label_B1-0-0.mp4|0.99996436|(1,697,0.99996436)
wangted.2008__#0-45-25_0-47-01_label_B1-0-0.mp4|0.8429819|(1,2305,0.8429819)
v=sE-DC2trBkI__#00-03-00_00-04-09_label_B6-0-0.mp4|0.93199456|(1,1658,0.93199456)
v=iWfUqxibqG0__#1_label_G-0-0.mp4|0.99991167|(1,631,0.99991167)
The.Fast.and.the.Furious.2001__#00-52-18_00-53-36_label_B1-0-0.mp4|0.08961036|(1,1873,0.08961036)
v=7zEFHKKBA0g__#1_label_B4-0-0.mp4|0.04856126|(2,4001,0.007685076,420,4420,0.04856126)
Mission.Impossible.V.Rogue.Nation.2015__#01-15-52_01-16-48_label_B6-B2-0.mp4|0.99609286|(1,1344,0.99609286)
v=ROrpKx3aIjA__#1_label_G-0-0.mp4|0.99999213|(1,1300,0.99999213)
v=3y2OOc6WTrg__#1_label_B1-0-0.mp4|0.2761258|(2,4001,0.2318227,352,4352,0.2761258)
Saving.Private.Ryan.1998__#02-20-00_02-20-13_label_G-0-0.mp4|0.99120235|(1,313,0.99120235)
v=7QOdBpDrmKk__#00-01-00_00-02-45_label_B6-0-0.mp4|0.9999913|(1,2522,0.9999913)
Saving.Private.Ryan.1998__#00-47-50_00-49-35_label_B2-0-0.mp4|0.9610865|(1,2521,0.9610865)
Love.Death.and.Robots.S01E13__#0-11-48_0-12-07_label_G-0-0.mp4|0.9984149|(1,456,0.9984149)
Mission.Impossible.Fallout.2018__#00-39-18_00-40-36_label_B1-0-0.mp4|0.90525943|(1,1873,0.90525943)
Mission.Impossible.Ghost.Protocol.2011__#01-12-38_01-13-43_label_B1-0-0.mp4|0.9903014|(1,1561,0.9903014)
Sin.City.2005__#01-51-59_01-52-29_label_B2-0-0.mp4|0.4241979|(1,721,0.4241979)
v=96N4XAJ7FKM__#1_label_B1-0-0.mp4|0.16800901|(2,4001,0.015022465,860,4860,0.16800901)
v=T-LH8Gv5zzY__#1_label_B4-0-0.mp4|0.07216151|(1,2426,0.07216151)
Law.Abiding.Citizen.2009__#01-26-34_01-27-25_label_B2-0-0.mp4|0.044822074|(1,1225,0.044822074)
v=X4I8FhpGJwo__#00-09-00_00-10-45_label_B6-0-0.mp4|0.99968123|(1,2522,0.99968123)
v=8tqeeBGjnPg__#00-03-12_00-04-15_label_B6-0-0.mp4|0.9994091|(1,1515,0.9994091)
v=sE-DC2trBkI__#00-09-00_00-10-05_label_B6-0-0.mp4|0.99634546|(1,1563,0.99634546)
Mission.Impossible.II.2000__#01-46-20_01-47-11_label_B2-B6-0.mp4|0.99999154|(1,1225,0.99999154)
v=wVey5JDRf_g__#00-04-09_00-05-06_label_B6-0-0.mp4|0.99824655|(1,1371,0.99824655)
v=78u9uBJBqIw__#1_label_B4-B5-0.mp4|0.0018327213|(1,3486,0.0018327213)
v=CLFYvG6MsZU__#00-02-16_00-05-06_label_B2-0-0.mp4|0.097684294|(2,4001,0.025166215,83,4083,0.097684294)
v=_5Kmb4tqMxs__#1_label_B4-0-0.mp4|0.9999877|(1,1305,0.9999877)
v=OOjjPGN8jSU__#1_label_B6-0-0.mp4|0.56914|(2,4001,0.01304584,1918,5918,0.56914)
v=ovQ1VTJ_IUI__#1_label_B1-0-0.mp4|0.9142873|(1,1688,0.9142873)
v=afhttnv46Y4__#1_label_B1-0-0.mp4|0.98126775|(1,2500,0.98126775)
Taken.3.2014__#01-09-26_01-09-54_label_G-0-0.mp4|0.99840456|(1,674,0.99840456)
Ip.Man.2008__#00-46-51_00-47-30_label_B1-0-0.mp4|0.99955076|(1,937,0.99955076)
v=d5lTTPvJLpw__#1_label_B4-0-0.mp4|0.98439586|(2,4001,0.98439586,2277,6277,0.53547126)
Black.Hawk.Down.2001__#01-42-58_01-43-58_label_G-0-0.mp4|0.82786405|(1,1441,0.82786405)
v=Rc9EOFjtj0c__#1_label_B6-0-0.mp4|0.88718194|(1,3365,0.88718194)
Casino.Royale.2006__#00-50-05_00-51-16_label_B1-B2-B6.mp4|0.9995968|(1,1705,0.9995968)
v=v_LxqgpRouM__#1_label_G-0-0.mp4|0.9988343|(1,889,0.9988343)
v=8oTjTufJnXI__#1_label_G-0-0.mp4|0.9749306|(1,2694,0.9749306)
Sin.City.2005__#0-06-42_0-07-06_label_B1-0-0.mp4|0.46809703|(1,577,0.46809703)
v=wPkBaI6vOv0__#00-00-00_00-01-00_label_G-0-0.mp4|0.8884579|(1,1442,0.8884579)
Fast.Five.2011__#00-01-41_00-01-57_label_B6-0-0.mp4|0.9999945|(1,385,0.9999945)
v=D1eP4Bn4hDQ__#00-09-20_00-10-45_label_B6-0-0.mp4|0.9882359|(1,2040,0.9882359)
v=0N0PbzjEg0U__#1_label_B4-0-0.mp4|0.51886636|(1,1518,0.51886636)
v=eqtJjxsTgtg__#1_label_G-0-0.mp4|0.9986994|(1,1194,0.9986994)
v=BFPkt0AuSFA__#1_label_B4-0-0.mp4|0.9964496|(1,3380,0.9964496)
Quantum.Of.Solace.2008__#01-19-30_01-20-05_label_B1-0-0.mp4|0.9923734|(1,841,0.9923734)
v=BXR3d22BhHs__#00-06-00_00-07-00_label_B4-0-0.mp4|0.84493667|(1,1443,0.84493667)
v=vhACO_m5pH0__#00-17-42_00-18-40_label_B6-0-0.mp4|0.9849996|(1,1394,0.9849996)
v=bhZs3ALdL7Y__#1_label_G-0-0.mp4|0.47010443|(1,81,0.47010443)
v=15wDrZJQpsw__#00-05-20_00-06-20_label_B6-0-0.mp4|0.9994092|(1,1443,0.9994092)
Love.Death.and.Robots.S01E10__#0-01-00_0-02-13_label_B2-G-0.mp4|0.996795|(1,1752,0.996795)
Haywire.2011__#00-39-07_00-41-48_label_B1-B2-0.mp4|0.024869004|(1,3865,0.024869004)
v=jYENhkzdpO8__#00-00-00_00-01-31_label_B6-0-0.mp4|0.5941494|(1,2186,0.5941494)
v=gsz_P8t-KM4__#1_label_B4-0-0.mp4|0.33072132|(3,4001,0.33072132,4000,8001,0.09060802,5741,9741,0.2664813)
v=Q7NpJXOTiMY__#1_label_G-0-0.mp4|0.10758012|(1,1628,0.10758012)
Fast.Furious.2009__#01-18-00_01-19-00_label_B2-B6-0.mp4|0.9958972|(1,1441,0.9958972)
Shoot.Em.Up.2007__#00-56-56_00-57-15_label_B2-0-0.mp4|0.9996094|(1,457,0.9996094)
IP.Man.2.2010__#00-07-14_00-09-13_label_B1-0-0.mp4|0.037881207|(1,2856,0.037881207)
Sin.City.2005__#01-19-08_01-19-23_label_G-0-0.mp4|0.99886715|(1,361,0.99886715)
v=lpkL0Y1MhA8__#1_label_B4-0-0.mp4|0.38152176|(1,2524,0.38152176)
v=bfOlheR5nUQ__#00-04-33_00-06-02_label_B4-0-0.mp4|0.99555594|(1,2138,0.99555594)
Taken.Extended.Cut.2008__#00-33-51_00-34-03_label_B1-0-0.mp4|0.9999771|(1,289,0.9999771)
v=BXR3d22BhHs__#00-07-00_00-08-00_label_B4-0-0.mp4|0.90210056|(1,1443,0.90210056)
Ip.Man.2008__#00-48-57_00-50-47_label_B1-0-0.mp4|0.52492505|(1,2641,0.52492505)
Taken.Extended.Cut.2008__#00-50-45_00-51-04_label_B2-B6-0.mp4|1.0|(1,456,1.0)
v=k_cvJa1kNaM__#1_label_B4-0-0.mp4|0.6114024|(2,4001,0.6114024,1628,5628,0.08143691)
Tropa.de.Elite.2.2010__#00-13-41_00-14-56_label_B4-0-0.mp4|0.96101713|(1,1801,0.96101713)
Taken.3.2014__#01-19-13_01-19-30_label_B1-0-0.mp4|0.9999931|(1,409,0.9999931)
v=UK2w9Sh47fM__#1_label_G-0-0.mp4|0.96264887|(1,1198,0.96264887)
v=xbPWQKZspfU__#1_label_B1-0-0.mp4|0.09540134|(2,4001,0.09540134,1034,5034,0.021135231)
Taken.2.UNRATED.EXTENDED.2012__#01-00-00_01-00-16_label_B2-0-0.mp4|0.9998454|(1,385,0.9998454)
Taken.2.UNRATED.EXTENDED.2012__#00-13-42_00-14-16_label_B5-0-0.mp4|0.996356|(1,818,0.996356)
v=FRj2K0ulD8Q__#00-00-00_00-00-57_label_B4-0-0.mp4|0.9990313|(1,1370,0.9990313)
The.Fast.and.the.Furious.2001__#01-14-04_01-15-20_label_B1-0-0.mp4|0.9975114|(1,1825,0.9975114)
v=rJz4NXm6vis__#1_label_B4-0-0.mp4|0.8840836|(1,1892,0.8840836)
Bullet.in.the.Head.1990__#01-26-30_01-27-34_label_B2-0-0.mp4|0.034726135|(1,1537,0.034726135)
v=tP19WuyY3IY__#00-06-10_00-07-51_label_B6-0-0.mp4|0.99992657|(1,2426,0.99992657)
Mission.Impossible.V.Rogue.Nation.2015__#00-14-40_00-17-12_label_B1-0-0.mp4|0.960997|(1,3649,0.960997)
Fast.Furious.2009__#00-21-06_00-21-57_label_B6-B2-0.mp4|0.28067708|(1,1225,0.28067708)
Rush.Hour.3.2007.BluRay__#00-34-11_00-35-46_label_B1-0-0.mp4|0.79927784|(1,2281,0.79927784)
v=Q9Re4CnFJRg__#00-01-21_00-01-47_label_G-0-0.mp4|0.86038655|(1,624,0.86038655)
v=X6Tbn8_X-Os__#1_label_B1-0-0.mp4|0.77150416|(2,4001,0.35759774,899,4899,0.77150416)
Brick.Mansions.2014__#00-41-25_00-42-36_label_B1-0-0.mp4|0.9567233|(1,1704,0.9567233)
v=QWwDsPSe7iM__#1_label_B4-0-0.mp4|0.9926692|(1,2334,0.9926692)
Brick.Mansions.2014__#00-11-57_00-12-12_label_B2-0-0.mp4|0.99919254|(1,360,0.99919254)
v=lcBUb7EOQ4o__#1_label_G-0-0.mp4|0.99495006|(1,2237,0.99495006)
The.Fast.and.the.Furious.2001__#01-37-40_01-38-30_label_B6-0-0.mp4|0.98156977|(1,1201,0.98156977)
Fury.2014__#00-39-36_00-40-44_label_B1-B2-0.mp4|0.85569984|(1,1634,0.85569984)
v=ZoS8gm5OcOM__#00-06-20_00-07-30_label_B6-0-0.mp4|0.9999864|(1,1682,0.9999864)
v=fIlmgvc-bUk__#1_label_B4-0-0.mp4|0.99998975|(1,1415,0.99998975)
Ip.Man.2008__#01-40-37_01-42-07_label_B4-0-0.mp4|0.3179003|(1,2161,0.3179003)
Casino.Royale.2006__#00-51-16_00-52-41_label_B1-B6-0.mp4|0.9960782|(1,2041,0.9960782)
v=CcD-YNlkMPY__#1_label_G-0-0.mp4|0.17256023|(1,1996,0.17256023)
The.Bourne.Ultimatum.2007__#01-26-27_01-28-03_label_B2-B6-0.mp4|0.99998915|(1,2305,0.99998915)
v=KUeUxbsBO6s__#1_label_B1-0-0.mp4|0.4581985|(1,2748,0.4581985)
v=5Ftl4nOSytc__#1_label_G-0-0.mp4|0.9999151|(1,2282,0.9999151)
v=3WmMhircZOc__#1_label_B4-0-0.mp4|0.09911402|(2,4001,0.07369632,2025,6025,0.09911402)
Kingsman.The.Secret.Service.2014__#00-22-10_00-23-10_label_B2-0-0.mp4|0.8145175|(1,1441,0.8145175)
Casino.Royale.2006__#01-46-40_01-47-14_label_B6-0-0.mp4|0.99884975|(1,817,0.99884975)
Quantum.Of.Solace.2008__#01-30-26_01-30-42_label_B2-B1-0.mp4|0.9981345|(1,384,0.9981345)
Fast.Furious.2009__#00-25-59_00-26-25_label_B1-0-0.mp4|0.9204222|(1,625,0.9204222)
v=y1z12D5bx7c__#1_label_B4-0-0.mp4|0.97407746|(2,4001,0.7447499,850,4850,0.97407746)
v=15wDrZJQpsw__#00-09-00_00-10-55_label_B6-0-0.mp4|0.99418086|(1,2762,0.99418086)
God.Bless.America.2011__#00-38-25_00-39-37_label_B2-B5-0.mp4|0.025516605|(1,1729,0.025516605)
v=CUr-Mg8Hmh0__#1_label_G-0-0.mp4|0.84021306|(2,4001,0.59795976,1043,5043,0.84021306)
v=SE5fxK7SasU__#00-03-23_00-04-08_label_B4-0-0.mp4|0.9996455|(1,1082,0.9996455)
Young.And.Dangerous.III.1996__#00-23-00_00-25-54_label_B4-0-0.mp4|0.11520631|(2,4001,0.08118533,178,4178,0.11520631)
v=V7FtjJStY1M__#1_label_G-0-0.mp4|0.991525|(1,360,0.991525)
v=nLAapCIlr-o__#00-11-00_00-12-45_label_B6-0-0.mp4|0.9978744|(1,2522,0.9978744)
GoldenEye.1995__#02-02-15_02-02-47_label_B1-0-0.mp4|0.9999298|(1,770,0.9999298)
v=uQY15O3LKI0__#1_label_B6-0-0.mp4|0.7202571|(1,3970,0.7202571)
v=MqrNCb2N5to__#1_label_B1-0-0.mp4|0.90520227|(1,2533,0.90520227)
Spectre.2015__#02-02-57_02-03-27_label_B1-B2-0.mp4|0.912004|(1,722,0.912004)
Mission.Impossible.III.2006__#00-56-23_00-56-40_label_G-0-0.mp4|0.9983864|(1,409,0.9983864)
v=X1arMZmYhsk__#00-13-00_00-14-09_label_B6-0-0.mp4|0.9999919|(1,1658,0.9999919)
The.Bourne.Identity.2002__#0-19-53_0-21-48_label_B1-0-0.mp4|0.8668421|(1,2761,0.8668421)
v=fQQzg2VfJME__#1_label_B4-0-0.mp4|0.770178|(1,1348,0.770178)
Mission.Impossible.III.2006__#01-54-02_01-54-40_label_B2-0-0.mp4|0.995174|(1,913,0.995174)
v=f6j3YWgVBto__#00-06-16_00-06-51_label_B6-0-0.mp4|0.7104963|(1,840,0.7104963)
v=-etV57xZ4_I__#1_label_B4-0-0.mp4|0.99930227|(1,265,0.99930227)
Deadpool.2.2018__#0-50-30_0-51-20_label_B1-0-0.mp4|0.9109609|(1,1201,0.9109609)
v=Ia9ATKNeUbY__#00-04-19_00-05-11_label_B6-0-0.mp4|0.94115585|(1,1250,0.94115585)
v=m8EkFsaGPzU__#1_label_B4-0-0.mp4|0.80736107|(2,4001,0.80736107,1703,5703,0.09934558)
The.Bourne.Identity.2002__#01-27-39_01-29-19_label_B2-0-0.mp4|0.99699116|(1,2400,0.99699116)
v=HSisjzLESak__#00-07-40_00-08-50_label_B6-0-0.mp4|0.9998592|(1,1682,0.9998592)
Kill.Bill.Vol.1.2003__#01-26-56_01-28-18_label_B1-0-0.mp4|0.42684948|(1,1969,0.42684948)
v=tT-SrQC6Ddw__#00-04-00_00-05-15_label_B6-0-0.mp4|0.9491911|(1,1800,0.9491911)
Haywire.2011__#00-03-51_00-05-12_label_B1-B2-0.mp4|0.038508046|(1,1945,0.038508046)
Young.And.Dangerous.I.1996__#0-46-57_0-48-57_label_B1-0-0.mp4|0.9999573|(1,2881,0.9999573)
Jason.Bourne.2016__#0-29-48_0-30-29_label_B4-0-0.mp4|0.999959|(1,985,0.999959)
v=35zynOrkvMk__#1_label_G-0-0.mp4|0.67087334|(1,365,0.67087334)
v=ONsmJAyFAAw__#1_label_G-0-0.mp4|0.9983608|(1,1563,0.9983608)
Spectre.2015__#01-32-55_01-35-40_label_B1-B2-0.mp4|0.9999722|(1,3962,0.9999722)
v=osjdmjNJUdg__#1_label_B1-0-0.mp4|0.97696906|(1,2320,0.97696906)
v=vhACO_m5pH0__#00-09-42_00-10-40_label_B6-0-0.mp4|0.93867964|(1,1394,0.93867964)
v=rAlZRFZTwxM__#00-03-13_00-07-08_label_G-0-0.mp4|0.5104776|(2,4001,0.2352548,1641,5641,0.5104776)
v=u5SF4SlqNDQ__#00-02-39_00-03-41_label_G-0-0.mp4|0.9997578|(1,1491,0.9997578)
Casino.Royale.2006__#00-18-30_00-19-20_label_G-B2-0.mp4|0.616711|(1,1201,0.616711)
v=v-Plzx73K68__#1_label_B4-0-0.mp4|0.976896|(1,1016,0.976896)
v=WiS3TIvykeY__#1_label_B4-0-0.mp4|0.06453231|(1,1562,0.06453231)
Fast.Furious.6.2013__#01-03-25_01-04-59_label_B1-0-0.mp4|0.53343946|(1,2256,0.53343946)
v=vaSOMEIe1Bg__#1_label_G-0-0.mp4|0.99097365|(1,1385,0.99097365)
The.Hurt.Locker.2008__#0-19-22_0-22-32_label_B2-B1-0.mp4|0.79966277|(2,4001,0.79966277,561,4561,0.6136617)
v=OB0-MXNPUIU__#1_label_B4-0-0.mp4|0.433852|(2,4001,0.433852,21,4021,0.34123492)
Ip.Man.3.2015__#00-44-45_00-45-08_label_B1-0-0.mp4|0.8178799|(1,552,0.8178799)
Skyfall.2012__#01-20-05_01-20-20_label_B1-B2-0.mp4|0.99665254|(1,361,0.99665254)
Taken.3.2014__#01-04-50_01-05-05_label_B1-0-0.mp4|0.9994887|(1,361,0.9994887)
v=_YobflFU_HU__#00-06-10_00-07-51_label_B6-0-0.mp4|0.9999261|(1,2426,0.9999261)
v=PuZy1PQIgrA__#1_label_B1-0-0.mp4|0.79814166|(1,2816,0.79814166)
v=H5W58Loofks__#00-05-50_00-06-20_label_B6-0-0.mp4|0.99995244|(1,723,0.99995244)
v=TOEVc-pOEwM__#00-08-40_00-10-40_label_B6-0-0.mp4|0.7018644|(1,2883,0.7018644)
Skyfall.2012__#01-55-44_01-56-57_label_B2-G-0.mp4|0.99802387|(1,1753,0.99802387)
v=Hnfy9XhlIPM__#1_label_B4-0-0.mp4|0.9907233|(2,4001,0.9907233,661,4661,0.82787335)
City.Of.Men.2007__#00-51-50_00-53-31_label_B2-0-0.mp4|0.9995486|(1,2425,0.9995486)
v=Z12t5h2mBJc__#1_label_B1-0-0.mp4|0.11673768|(2,4001,0.09585149,1047,5047,0.11673768)
v=_tsSKAsVZfo__#1_label_B4-0-0.mp4|0.035025485|(1,2534,0.035025485)
v=7isLhaNYgkU__#1_label_B4-0-0.mp4|0.9982186|(2,4001,0.9982186,1706,5706,0.7137307)
Salt.2010__#01-12-05_01-12-32_label_B2-G-0.mp4|0.9999995|(1,649,0.9999995)
Young.And.Dangerous.IV.1997__#01-07-50_01-09-45_label_B1-0-0.mp4|0.99989724|(1,2761,0.99989724)
v=b0MUjeKAGZw__#1_label_B4-0-0.mp4|0.99789065|(1,2795,0.99789065)
Yellow.Sea.2010__#01-04-00_01-04-50_label_B1-0-0.mp4|0.9995309|(1,1200,0.9995309)
v=UK--hvgP2uY__#1_label_G-0-0.mp4|0.116156004|(1,2605,0.116156004)
Ip.Man.2008__#01-14-31_01-15-24_label_B1-0-0.mp4|0.5101566|(1,1274,0.5101566)
v=w16YmhAZ1_Y__#1_label_G-0-0.mp4|0.9999981|(1,1480,0.9999981)
v=ZCjNPgNu42g__#1_label_B4-0-0.mp4|0.5793546|(1,3483,0.5793546)
v=Dh-3BlhAOnE__#00-00-00_00-13-36_label_B4-0-0.mp4|0.999926|(5,4001,0.9255078,4000,8001,0.05468948,8000,12001,0.835541,12000,16001,0.90527946,15586,19586,0.999926)
v=IWzI9V3WSnc__#1_label_B4-0-0.mp4|0.8279126|(1,2689,0.8279126)
Taken.2.UNRATED.EXTENDED.2012__#01-06-28_01-06-49_label_B2-0-0.mp4|0.9998865|(1,505,0.9998865)
Bullet.in.the.Head.1990__#00-23-31_00-24-40_label_G-0-0.mp4|0.41498718|(1,1657,0.41498718)
Saving.Private.Ryan.1998__#02-24-18_02-25-42_label_B1-0-0.mp4|0.95321214|(1,2017,0.95321214)
v=rXWOpZ7W2fA__#1_label_B1-0-0.mp4|0.9693699|(1,2796,0.9693699)
The.World.Is.Not.Enough.1999__#00-10-22_00-10-40_label_G-0-0.mp4|0.9720702|(1,433,0.9720702)
v=sE-DC2trBkI__#00-01-00_00-02-45_label_B6-0-0.mp4|0.42279783|(1,2522,0.42279783)
v=zQbnQBCTSiA__#1_label_B1-0-0.mp4|0.9810651|(2,4001,0.9810651,1695,5695,0.5135819)
v=pHZ9gOfmY_k__#1_label_B4-0-0.mp4|0.59499013|(2,4001,0.59499013,1179,5179,0.50303113)
v=S-7rRLrxnVQ__#1_label_B4-0-0.mp4|0.98919463|(1,3273,0.98919463)
IP.Man.2.2010__#01-35-55_01-39-11_label_B1-0-0.mp4|0.9379357|(2,4001,0.44979036,704,4704,0.9379357)
v=uBXprlsmd18__#00-03-00_00-04-09_label_B6-0-0.mp4|0.99341077|(1,1658,0.99341077)
v=NnmqkS1e88s__#1_label_B4-0-0.mp4|0.15199229|(1,1752,0.15199229)
v=ADQNFs9bfFk__#00-00-00_00-00-58_label_B4-0-0.mp4|0.2504695|(1,1394,0.2504695)
Young.And.Dangerous.I.1996__#0-20-50_0-22-15_label_B1-0-0.mp4|0.012836385|(1,2041,0.012836385)
Sin.City.2005__#0-22-04_0-22-18_label_B5-0-0.mp4|0.97534376|(1,337,0.97534376)
Young.And.Dangerous.I.1996__#0-46-25_0-46-55_label_B6-0-0.mp4|0.9994992|(1,722,0.9994992)
Braveheart.1995__#02-07-00_02-08-15_label_B1-0-0.mp4|0.9998041|(1,1802,0.9998041)
Young.And.Dangerous.IV.1997__#01-32-04_01-32-58_label_B1-0-0.mp4|0.9883244|(1,1297,0.9883244)
v=k98yVPXiYoU__#1_label_G-0-0.mp4|0.99459213|(1,736,0.99459213)
v=sbEHU4GskX4__#1_label_B1-0-0.mp4|0.6907716|(1,2832,0.6907716)
v=8ewWXhYRUNs__#1_label_B1-0-0.mp4|0.95563334|(1,1369,0.95563334)
v=u0Tnw01PNxc__#1_label_B4-0-0.mp4|0.2642846|(1,1377,0.2642846)
Saving.Private.Ryan.1998__#02-16-58_02-17-13_label_G-0-0.mp4|0.9904682|(1,361,0.9904682)
v=CFfc4UWzVB8__#00-00-00_00-00-30_label_B4-0-0.mp4|0.98748606|(1,722,0.98748606)
v=3e3C-LQWF2s__#1_label_B1-0-0.mp4|0.9997601|(2,4001,0.9997601,421,4421,0.99471223)
Spectre.2015__#01-10-35_01-10-53_label_B2-0-0.mp4|0.9967469|(1,433,0.9967469)
v=gbRIKogNZvE__#1_label_B4-0-0.mp4|0.039040513|(1,2990,0.039040513)
Bad.Boys.1995__#01-33-51_01-34-37_label_B2-0-0.mp4|0.9999938|(1,1104,0.9999938)
v=X4I8FhpGJwo__#00-07-40_00-08-50_label_B6-0-0.mp4|0.99971384|(1,1682,0.99971384)
v=Dn_SDu22WpM__#00-08-35_00-10-05_label_B6-0-0.mp4|0.87860715|(1,2163,0.87860715)
v=cEOM18n8fhU__#1_label_G-0-0.mp4|0.7651355|(1,2831,0.7651355)
v=AF9p0YA0hyA__#00-03-03_00-04-20_label_B4-0-0.mp4|0.77298325|(1,1850,0.77298325)
Death.Proof.2007__#00-45-05_00-47-36_label_B5-0-0.mp4|0.021239184|(1,3625,0.021239184)
The.World.Is.Not.Enough.1999__#00-07-04_00-07-45_label_G-B2-0.mp4|0.981365|(1,984,0.981365)
v=Ia9ATKNeUbY__#00-06-19_00-06-50_label_B6-0-0.mp4|0.99997175|(1,746,0.99997175)
v=UzxuX79xq4s__#1_label_B4-0-0.mp4|0.9937163|(2,4001,0.93159264,1286,5286,0.9937163)
Operation.Red.Sea.2018__#0-56-26_0-57-10_label_G-0-0.mp4|0.99995065|(1,1056,0.99995065)
Sin.City.2005__#0-32-00_0-32-16_label_B2-0-0.mp4|0.8050452|(1,384,0.8050452)
Kingsman.The.Secret.Service.2014__#01-43-40_01-44-50_label_B2-G-0.mp4|0.2786006|(1,1681,0.2786006)
Spectre.2015__#00-44-05_00-44-40_label_B1-B2-0.mp4|0.9977785|(1,841,0.9977785)
v=abATVcjFumY__#1_label_G-0-0.mp4|0.0037892214|(1,1835,0.0037892214)
v=YANmwpkuWRo__#1_label_G-0-0.mp4|0.9016723|(1,1080,0.9016723)
Mission.Impossible.V.Rogue.Nation.2015__#00-17-27_00-17-55_label_B2-0-0.mp4|0.019630115|(1,673,0.019630115)
Ip.Man.3.2015__#00-46-08_00-54-20_label_B1-0-0.mp4|0.56143457|(3,4001,0.00013814642,4000,8001,0.042421624,7808,11808,0.56143457)
v=uprb6aBzymw__#00-03-03_00-05-13_label_B4-0-0.mp4|0.0141806435|(1,3121,0.0141806435)
Saving.Private.Ryan.1998__#02-25-42_02-26-03_label_B2-0-0.mp4|0.8012198|(1,505,0.8012198)
Rush.Hour.1998.BluRay__#01-20-28_01-21-38_label_B2-0-0.mp4|0.5209725|(1,1682,0.5209725)
Operation.Red.Sea.2018__#01-37-22_01-37-36_label_G-B2-0.mp4|0.9999398|(1,336,0.9999398)
Rush.Hour.1998.BluRay__#01-25-21_01-25-46_label_B2-0-0.mp4|0.70424646|(1,602,0.70424646)
v=pL2HjXvWuPc__#1_label_B1-0-0.mp4|0.014293558|(2,4001,0.0002985089,836,4836,0.014293558)
Bullet.in.the.Head.1990__#01-45-21_01-46-20_label_B2-0-0.mp4|0.6785593|(1,1417,0.6785593)
Lord.of.War__#01-41-04_01-41-53_label_B1-0-0.mp4|0.3882499|(1,1177,0.3882499)
v=nLAapCIlr-o__#00-07-22_00-08-19_label_B6-0-0.mp4|0.99987507|(1,1370,0.99987507)
Fast.Five.2011__#00-32-56_00-33-26_label_B2-0-0.mp4|0.9795528|(1,721,0.9795528)
v=Y43UkfAe_bc__#00-00-00_00-01-40_label_B4-0-0.mp4|0.840254|(1,2402,0.840254)
v=0qtIjyt-7wg__#00-04-00_00-05-15_label_B6-0-0.mp4|0.06932734|(1,1802,0.06932734)
v=1io9Uh54Vhg__#1_label_B4-0-0.mp4|0.64115953|(1,1980,0.64115953)
v=iHuggczItBk__#00-03-00_00-03-55_label_B6-0-0.mp4|0.999944|(1,1322,0.999944)
v=waIS8TaJxts__#00-00-00_00-00-51_label_B6-0-0.mp4|0.99917126|(1,1226,0.99917126)
v=GbMQ2CxeNHU__#1_label_B4-0-0.mp4|0.9758841|(2,4001,0.9758841,1490,5490,0.563624)
Kill.Bill.Vol.1.2003__#01-21-39_01-26-55_label_B1-0-0.mp4|0.78532666|(2,4001,0.78532666,3585,7585,0.067436226)
v=rKpXqwE2rg8__#00-01-57_00-03-06_label_B4-0-0.mp4|0.49104166|(1,1658,0.49104166)
Bad.Boys.1995__#01-11-55_01-12-40_label_G-B2-B6.mp4|0.9999325|(1,1081,0.9999325)
v=GqMh_HBNWZE__#00-01-00_00-02-45_label_B6-0-0.mp4|0.97765076|(1,2522,0.97765076)
Braveheart.1995__#01-26-50_01-32-30_label_B1-0-0.mp4|0.9998109|(3,4001,0.9998109,4000,8001,0.9972236,4161,8161,0.9954465)
v=tv0rI-5ycBU__#1_label_B4-0-0.mp4|0.9829064|(1,3249,0.9829064)
v=YKtw6uLEGps__#1_label_B4-0-0.mp4|0.99989915|(1,2934,0.99989915)
v=-kwNh1lMU-w__#1_label_B4-0-0.mp4|0.16385262|(2,4001,0.16385262,81,4081,0.06026479)
The.Bourne.Legacy.2012__#0-59-18_01-01-52_label_B2-B1-0.mp4|0.9926928|(1,3697,0.9926928)
v=HSisjzLESak__#00-00-00_00-00-51_label_B6-0-0.mp4|0.99527526|(1,1226,0.99527526)
v=fhiAyxpDQMU__#1_label_B4-0-0.mp4|0.016868638|(1,3985,0.016868638)
wangted.2008__#0-48-30_0-49-00_label_B2-0-0.mp4|0.9393057|(1,721,0.9393057)
Bullet.in.the.Head.1990__#00-17-20_00-18-55_label_B1-0-0.mp4|0.26036814|(1,2281,0.26036814)
v=yvnj5VIDsNI__#1_label_B4-0-0.mp4|0.99999213|(2,4001,0.99999213,890,4890,0.99958533)
Rush.Hour.3.2007.BluRay__#00-04-59_00-05-31_label_B2-0-0.mp4|0.7748391|(1,769,0.7748391)
Fast.Furious.2009__#00-42-10_00-42-41_label_B6-0-0.mp4|0.99999785|(1,745,0.99999785)
Mission.Impossible.Ghost.Protocol.2011__#00-01-18_00-01-40_label_B2-0-0.mp4|0.9999728|(1,529,0.9999728)
v=p7kvQ4OpDgU__#1_label_B4-0-0.mp4|0.999833|(1,1889,0.999833)
v=gENp4SyNxkI__#1_label_B1-0-0.mp4|0.75227153|(1,1275,0.75227153)
Taken.3.2014__#00-03-58_00-04-16_label_B2-0-0.mp4|0.9985203|(1,433,0.9985203)
v=wVey5JDRf_g__#00-00-00_00-01-20_label_B6-0-0.mp4|0.9989542|(1,1922,0.9989542)
Election.2005__#00-47-57_00-50-54_label_B5-0-0.mp4|0.0062501705|(2,4001,0.0062501705,248,4248,0.003673158)
v=7rDRFFSUrPI__#00-01-50_00-02-32_label_G-0-0.mp4|0.95445275|(1,1010,0.95445275)
v=2al4t5inObA__#1_label_B4-0-0.mp4|0.92769647|(1,3582,0.92769647)
v=7QOdBpDrmKk__#00-10-30_00-10-51_label_B6-0-0.mp4|0.96809095|(1,506,0.96809095)
v=3xkwZk44VQs__#1_label_B4-0-0.mp4|0.99743253|(1,2517,0.99743253)
Mission.Impossible.V.Rogue.Nation.2015__#01-19-48_01-20-20_label_B6-0-0.mp4|0.96247965|(1,770,0.96247965)
City.Of.Men.2007__#01-35-30_01-36-00_label_B2-0-0.mp4|0.99948126|(1,721,0.99948126)
v=3xWiBCIxjIk__#1_label_B4-0-0.mp4|0.9999999|(1,3748,0.9999999)
Skyfall.2012__#01-57-40_01-58-00_label_B2-0-0.mp4|0.992573|(1,481,0.992573)
City.of.God.2002__#01-24-10_01-25-10_label_B2-0-0.mp4|0.99923337|(1,1441,0.99923337)
Mission.Impossible.Ghost.Protocol.2011__#01-56-52_01-57-03_label_B1-0-0.mp4|0.94240874|(1,264,0.94240874)
v=oipd63DGadU__#1_label_B1-0-0.mp4|0.70724785|(1,1398,0.70724785)
v=EOAfl8yMiN8__#00-03-00_00-04-09_label_B6-0-0.mp4|0.9995702|(1,1658,0.9995702)
v=g2v3EkBj9Zc__#1_label_B4-0-0.mp4|0.9997731|(1,764,0.9997731)
Mindhunters.2004__#01-19-00_01-20-05_label_B2-0-0.mp4|0.9990029|(1,1561,0.9990029)
Bullet.in.the.Head.1990__#02-02-00_02-05-22_label_B2-B6-G.mp4|0.8826294|(2,4001,0.8769673,849,4849,0.8826294)
v=CoxsDkB-rWU__#00-07-06_00-10-30_label_B4-0-0.mp4|0.9913625|(2,4001,0.9638616,898,4898,0.9913625)
v=yy-KIWDcBr4__#00-16-10_00-17-19_label_B6-0-0.mp4|0.97584707|(1,1658,0.97584707)
v=xe4ee56aHSg__#1_label_G-0-0.mp4|0.9994217|(1,532,0.9994217)
v=ZnFlL84K7HE__#00-27-53_00-34-45_label_B4-0-0.mp4|0.947532|(3,4001,0.8153944,4000,8001,0.067743585,5890,9890,0.947532)
v=Ia9ATKNeUbY__#00-01-52_00-03-10_label_B6-0-0.mp4|0.9995902|(1,1874,0.9995902)
v=9Jk2sIp5MRQ__#1_label_G-0-0.mp4|0.74622875|(1,568,0.74622875)
v=hxyhulJYz5I__#00-06-09_00-07-00_label_B6-0-0.mp4|0.9943673|(1,1226,0.9943673)
Kill.Bill.Vol.1.2003__#01-17-20_01-20-20_label_B1-0-0.mp4|0.04402117|(2,4001,0.020844307,321,4321,0.04402117)
Braveheart.1995__#00-56-30_00-57-20_label_B1-0-0.mp4|0.4447501|(1,1200,0.4447501)
v=waIS8TaJxts__#00-09-00_00-10-45_label_B6-0-0.mp4|0.0015723379|(1,2522,0.0015723379)
v=zoIn2hOrUIM__#00-06-10_00-07-19_label_B6-0-0.mp4|0.9999989|(1,1658,0.9999989)
v=OFxPTJxA5pg__#1_label_B4-0-0.mp4|0.9907548|(5,4001,0.662602,4000,8001,0.7559546,8000,12001,0.4107475,12000,16001,0.9907548,13542,17542,0.9669154)
v=JfLYNEsrTew__#1_label_G-0-0.mp4|0.7549188|(1,750,0.7549188)
v=HUL83wCQATc__#1_label_B1-0-0.mp4|0.99686474|(1,2103,0.99686474)
Fury.2014__#00-07-30_00-07-58_label_G-0-0.mp4|0.9134168|(1,673,0.9134168)
Saving.Private.Ryan.1998__#02-23-00_02-23-28_label_B1-0-0.mp4|0.9999924|(1,673,0.9999924)
v=gp_D8r-2hwk__#1_label_G-0-0.mp4|0.90099424|(1,2551,0.90099424)
v=hAHXCMRvY_I__#1_label_G-0-0.mp4|0.96792185|(1,486,0.96792185)
Salt.2010__#00-17-40_00-18-16_label_B1-0-0.mp4|0.9981927|(1,865,0.9981927)
Kingsman.The.Golden.Circle.2017__#00-35-55_00-36-35_label_B1-0-0.mp4|0.07416605|(1,962,0.07416605)
v=DD3jfKr8e-k__#00-00-00_00-01-40_label_B4-0-0.mp4|0.93266094|(1,2402,0.93266094)
v=iHuggczItBk__#00-01-00_00-02-45_label_B6-0-0.mp4|0.9962321|(1,2522,0.9962321)
v=aWPWHU8x6kE__#1_label_B4-0-0.mp4|0.42360607|(2,4001,0.42360607,829,4829,0.14885202)
Deadpool.2.2018__#0-04-46_0-05-01_label_B2-0-0.mp4|0.99843043|(1,361,0.99843043)
v=Qc3pAEeK16A__#1_label_B1-0-0.mp4|0.99831736|(1,1409,0.99831736)
v=38GQ9L2meyE__#1_label_B6-0-0.mp4|0.98449534|(2,4001,0.97295254,650,4650,0.98449534)
v=kPWdgckIhLI__#1_label_B4-0-0.mp4|0.99988174|(1,793,0.99988174)
Taken.2.UNRATED.EXTENDED.2012__#01-18-25_01-18-40_label_B2-0-0.mp4|0.9999968|(1,361,0.9999968)
v=DVdXoVUNkhg__#1_label_G-0-0.mp4|0.9880043|(1,1146,0.9880043)
v=Q-u3Y9TkZhQ__#1_label_B4-0-0.mp4|0.592808|(1,1036,0.592808)
Fast.Five.2011__#01-29-27_01-32-05_label_B1-0-0.mp4|0.86291546|(1,3793,0.86291546)
v=73uRcX0Dvfc__#00-00-00_00-01-51_label_B6-G-0.mp4|0.92722803|(1,2666,0.92722803)
Gladiator.2000__#01-10-27_01-11-59_label_B1-0-0.mp4|0.6100817|(1,2208,0.6100817)
GoldenEye.1995__#00-24-53_00-25-06_label_B1-0-0.mp4|0.9999666|(1,313,0.9999666)
The.Hurt.Locker.2008__#01-27-42_01-28-09_label_G-0-0.mp4|0.9651391|(1,649,0.9651391)
v=CczYDDDf22A__#1_label_G-0-0.mp4|0.98674786|(1,679,0.98674786)
v=EOAfl8yMiN8__#00-00-00_00-00-51_label_B6-0-0.mp4|0.9966176|(1,1226,0.9966176)
Black.Hawk.Down.2001__#01-13-59_01-14-49_label_B2-0-0.mp4|0.7987462|(1,1201,0.7987462)
v=waIS8TaJxts__#00-05-50_00-06-20_label_B6-0-0.mp4|0.99842405|(1,723,0.99842405)
New.Kids.Turbo.2010__#00-22-35_00-23-14_label_B1-0-0.mp4|0.21085729|(1,936,0.21085729)
v=vv-MFJPi4Qs__#1_label_G-0-0.mp4|0.99911934|(1,1004,0.99911934)
v=nLAapCIlr-o__#00-08-35_00-10-25_label_B6-0-0.mp4|0.9321131|(1,2642,0.9321131)
Mission.Impossible.Fallout.2018__#02-03-50_02-04-35_label_B1-0-0.mp4|0.6154248|(1,1080,0.6154248)
Love.Death.and.Robots.S01E15__#0-05-38_0-06-18_label_G-0-0.mp4|0.99886465|(1,960,0.99886465)
GoldenEye.1995__#01-17-05_01-19-57_label_B2-B1-0.mp4|0.567174|(2,4001,0.5100392,129,4129,0.567174)
v=Ia9ATKNeUbY__#00-05-19_00-06-09_label_B6-0-0.mp4|0.9997577|(1,1202,0.9997577)
v=3wxWNAM8Cso__#1_label_G-0-0.mp4|0.91646105|(2,4001,0.14589308,2063,6063,0.91646105)
Operation.Red.Sea.2018__#01-20-58_01-22-00_label_B5-0-0.mp4|0.25882465|(1,1488,0.25882465)
Mission.Impossible.II.2000__#01-25-08_01-25-31_label_B2-0-0.mp4|0.998782|(1,553,0.998782)
v=Q6zIX29HkSo__#1_label_B4-0-0.mp4|0.9999951|(1,2145,0.9999951)
Fast.Furious.6.2013__#01-38-33_01-39-20_label_B1-0-0.mp4|0.940699|(1,1129,0.940699)
Desperado.1995__#00-38-36_00-39-21_label_B1-B2-0.mp4|0.90783286|(1,1081,0.90783286)
Saving.Private.Ryan.1998__#02-23-58_02-24-18_label_G-0-0.mp4|0.96347183|(1,481,0.96347183)
v=BzwNU2xmT64__#00-01-00_00-02-45_label_B6-0-0.mp4|0.9942504|(1,2522,0.9942504)
Bullet.in.the.Head.1990__#00-41-30_00-44-16_label_B4-G-0.mp4|0.46939158|(1,3986,0.46939158)
v=yy-KIWDcBr4__#00-08-35_00-10-25_label_B6-0-0.mp4|0.99998856|(1,2642,0.99998856)
Brick.Mansions.2014__#01-02-00_01-02-43_label_B2-0-0.mp4|0.9924759|(1,1032,0.9924759)
v=3zgaqeVSXuI__#1_label_B4-0-0.mp4|0.8983925|(1,1953,0.8983925)
v=iegHZ_UWWsA__#00-14-05_00-20-33_label_B4-0-0.mp4|0.99752134|(3,4001,0.99752134,4000,8001,0.99693453,5314,9314,0.9307427)
Desperado.1995__#00-16-48_00-18-52_label_B1-0-0.mp4|0.97382236|(1,2977,0.97382236)
v=PWBZiM-rkoE__#1_label_G-0-0.mp4|0.016302684|(1,2711,0.016302684)
Mission.Impossible.Fallout.2018__#00-31-21_00-32-50_label_B1-0-0.mp4|0.96659696|(1,2136,0.96659696)
v=pMtu7fOHdII__#1_label_B1-0-0.mp4|0.8063589|(1,1252,0.8063589)
v=ICnreR1hxP0__#1_label_B4-0-0.mp4|0.9332867|(2,4001,0.32483104,328,4328,0.9332867)
The.Fast.and.the.Furious.2001__#01-24-18_01-25-05_label_B6-0-0.mp4|0.9989674|(1,1128,0.9989674)
v=bfOlheR5nUQ__#00-00-00_00-04-33_label_B4-0-0.mp4|0.73991007|(2,4001,0.09296189,2554,6554,0.73991007)
v=FW_qbiPH7UA__#1_label_B1-0-0.mp4|0.02440567|(1,3283,0.02440567)
Taken.2.UNRATED.EXTENDED.2012__#00-45-50_00-46-20_label_G-0-0.mp4|0.8445586|(1,722,0.8445586)
Haywire.2011__#00-16-07_00-16-49_label_B1-0-0.mp4|0.0014907625|(1,1008,0.0014907625)
v=ZkUciDD55kA__#00-00-00_00-00-30_label_G-0-0.mp4|0.47238937|(1,722,0.47238937)
v=2jwO15SMyuo__#1_label_B4-0-0.mp4|0.99997807|(1,2376,0.99997807)
v=w2NgAYJHnS0__#1_label_G-0-0.mp4|0.9618879|(1,1011,0.9618879)
Brick.Mansions.2014__#00-16-26_00-17-12_label_B1-0-0.mp4|0.9992471|(1,1104,0.9992471)
wangted.2008__#0-22-55_0-23-40_label_B2-0-0.mp4|0.0050036707|(1,1081,0.0050036707)
v=1GFBuaGCeTo__#1_label_G-0-0.mp4|0.9199648|(1,1253,0.9199648)
v=BQjKQbYgUBA__#1_label_B1-0-0.mp4|0.29226187|(1,3423,0.29226187)
v=5Tnl7_8RqlA__#00-11-00_00-12-45_label_B6-0-0.mp4|0.99999046|(1,2522,0.99999046)
Spectre.2015__#02-15-30_02-16-05_label_G-0-0.mp4|0.999966|(1,842,0.999966)
Kill.Bill.Vol.2.2004__#0-25-20_0-26-20_label_B2-0-0.mp4|0.0056371437|(1,1441,0.0056371437)
v=O9g1uuI62m0__#1_label_B4-0-0.mp4|0.62334853|(2,4001,0.62334853,545,4545,0.46766928)
Deadpool.2.2018__#01-03-09_01-03-54_label_B4-0-0.mp4|0.23672877|(1,1081,0.23672877)
Mission.Impossible.V.Rogue.Nation.2015__#01-54-23_01-55-10_label_B2-0-0.mp4|0.94046783|(1,1129,0.94046783)
Tropa.de.Elite.2.2010__#00-46-11_00-46-50_label_B2-0-0.mp4|0.930043|(1,937,0.930043)
v=k7R_Qo-BiAw__#00-10-30_00-10-51_label_B6-0-0.mp4|0.973899|(1,506,0.973899)
v=J67oj92maC0__#1_label_G-0-0.mp4|0.9999852|(2,4001,0.9999225,673,4673,0.9999852)
Jason.Bourne.2016__#0-50-20_0-50-30_label_G-0-0.mp4|0.9913646|(1,241,0.9913646)
Yellow.Sea.2010__#01-05-40_01-06-47_label_B1-B2-0.mp4|0.99889225|(1,1609,0.99889225)
v=YdrISbwy_zI__#1_label_G-0-0.mp4|0.99997354|(1,1723,0.99997354)
Deadpool.2016__#0-18-58_0-19-20_label_B1-0-0.mp4|0.9993315|(1,529,0.9993315)
v=vhACO_m5pH0__#00-14-42_00-15-40_label_B6-0-0.mp4|0.99945956|(1,1394,0.99945956)
v=DtxU8UYiFws__#1_label_G-0-0.mp4|0.946415|(1,1450,0.946415)
v=DRGMajXo_PI__#00-02-15_00-03-02_label_G-0-0.mp4|0.99894387|(1,1130,0.99894387)
v=qrKfaX1lCUM__#1_label_G-0-0.mp4|0.0646078|(2,4001,0.0646078,3409,7409,0.0004771577)
v=zI0q5UDP47g__#1_label_B4-0-0.mp4|0.9970241|(1,3603,0.9970241)
v=9Ydg5IeZpFI__#1_label_B1-0-0.mp4|0.98982656|(2,4001,0.98982656,621,4621,0.92028654)
v=yDqThVpu1AM__#1_label_B4-0-0.mp4|0.7896009|(1,744,0.7896009)
Spectre.2015__#01-08-58_01-09-20_label_B1-B2-0.mp4|0.98851854|(1,529,0.98851854)
Kingsman.The.Golden.Circle.2017__#00-41-22_00-41-32_label_B2-0-0.mp4|0.88137704|(1,241,0.88137704)
v=BzwNU2xmT64__#00-04-10_00-06-09_label_B6-0-0.mp4|0.9918778|(1,2858,0.9918778)
v=YhCSFZNwfHc__#00-01-15_00-01-42_label_G-B2-0.mp4|0.97212404|(1,648,0.97212404)
v=ZoS8gm5OcOM__#00-07-50_00-08-55_label_B6-0-0.mp4|0.99816173|(1,1562,0.99816173)
v=J_ZsNd97wXw__#1_label_G-0-0.mp4|0.9989214|(1,1204,0.9989214)
City.of.God.2002__#00-40-16_00-41-30_label_B2-0-0.mp4|0.042530406|(1,1778,0.042530406)
v=bDm2-1NZBLw__#1_label_B4-0-0.mp4|0.90228707|(1,2210,0.90228707)
City.of.God.2002__#01-52-20_01-54-32_label_B2-0-0.mp4|0.9970584|(1,3169,0.9970584)
Shoot.Em.Up.2007__#00-53-25_00-56-47_label_B2-0-0.mp4|0.3325293|(2,4001,0.107420556,850,4850,0.3325293)
v=2Rr21qkZEDQ__#00-14-10_00-16-09_label_B6-0-0.mp4|0.89608335|(1,2858,0.89608335)
v=FfrXebzAwOg__#00-06-10_00-07-19_label_B6-0-0.mp4|0.85866857|(1,1658,0.85866857)
v=cO1UefhG7AY__#1_label_G-0-0.mp4|0.99991596|(2,4001,0.99991596,574,4574,0.99924445)
v=wnd3IYH7x1o__#1_label_G-0-0.mp4|0.6061842|(1,1139,0.6061842)
Sin.City.2005__#0-43-45_0-44-01_label_B2-0-0.mp4|0.9975957|(1,385,0.9975957)
Operation.Red.Sea.2018__#0-29-36_0-30-20_label_B2-G-0.mp4|0.9998777|(1,1056,0.9998777)
v=u5SF4SlqNDQ__#00-00-00_00-01-00_label_G-0-0.mp4|0.89546704|(1,1442,0.89546704)
Operation.Red.Sea.2018__#0-02-17_0-02-37_label_B2-0-0.mp4|0.9822249|(1,480,0.9822249)
v=TfS-MJoVNjM__#1_label_B4-0-0.mp4|0.32373038|(1,1311,0.32373038)
Haywire.2011__#01-20-20_01-21-57_label_B1-0-0.mp4|0.9991136|(1,2329,0.9991136)
v=CvMpD1yqfxI__#1_label_G-0-0.mp4|0.9978033|(1,873,0.9978033)
v=waIS8TaJxts__#00-07-40_00-08-50_label_B6-0-0.mp4|0.9623172|(1,1682,0.9623172)
v=0yHBkMBE8r4__#1_label_B1-0-0.mp4|0.55739075|(2,4001,0.44675368,1162,5162,0.55739075)
v=FRj2K0ulD8Q__#00-04-16_00-06-05_label_B4-0-0.mp4|0.99875605|(1,2618,0.99875605)
v=vhACO_m5pH0__#00-10-42_00-11-40_label_B6-0-0.mp4|0.9920123|(1,1394,0.9920123)
v=-fOWSLV6Esw__#1_label_B4-0-0.mp4|0.99928385|(1,789,0.99928385)
v=6KQFxxHmVMc__#1_label_B1-0-0.mp4|0.39768952|(1,3654,0.39768952)
v=FRj2K0ulD8Q__#00-06-05_00-08-25_label_B4-0-0.mp4|0.9987382|(1,3339,0.9987382)
v=0qtIjyt-7wg__#00-01-00_00-02-45_label_B6-0-0.mp4|0.92719924|(1,2522,0.92719924)
v=GN-7_ye5k4E__#1_label_G-0-0.mp4|0.99995327|(1,2681,0.99995327)
Skyfall.2012__#02-08-44_02-09-17_label_B1-0-0.mp4|0.996053|(1,793,0.996053)
v=wVey5JDRf_g__#00-01-30_00-02-41_label_B6-0-0.mp4|0.99974495|(1,1706,0.99974495)
v=2Rr21qkZEDQ__#00-03-00_00-04-09_label_B6-0-0.mp4|0.99008465|(1,1658,0.99008465)
The.Fast.and.the.Furious.2001__#00-29-00_00-29-52_label_B2-G-0.mp4|0.9992397|(1,1249,0.9992397)
v=_BgJEXQkjNQ__#1_label_G-0-0.mp4|0.9436481|(3,4001,0.3632908,4000,8001,0.9383687,4139,8139,0.9436481)
v=iHuggczItBk__#00-04-00_00-04-55_label_B6-0-0.mp4|0.9531052|(1,1322,0.9531052)
v=utQ5AvXtNLA__#1_label_B4-0-0.mp4|0.9991855|(1,1076,0.9991855)
v=HSisjzLESak__#00-01-00_00-02-45_label_B6-0-0.mp4|0.9974963|(1,2522,0.9974963)
Salt.2010__#01-06-27_01-07-07_label_G-B2-0.mp4|0.9991671|(1,962,0.9991671)
Bad.Boys.II.2003__#00-06-42_00-10-00_label_B2-G-0.mp4|0.988492|(2,4001,0.988492,753,4753,0.9859158)
v=251___mEwZA__#1_label_B1-0-0.mp4|0.89086324|(2,4001,0.89086324,577,4577,0.8711118)
Tropa.de.Elite.2.2010__#00-42-00_00-43-00_label_B2-0-0.mp4|0.97051907|(1,1441,0.97051907)
Quantum.Of.Solace.2008__#00-47-29_00-50-52_label_A.mp4|0.011463122|(2,4001,0.011463122,873,4873,0.00070991664)
Young.And.Dangerous.I.1996__#0-55-09_0-56-59_label_A.mp4|0.000975626|(1,2641,0.000975626)
v=3MUqt3OkxIo__#1_label_A.mp4|0.78008664|(1,2500,0.78008664)
A.Beautiful.Mind.2001__#01-14-30_01-16-59_label_A.mp4|6.197246e-07|(1,3577,6.197246e-07)
v=fkps18H3SXY__#00-54-00_01-00-00_label_A.mp4|0.32622647|(3,4001,0.32622647,4000,8001,0.1463023,4642,8642,0.07750654)
v=hdy5kZ5dwj8__#1_label_A.mp4|0.012113173|(2,4001,0.012113173,674,4674,0.0012707852)
The.Bourne.Identity.2002__#0-29-16_0-32-00_label_A.mp4|6.906814e-05|(1,3937,6.906814e-05)
v=fkps18H3SXY__#00-36-00_00-42-00_label_A.mp4|0.013948041|(3,4001,0.0091909105,4000,8001,0.013948041,4643,8643,0.0027126495)
Salt.2010__#01-16-00_01-16-50_label_A.mp4|0.92823815|(1,1201,0.92823815)
Mission.Impossible.Ghost.Protocol.2011__#00-49-03_00-51-21_label_A.mp4|0.00041899813|(1,3313,0.00041899813)
v=ibYV3e17R5c__#1_label_A.mp4|0.08475589|(1,3375,0.08475589)
v=HksDvkX6Bjk__#1_label_A.mp4|0.00073312764|(4,4001,0.00010699055,4000,8001,0.00033210238,8000,12001,0.00073312764,11435,15435,2.043639e-05)
v=y7JEq-kf-2I__#00-01-50_00-02-30_label_A.mp4|0.38574067|(1,960,0.38574067)
Love.Me.If.You.Dare.2003__#01-04-40_01-06-59_label_A.mp4|0.00034840955|(1,3338,0.00034840955)
v=a0TQkX_zLt0__#1_label_A.mp4|0.4305207|(3,4001,0.4305207,4000,8001,0.00034760003,7764,11764,0.258711)
Thelma...Louise.1991__#01-53-54_01-54-50_label_A.mp4|0.0043840893|(1,1345,0.0043840893)
Law.Abiding.Citizen.2009__#00-00-35_00-01-31_label_A.mp4|0.018002553|(1,1345,0.018002553)
v=ldnLxTablA8__#1_label_A.mp4|0.0019956317|(1,2300,0.0019956317)
Ip.Man.2008__#00-40-25_00-40-45_label_A.mp4|0.0006553993|(1,481,0.0006553993)
v=yviKz5J-pEA__#1_label_A.mp4|0.21331705|(1,3731,0.21331705)
v=f6j3YWgVBto__#00-01-50_00-02-30_label_A.mp4|0.6837336|(1,960,0.6837336)
God.Bless.America.2011__#00-51-00_00-52-00_label_A.mp4|0.6347009|(1,1441,0.6347009)
v=lyZxvgPD4gM__#1_label_A.mp4|0.33493122|(2,4001,0.18518269,1529,5529,0.33493122)
v=NeAC-MfTZzU__#00-15-00_00-18-00_label_A.mp4|0.00024654414|(2,4001,0.00024654414,322,4322,8.924527e-05)
Still.Walking.2008__#00-51-55_00-55-16_label_A.mp4|0.009074141|(2,4001,0.002894429,826,4826,0.009074141)
v=smnw0Q7AxFQ__#1_label_A.mp4|0.0071216547|(2,4001,0.0071216547,3956,7956,0.0029854975)
Salt.2010__#00-02-10_00-03-57_label_A.mp4|0.0025043767|(1,2569,0.0025043767)
City.Of.Men.2007__#01-36-01_01-37-31_label_A.mp4|0.002046093|(1,2161,0.002046093)
The.Hurt.Locker.2008__#0-29-25_0-30-15_label_A.mp4|0.12838416|(1,1200,0.12838416)
Saving.Private.Ryan.1998__#02-00-56_02-03-06_label_A.mp4|0.00072956935|(1,3121,0.00072956935)
The.Bourne.Ultimatum.2007__#01-32-57_01-33-53_label_A.mp4|0.0053420905|(1,1345,0.0053420905)
Mission.Impossible.V.Rogue.Nation.2015__#01-29-39_01-33-39_label_A.mp4|0.034415975|(2,4001,0.034415975,1762,5762,0.004611907)
v=_Hn2Xlt-IWU__#1_label_A.mp4|6.396899e-05|(1,3943,6.396899e-05)
Deadpool.2016__#0-18-35_0-18-55_label_A.mp4|0.08721533|(1,481,0.08721533)
v=t_TZYpT6xjY__#1_label_A.mp4|0.0017868978|(2,4001,0.00036315998,741,4741,0.0017868978)
v=EToznHwS0OA__#1_label_A.mp4|0.107053414|(1,3730,0.107053414)
The.Intouchables.2011__#00-58-18_01-02-30_label_A.mp4|0.044266474|(2,4001,0.044266474,2049,6049,0.00070173823)
v=Q8b0XbtpFsA__#1_label_A.mp4|0.1848017|(2,4001,0.17708682,633,4633,0.1848017)
The.Notebook.2004__#00-20-35_00-23-06_label_A.mp4|0.0009890095|(1,3625,0.0009890095)
v=usAvzbDq6-c__#00-03-00_00-06-00_label_A.mp4|0.0016653269|(2,4001,0.0007441052,322,4322,0.0016653269)
Kill.Bill.Vol.1.2003__#00-21-42_00-22-42_label_A.mp4|0.114505425|(1,1441,0.114505425)
Shoot.Em.Up.2007__#00-25-50_00-27-10_label_A.mp4|0.453661|(1,1921,0.453661)
v=y7vIfdKwHDk__#1_label_A.mp4|0.1402619|(2,4001,0.1402619,182,4182,0.039581917)
v=ajnl7P9bf78__#1_label_A.mp4|0.99727803|(1,1624,0.99727803)
Love.Me.If.You.Dare.2003__#00-11-20_00-15-08_label_A.mp4|0.5678896|(2,4001,0.5678896,1474,5474,0.45880476)
v=AqFWYZsOgWY__#00-33-00_00-36-00_label_A.mp4|0.017785171|(2,4001,0.012470148,322,4322,0.017785171)
Salt.2010__#00-13-45_00-16-10_label_A.mp4|0.00073832757|(1,3481,0.00073832757)
v=W5qLlC9il3s__#1_label_A.mp4|0.004007725|(1,1385,0.004007725)
Taken.3.2014__#01-20-10_01-21-30_label_A.mp4|0.1339903|(1,1921,0.1339903)
Black.Hawk.Down.2001__#00-06-44_00-07-39_label_A.mp4|0.016430568|(1,1321,0.016430568)
Haywire.2011__#00-02-06_00-03-29_label_A.mp4|0.00025748767|(1,1993,0.00025748767)
v=H9Y5_X1sEEA__#00-03-00_00-06-00_label_A.mp4|0.09108018|(2,4001,0.07914929,322,4322,0.09108018)
v=9eME1y6V-T4__#02-00-00_02-06-00_label_A.mp4|0.9693312|(3,4001,0.22044358,4000,8001,0.9550997,4642,8642,0.9693312)
Love.Death.and.Robots.S01E02__#00-03-15_00-04-20_label_A.mp4|0.49143064|(1,1560,0.49143064)
GoldenEye.1995__#01-02-11_01-03-43_label_A.mp4|6.951256e-05|(1,2209,6.951256e-05)
v=9eME1y6V-T4__#01-18-00_01-24-00_label_A.mp4|0.81781113|(3,4001,0.1270365,4000,8001,0.81781113,4642,8642,0.6091094)
v=VRn8Tc02TbU__#00-18-00_00-21-00_label_A.mp4|0.011701272|(2,4001,0.0022076576,322,4322,0.011701272)
v=NbNFfnVSIn8__#1_label_A.mp4|0.010583469|(2,4001,0.010583469,592,4592,0.0002800561)
v=tlFJIG9mTGQ__#00-15-00_00-18-36_label_A.mp4|0.0007185439|(2,4001,0.00046095817,1187,5187,0.0007185439)
Be.with.You.2018__#00-23-50_00-24-31_label_A.mp4|0.0046498105|(1,985,0.0046498105)
v=rJgg00ic1G8__#1_label_A.mp4|0.2300977|(2,4001,0.028954849,1651,5651,0.2300977)
Sin.City.2005__#01-43-21_01-44-21_label_A.mp4|0.00022412362|(1,1441,0.00022412362)
The.Notebook.2004__#00-11-00_00-15-08_label_A.mp4|0.007837599|(2,4001,0.007837599,1954,5954,0.000401236)
v=1EvRIhdsX1s__#1_label_A.mp4|0.2770612|(1,862,0.2770612)
v=H9Y5_X1sEEA__#00-42-00_00-45-00_label_A.mp4|0.0023088295|(2,4001,0.0023088295,322,4322,0.00046305644)
v=BL8ppFg7NKI__#1_label_A.mp4|0.18358482|(2,4001,0.0029646999,1470,5470,0.18358482)
The.Fast.and.the.Furious.2001__#01-38-50_01-39-59_label_A.mp4|0.025526885|(1,1657,0.025526885)
Flipped.2010__#00-08-55_00-10-50_label_A.mp4|0.0009935792|(1,2762,0.0009935792)
v=LYzmr5ORvCg__#1_label_A.mp4|0.0013236123|(1,3925,0.0013236123)
v=AqFWYZsOgWY__#00-21-00_00-24-00_label_A.mp4|0.03837148|(2,4001,0.03837148,322,4322,0.036555666)
Kill.Bill.Vol.1.2003__#01-08-15_01-09-15_label_A.mp4|0.93849856|(1,1441,0.93849856)
IP.Man.2.2010__#00-54-00_00-57-12_label_A.mp4|0.037823215|(2,4001,0.0054791057,608,4608,0.037823215)
New.Kids.Turbo.2010__#00-41-30_00-42-05_label_A.mp4|0.0083217425|(1,840,0.0083217425)
v=wQrV75N2BrI__#1_label_A.mp4|0.43360877|(9,4001,0.07200253,4000,8001,0.041946195,8000,12001,0.07518002,12000,16001,0.017512608,16000,20001,0.064791925,20000,24001,0.43360877,24000,28001,0.013144489,28000,32001,0.026741557,29196,33196,0.0025575259)
v=MyM5G7fo7Gg__#00-18-00_00-21-00_label_A.mp4|0.38353217|(2,4001,0.08544189,323,4323,0.38353217)
v=DdIA1Owbcdc__#1_label_A.mp4|0.019746052|(1,1064,0.019746052)
Love.Actually.2003__#01-34-18_01-38-11_label_A.mp4|0.0003586294|(2,4001,0.0003569584,1593,5593,0.0003586294)
Young.And.Dangerous.II.1996__#0-53-25_0-54-20_label_A.mp4|0.07315806|(1,1322,0.07315806)
Tropa.de.Elite.2.2010__#01-33-31_01-34-20_label_A.mp4|0.9830778|(1,1177,0.9830778)
Ip.Man.2008__#00-02-56_00-05-24_label_A.mp4|0.0035803672|(1,3553,0.0035803672)
Desperado.1995__#00-19-00_00-20-31_label_A.mp4|0.36298946|(1,2185,0.36298946)
The.Pursuit.of.Happyness.2006__#01-34-18_01-38-11_label_A.mp4|0.40614304|(2,4001,0.18169315,1593,5593,0.40614304)
Bullet.in.the.Head.1990__#00-03-59_00-04-40_label_A.mp4|0.8877266|(1,985,0.8877266)
GoldenEye.1995__#01-33-40_01-34-30_label_A.mp4|0.0001145039|(1,1201,0.0001145039)
Spectre.2015__#00-16-41_00-18-55_label_A.mp4|9.137186e-08|(1,3216,9.137186e-08)
Tropa.de.Elite.2.2010__#00-05-30_00-06-30_label_A.mp4|0.4310715|(1,1441,0.4310715)
v=H12BVHrNiXs__#1_label_A.mp4|0.006327018|(2,4001,0.0001332259,787,4787,0.006327018)
Kill.Bill.Vol.2.2004__#01-03-13_01-04-13_label_A.mp4|0.01858228|(1,1441,0.01858228)
v=JzrpCC7XmyE__#01-06-00_01-12-00_label_A.mp4|0.0061609866|(3,4001,0.00044290652,4000,8001,0.0039409776,4642,8642,0.0061609866)
Love.Actually.2003__#01-17-00_01-19-40_label_A.mp4|0.023567494|(1,3842,0.023567494)
City.of.God.2002__#00-33-10_00-34-50_label_A.mp4|0.5401367|(1,2401,0.5401367)
v=QBfO3qfo7zg__#1_label_A.mp4|0.14951971|(2,4001,0.06251519,661,4661,0.14951971)
Death.Proof.2007__#00-02-04_00-05-00_label_A.mp4|0.0077665965|(2,4001,0.0023586676,225,4225,0.0077665965)
The.Bourne.Supremacy.2004__#01-34-52_01-35-50_label_A.mp4|0.10721986|(1,1393,0.10721986)
Desperado.1995__#01-22-10_01-23-17_label_A.mp4|1.4861948e-05|(1,1609,1.4861948e-05)
Young.And.Dangerous.IV.1997__#0-10-35_0-11-50_label_A.mp4|0.011922205|(1,1801,0.011922205)
Before.Sunset.2004__#01-14-30_01-16-51_label_A.mp4|0.0007840112|(1,3385,0.0007840112)
v=H9Y5_X1sEEA__#00-30-00_00-33-00_label_A.mp4|0.0015380592|(2,4001,0.00013696424,323,4323,0.0015380592)
v=NjI-AuzKgMc__#1_label_A.mp4|0.0006209985|(1,2836,0.0006209985)
v=p2ggHwtb-Zg__#00-24-00_00-27-00_label_A.mp4|0.033444818|(2,4001,0.033444818,322,4322,0.020101273)
The.Pursuit.of.Happyness.2006__#00-30-50_00-32-31_label_A.mp4|0.339453|(1,2425,0.339453)
Bullet.in.the.Head.1990__#00-51-46_00-52-50_label_A.mp4|0.22697207|(1,1537,0.22697207)
v=3ZVcLOjwOMk__#1_label_A.mp4|0.7345784|(1,1885,0.7345784)
From.Dusk.Till.Dawn.1996__#00-31-52_00-34-21_label_A.mp4|0.053949695|(1,3576,0.053949695)
v=JzrpCC7XmyE__#00-06-00_00-12-00_label_A.mp4|0.025436526|(3,4001,0.00043380517,4000,8001,0.025436526,4642,8642,0.0121215405)
The.Pursuit.of.Happyness.2006__#00-17-30_00-19-10_label_A.mp4|0.011246703|(1,2401,0.011246703)
v=2JJ9d97sd64__#1_label_A.mp4|0.25527284|(1,3140,0.25527284)
Flipped.2010__#00-42-52_00-45-31_label_A.mp4|0.00043672931|(1,3817,0.00043672931)
v=MyM5G7fo7Gg__#00-06-00_00-09-00_label_A.mp4|0.31271744|(2,4001,0.17604698,322,4322,0.31271744)
The.Bourne.Supremacy.2004__#0-58-18_01-00-58_label_A.mp4|0.010883786|(1,3842,0.010883786)
Love.Actually.2003__#01-39-05_01-46-40_label_A.mp4|0.07937596|(3,4001,6.964595e-06,4000,8001,0.07937596,6921,10921,0.0004427579)
v=eAgqJnO3kr8__#00-42-00_00-48-00_label_A.mp4|0.00049272407|(3,4001,0.00049272407,4000,8001,0.00035332624,4642,8642,6.902073e-05)
v=S1meRf5BsEw__#1_label_A.mp4|0.14649957|(2,4001,0.08483841,104,4104,0.14649957)
The.Bourne.Identity.2002__#0-57-11_0-58-45_label_A.mp4|0.05333961|(1,2257,0.05333961)
Mission.Impossible.II.2000__#00-24-30_00-30-10_label_A.mp4|0.110318325|(3,4001,0.007497864,4000,8001,0.052320477,4160,8160,0.110318325)
v=QUlWIIHMIEQ__#1_label_A.mp4|0.9611572|(1,1106,0.9611572)
v=usAvzbDq6-c__#00-21-00_00-24-00_label_A.mp4|0.086199336|(2,4001,0.086199336,322,4322,0.05625036)
v=tlFJIG9mTGQ__#00-12-00_00-15-00_label_A.mp4|5.0261347e-05|(2,4001,3.0501416e-05,322,4322,5.0261347e-05)
The.Fast.and.the.Furious.2001__#00-26-09_00-26-52_label_A.mp4|0.92267054|(1,1033,0.92267054)
Be.with.You.2018__#01-42-06_01-45-53_label_A.mp4|0.025712918|(2,4001,0.025712918,1449,5449,0.0025331804)
Before.Sunrise.1995__#01-36-45_01-38-10_label_A.mp4|0.0034992977|(1,2040,0.0034992977)
v=fkps18H3SXY__#00-00-00_00-06-00_label_A.mp4|0.62075466|(3,4001,0.04565196,4000,8001,0.6197865,4642,8642,0.62075466)
Spectre.2015__#01-17-22_01-18-53_label_A.mp4|0.0015666197|(1,2184,0.0015666197)
The.Attorney.2013__#00-47-00_00-49-30_label_A.mp4|5.4008662e-05|(1,3601,5.4008662e-05)
Be.with.You.2018__#00-16-18_00-18-09_label_A.mp4|0.061860263|(1,2665,0.061860263)
Gladiator.2000__#02-43-00_02-43-59_label_A.mp4|0.05235056|(1,1417,0.05235056)
v=n0AhGnEjako__#1_label_A.mp4|0.7655904|(1,2376,0.7655904)
v=VGP9qh7U4H0__#1_label_A.mp4|0.37856936|(2,4001,0.37856936,1284,5284,0.20732467)
Brick.Mansions.2014__#00-08-37_00-10-04_label_A.mp4|0.12660007|(1,2088,0.12660007)
v=hgoGZZSMhMQ__#1_label_A.mp4|0.9775618|(1,159,0.9775618)
v=vQ9AwVrM9pU__#1_label_A.mp4|0.6369153|(1,3138,0.6369153)
v=9FxmNOXF25Q__#1_label_A.mp4|0.019318653|(2,4001,0.0010633797,120,4120,0.019318653)
IP.Man.2.2010__#00-02-50_00-06-45_label_A.mp4|0.005687676|(2,4001,0.0054831035,1640,5640,0.005687676)
v=pCyCi-q4MqY__#1_label_A.mp4|0.96357286|(2,4001,0.6561481,714,4714,0.96357286)
v=Yr41_8QOTF8__#00-21-00_00-24-00_label_A.mp4|0.00032590402|(2,4001,0.00032590402,321,4321,0.00024037734)
Before.Sunset.2004__#00-23-50_00-24-31_label_A.mp4|0.06864131|(1,985,0.06864131)
v=aBsrZKrRtqU__#1_label_A.mp4|0.40853617|(1,1235,0.40853617)
The.Notebook.2004__#00-25-20_00-29-20_label_A.mp4|0.00024171906|(2,4001,0.00024171906,1761,5761,3.6024503e-06)
v=KEh6EOQvQO0__#1_label_A.mp4|0.04491475|(1,3183,0.04491475)
Operation.Red.Sea.2018__#0-45-54_0-46-33_label_A.mp4|0.102017045|(1,936,0.102017045)
v=vFPQ_NiDBIU__#00-42-00_00-48-00_label_A.mp4|0.16145197|(3,4001,0.006268016,4000,8001,0.07058126,4640,8640,0.16145197)
About.Time.2013__#00-30-50_00-32-31_label_A.mp4|0.6557815|(1,2425,0.6557815)
v=QozLwYYVotY__#1_label_A.mp4|0.41957936|(1,3254,0.41957936)
Hear.Me.2009__#00-49-48_00-51-12_label_A.mp4|6.7319634e-05|(1,2017,6.7319634e-05)
v=4jVgDKbu_TI__#1_label_A.mp4|0.0034618964|(5,4001,0.0034618964,4000,8001,0.0010683434,8000,12001,0.0005863176,12000,16001,5.8978116e-05,14974,18974,0.0001353866)
A.Beautiful.Mind.2001__#00-50-26_00-55-16_label_A.mp4|0.009803743|(2,4001,6.8731565e-06,2962,6962,0.009803743)
Lord.of.War__#00-59-20_01-00-35_label_A.mp4|0.0018834323|(1,1801,0.0018834323)
Kingsman.The.Golden.Circle.2017__#02-09-30_02-10-45_label_A.mp4|0.09187594|(1,1801,0.09187594)
v=uyvM-vq5DwA__#1_label_A.mp4|0.022332711|(2,4001,0.0049629705,788,4788,0.022332711)
v=q2SP66Jb6Cw__#00-00-00_00-06-00_label_A.mp4|0.5985135|(3,4001,0.48482236,4000,8001,0.5715114,4642,8642,0.5985135)
Good.Will.Hunting.1997__#00-08-55_00-10-50_label_A.mp4|0.07504342|(1,2762,0.07504342)
v=SdYFFo_tsfk__#00-00-00_00-06-00_label_A.mp4|0.2812121|(3,4001,0.20036092,4000,8001,0.2812121,4642,8642,0.007191068)
v=ODGDLQ0TT3M__#1_label_A.mp4|0.031637076|(1,2138,0.031637076)
God.Bless.America.2011__#00-58-09_01-04-00_label_A.mp4|0.0011002854|(3,4001,0.00080855004,4000,8001,0.0005846926,4425,8425,0.0011002854)
The.Secret.Life.of.Walter.Mitty.2013__#01-23-00_01-29-08_label_A.mp4|0.0019226559|(3,4001,0.0005519981,4000,8001,0.00019917515,4833,8833,0.0019226559)
Casino.Royale.2006__#00-28-10_00-30-10_label_A.mp4|0.0012030802|(1,2881,0.0012030802)
Mission.Impossible.II.2000__#00-11-37_00-15-46_label_A.mp4|0.99972886|(1,693,0.99972886)
v=Oh6FDdpH08A__#1_label_A.mp4|0.05372343|(1,3344,0.05372343)
Yellow.Sea.2010__#00-10-16_00-11-14_label_A.mp4|0.93854415|(1,1393,0.93854415)
v=Ehh8ZdIMMj4__#1_label_A.mp4|0.8054384|(1,2708,0.8054384)
The.Bourne.Identity.2002__#01-09-16_01-11-16_label_A.mp4|0.004470924|(1,2882,0.004470924)
Bullet.in.the.Head.1990__#01-58-25_01-59-30_label_A.mp4|0.35916927|(1,1561,0.35916927)
Fury.2014__#01-13-32_01-14-43_label_A.mp4|0.05045455|(1,1705,0.05045455)
v=7smETZfN0XA__#1_label_A.mp4|0.7231391|(1,3020,0.7231391)
v=bU86SW6L7Tc__#1_label_A.mp4|0.019184036|(2,4001,0.010565263,250,4250,0.019184036)
Flipped.2010__#01-10-30_01-13-51_label_A.mp4|2.9743487e-05|(2,4001,2.9743487e-05,825,4825,1.2944107e-05)
The.Intouchables.2011__#00-51-55_00-55-16_label_A.mp4|0.00040440593|(2,4001,0.00021414689,826,4826,0.00040440593)
Your.Name.2016__#01-01-20_01-04-00_label_A.mp4|0.9072676|(1,3841,0.9072676)
v=GrHfWKeTDEI__#1_label_A.mp4|3.0748913e-06|(2,4001,7.61528e-08,1066,5066,3.0748913e-06)
v=8SC55pYljMM__#1_label_A.mp4|0.12921423|(2,4001,0.008991792,324,4324,0.12921423)
The.Bourne.Ultimatum.2007__#0-55-55_0-56-10_label_A.mp4|0.9997975|(1,361,0.9997975)
v=6cvZOGzfqWU__#1_label_A.mp4|0.9308794|(2,4001,0.18750782,1594,5594,0.9308794)
v=tI7fktKY6OU__#1_label_A.mp4|0.7466902|(4,4001,0.7466902,4000,8001,0.017506186,8000,12001,0.20107947,10916,14916,0.104160994)
v=RarYGpz-blM__#1_label_A.mp4|0.0007548745|(1,3384,0.0007548745)
v=9eME1y6V-T4__#01-00-00_01-06-00_label_A.mp4|0.21401769|(3,4001,0.10418803,4000,8001,0.112322666,4642,8642,0.21401769)
v=5l-nbDl0qvg__#1_label_A.mp4|0.05800414|(4,4001,0.05800414,4000,8001,0.023807669,8000,12001,0.0027634373,9124,13124,0.0034288901)
v=H9Y5_X1sEEA__#00-45-00_00-48-00_label_A.mp4|0.004464301|(2,4001,0.0004606193,323,4323,0.004464301)
v=I7oSupyExVY__#1_label_A.mp4|0.9974214|(2,4001,0.86643285,825,4825,0.9974214)
v=SmFpAAHmoII__#1_label_A.mp4|0.0038736959|(1,3951,0.0038736959)
v=x0-z4h6mFoU__#1_label_A.mp4|0.0012505256|(2,4001,1.2638739e-05,610,4610,0.0012505256)
v=qV4YYnXdQCc__#00-03-00_00-06-00_label_A.mp4|0.001066127|(2,4001,0.00017931157,322,4322,0.001066127)
The.Secret.Life.of.Walter.Mitty.2013__#01-01-20_01-04-00_label_A.mp4|0.05051997|(1,3841,0.05051997)
v=9qxJ6bznkNI__#1_label_A.mp4|0.00616611|(2,4001,0.00035511126,1454,5454,0.00616611)
v=9eME1y6V-T4__#00-42-00_00-48-00_label_A.mp4|0.93699175|(3,4001,0.41906178,4000,8001,0.3666759,4642,8642,0.93699175)
GoldenEye.1995__#00-56-11_00-56-51_label_A.mp4|0.2609968|(1,962,0.2609968)
v=mfFYGFJhBI4__#1_label_A.mp4|0.11898609|(1,255,0.11898609)
Taken.3.2014__#00-36-03_00-36-48_label_A.mp4|0.097561486|(1,1081,0.097561486)
v=lVJVRywgmYM__#1_label_A.mp4|0.3945028|(2,4001,0.22357123,1937,5937,0.3945028)
The.Notebook.2004__#00-08-55_00-10-50_label_A.mp4|0.57774174|(1,2762,0.57774174)
The.Intouchables.2011__#00-04-20_00-05-35_label_A.mp4|0.3064017|(1,1801,0.3064017)
v=eAgqJnO3kr8__#00-48-00_00-54-00_label_A.mp4|0.0009079056|(3,4001,8.68971e-06,4000,8001,0.0009079056,4642,8642,0.0006946049)
v=qhUItxoTrmg__#1_label_A.mp4|0.07384625|(2,4001,0.0014642872,571,4571,0.07384625)
v=RRiN5W9XwJE__#1_label_A.mp4|0.35052422|(1,2616,0.35052422)
Flipped.2010__#00-45-40_00-47-30_label_A.mp4|0.0038180943|(1,2641,0.0038180943)
v=g7fnNf88IOc__#1_label_A.mp4|9.468989e-05|(1,3635,9.468989e-05)
v=vFPQ_NiDBIU__#01-00-00_01-06-00_label_A.mp4|0.020966325|(3,4001,0.0108204745,4000,8001,0.008839531,4640,8640,0.020966325)
Skyfall.2012__#02-14-50_02-16-25_label_A.mp4|0.06944767|(1,2281,0.06944767)
v=9eME1y6V-T4__#01-06-00_01-12-00_label_A.mp4|0.11143351|(3,4001,0.0377175,4000,8001,0.11143351,4642,8642,0.019437062)
About.Time.2013__#00-23-50_00-24-31_label_A.mp4|0.04237437|(1,985,0.04237437)
Jason.Bourne.2016__#0-51-37_0-53-20_label_A.mp4|0.39772472|(1,2473,0.39772472)
v=0LEefpIPBHA__#1_label_A.mp4|0.9992791|(1,1142,0.9992791)
Bullet.in.the.Head.1990__#00-25-11_00-26-15_label_A.mp4|0.82524616|(1,1537,0.82524616)
v=5NZxPmTpV6Y__#1_label_A.mp4|0.9858088|(1,2807,0.9858088)
Love.Me.If.You.Dare.2003__#00-33-52_00-39-00_label_A.mp4|0.04179574|(2,4001,0.04179574,3394,7394,0.014536981)
The.Notebook.2004__#01-52-20_01-58-00_label_A.mp4|0.0011107144|(3,4001,0.0011107144,4000,8001,0.0010182774,4161,8161,0.0011092051)
v=HTEyaXBPf9U__#1_label_A.mp4|0.002074247|(2,4001,0.002074247,1120,5120,0.0013440754)
v=rmDBn5Rpd3s__#1_label_A.mp4|0.94057935|(1,707,0.94057935)
v=QiLNvC7CIuY__#1_label_A.mp4|0.9736791|(1,1161,0.9736791)
v=vHnAmx0UYbM__#1_label_A.mp4|0.22128451|(6,4001,0.06340497,4000,8001,0.005086121,8000,12001,0.0029831068,12000,16001,0.0037539012,16000,20001,0.16888657,16045,20045,0.22128451)
v=eAgqJnO3kr8__#00-06-00_00-12-00_label_A.mp4|0.5210871|(3,4001,0.0037231727,4000,8001,0.5210871,4642,8642,0.07312554)
v=Hd_2Y29_FLU__#1_label_A.mp4|0.1585318|(1,3272,0.1585318)
Ip.Man.2008__#01-04-27_01-06-22_label_A.mp4|0.008257255|(1,2761,0.008257255)
v=g4FnGZ5MAdo__#1_label_A.mp4|0.95782256|(2,4001,0.95782256,958,4958,0.94748217)
Mission.Impossible.Ghost.Protocol.2011__#01-24-59_01-28-30_label_A.mp4|0.00075930613|(2,4001,0.00075930613,1064,5064,7.7348835e-05)
v=yZ2wlTAN49g__#00-03-00_00-06-00_label_A.mp4|0.03558353|(2,4001,0.00057505554,322,4322,0.03558353)
Election.2005__#00-03-35_00-05-05_label_A.mp4|0.26358572|(1,2160,0.26358572)
Before.Sunrise.1995__#00-40-52_00-42-01_label_A.mp4|3.521442e-05|(1,1657,3.521442e-05)
The.Hurt.Locker.2008__#0-45-39_0-47-06_label_A.mp4|0.04646329|(1,2089,0.04646329)
Deadpool.2.2018__#0-02-35_0-03-12_label_A.mp4|0.9139347|(1,890,0.9139347)
Tropa.de.Elite.2007__#00-10-30_00-12-08_label_A.mp4|0.030522889|(1,2352,0.030522889)
IP.Man.2.2010__#01-44-00_01-44-42_label_A.mp4|0.00807936|(1,1008,0.00807936)
wangted.2008__#0-27-17_0-28-07_label_A.mp4|0.9737344|(1,1200,0.9737344)
v=X60PecZRLGE__#1_label_A.mp4|0.0042493218|(1,2644,0.0042493218)
Your.Name.2016__#00-05-52_00-08-22_label_A.mp4|0.121580034|(1,3601,0.121580034)
v=usAvzbDq6-c__#00-18-00_00-21-00_label_A.mp4|0.20693214|(2,4001,0.20693214,322,4322,0.18533261)
Kingsman.The.Secret.Service.2014__#00-25-29_00-26-24_label_A.mp4|0.0014422559|(1,1321,0.0014422559)
Kingsman.The.Golden.Circle.2017__#00-44-52_00-46-20_label_A.mp4|0.4139015|(1,2113,0.4139015)
Hot.Fuzz.2007__#00-19-20_00-22-06_label_A.mp4|0.0005701117|(1,3986,0.0005701117)
Before.Sunrise.1995__#00-42-52_00-45-31_label_A.mp4|5.651738e-05|(1,3817,5.651738e-05)
Love.Actually.2003__#01-04-40_01-06-59_label_A.mp4|0.5229736|(1,3336,0.5229736)
Flipped.2010__#01-07-30_01-09-51_label_A.mp4|0.006194381|(1,3384,0.006194381)
Love.Actually.2003__#00-51-55_00-55-16_label_A.mp4|0.02385534|(2,4001,0.02385534,826,4826,0.0076305927)
Before.Sunrise.1995__#00-23-50_00-24-31_label_A.mp4|0.045362223|(1,985,0.045362223)
Black.Hawk.Down.2001__#01-36-44_01-37-33_label_A.mp4|0.29476422|(1,1176,0.29476422)
v=enYITYwvPAQ__#00-27-00_00-30-00_label_A.mp4|0.032473374|(2,4001,0.032473374,321,4321,0.020458547)
About.Time.2013__#00-40-52_00-42-31_label_A.mp4|0.00046655536|(1,2377,0.00046655536)
v=Yr41_8QOTF8__#00-09-00_00-12-00_label_A.mp4|4.0699506e-05|(2,4001,4.0699506e-05,321,4321,1.991097e-05)
v=1202rYvw7go__#1_label_A.mp4|0.055581283|(1,3951,0.055581283)
Be.with.You.2018__#00-04-20_00-05-35_label_A.mp4|0.36154103|(1,1801,0.36154103)
v=KERh4R2BbS0__#1_label_A.mp4|0.11065792|(6,4001,0.11065792,4000,8001,4.816052e-05,8000,12001,0.00027873192,12000,16001,0.00030168096,16000,20001,0.018276894,16652,20652,0.051474333)
v=VNQ1Vkz_cM4__#1_label_A.mp4|0.42120498|(2,4001,0.027958099,1622,5622,0.42120498)
v=Wp6gzFUaci8__#1_label_A.mp4|0.0005909258|(1,2780,0.0005909258)
Operation.Red.Sea.2018__#0-12-26_0-13-36_label_A.mp4|0.00034843266|(1,1680,0.00034843266)
v=VcsJf1q9QX8__#1_label_A.mp4|0.22534373|(1,2560,0.22534373)
v=Pf7WtK-YPDA__#1_label_A.mp4|0.52005327|(1,1954,0.52005327)
The.Notebook.2004__#01-30-25_01-33-56_label_A.mp4|2.2359738e-05|(2,4001,3.3042795e-06,1065,5065,2.2359738e-05)
v=ErOcW_CSOyQ__#1_label_A.mp4|0.13072476|(5,4001,0.13072476,4000,8001,0.056426343,8000,12001,0.03954338,12000,16001,0.0041182283,13477,17477,0.00715664)
Fast.Five.2011__#01-59-16_02-01-12_label_A.mp4|0.005211867|(1,2785,0.005211867)
v=EeUTpfyb0qo__#1_label_A.mp4|0.15004286|(5,4001,0.0046105,4000,8001,0.15004286,8000,12001,0.01439045,12000,16001,0.060399044,14143,18143,0.0103029115)
v=9eME1y6V-T4__#01-36-00_01-42-00_label_A.mp4|0.98568153|(3,4001,0.00046459242,4000,8001,0.966072,4642,8642,0.98568153)
v=plhVMWR33go__#1_label_A.mp4|0.11367713|(3,4001,0.026062427,4000,8001,0.11367713,4047,8047,0.038960733)
Still.Walking.2008__#00-16-18_00-17-27_label_A.mp4|0.0018214311|(1,1657,0.0018214311)
v=vFPQ_NiDBIU__#02-42-00_02-48-00_label_A.mp4|0.0009648367|(3,4001,0.0009648367,4000,8001,8.534234e-06,4640,8640,4.1003104e-06)
v=vp_W8CqtCug__#1_label_A.mp4|0.00015526993|(1,3806,0.00015526993)
v=cvEJ5WFk2KE__#00-06-00_00-09-00_label_A.mp4|0.00096917374|(2,4001,0.00096917374,321,4321,0.00064015127)
Before.Sunrise.1995__#00-03-00_00-04-05_label_A.mp4|0.120684184|(1,1561,0.120684184)
v=0vVOXlgHC1U__#00-48-00_00-54-00_label_A.mp4|0.9787581|(3,4001,0.9787581,4000,8001,0.93850404,4642,8642,0.9268054)
Love.Death.and.Robots.S01E04__#00-14-28_00-15-27_label_A.mp4|0.9121918|(1,1416,0.9121918)
Bad.Boys.II.2003__#01-11-16_01-14-00_label_A.mp4|7.0771624e-05|(1,3937,7.0771624e-05)
v=vFPQ_NiDBIU__#01-48-00_01-54-00_label_A.mp4|0.00035928303|(3,4001,6.0672214e-06,4000,8001,0.00035928303,4640,8640,0.00018395306)
v=L2Qs4KyW-Co__#1_label_A.mp4|0.010435528|(2,4001,0.010435528,426,4426,0.0051381877)
Fast.Furious.2009__#01-08-33_01-10-18_label_A.mp4|0.05791173|(1,2521,0.05791173)
v=94zZ9iptP54__#1_label_A.mp4|0.9950664|(1,932,0.9950664)
v=gxrLosPS27c__#1_label_A.mp4|0.10025782|(1,2219,0.10025782)
v=0vVOXlgHC1U__#00-12-00_00-18-00_label_A.mp4|0.4833652|(3,4001,0.02792198,4000,8001,0.4833652,4642,8642,0.054107044)
Taken.2.UNRATED.EXTENDED.2012__#00-17-08_00-17-30_label_A.mp4|0.08069527|(1,529,0.08069527)
v=vsI_pKNcgeQ__#00-15-00_00-18-00_label_A.mp4|3.230132e-05|(2,4001,3.230132e-05,322,4322,2.115535e-05)
Hear.Me.2009__#00-30-50_00-32-31_label_A.mp4|0.0025215093|(1,2425,0.0025215093)
v=jAvOGTD7_pU__#00-12-00_00-15-00_label_A.mp4|0.003410449|(2,4001,0.003410449,322,4322,0.0014716625)
Rush.Hour.3.2007.BluRay__#01-00-40_01-04-00_label_A.mp4|1.5920154e-05|(2,4001,1.2454393e-05,801,4801,1.5920154e-05)
v=SdYFFo_tsfk__#00-18-00_00-24-00_label_A.mp4|0.0037029353|(3,4001,0.0037029353,4000,8001,2.5726367e-05,4642,8642,7.946799e-05)
Good.Will.Hunting.1997__#00-58-18_01-02-30_label_A.mp4|0.035666235|(2,4001,0.0006145651,2049,6049,0.035666235)
Still.Walking.2008__#01-02-18_01-03-10_label_A.mp4|0.00034038376|(1,1249,0.00034038376)
Bad.Boys.1995__#00-10-00_00-11-52_label_A.mp4|0.027981168|(1,2689,0.027981168)
Fast.Furious.6.2013__#01-37-00_01-38-05_label_A.mp4|0.0013162625|(1,1561,0.0013162625)
v=ZpWR_YZNZTM__#1_label_A.mp4|0.397726|(1,3437,0.397726)
v=GnN9VTh_s2A__#1_label_A.mp4|0.0966172|(1,683,0.0966172)
The.Secret.Life.of.Walter.Mitty.2013__#00-08-55_00-10-50_label_A.mp4|0.0018432856|(1,2762,0.0018432856)
Young.And.Dangerous.III.1996__#00-15-52_00-17-00_label_A.mp4|0.0012807754|(1,1634,0.0012807754)
Before.Sunrise.1995__#00-04-20_00-05-35_label_A.mp4|0.43880445|(1,1801,0.43880445)
One.Day.2011__#01-02-50_01-07-05_label_A.mp4|8.717943e-05|(2,4001,8.717943e-05,2121,6121,8.880877e-06)
v=p2ggHwtb-Zg__#00-21-00_00-24-00_label_A.mp4|0.01811599|(2,4001,0.015979849,323,4323,0.01811599)
v=JHsfKFF9Oag__#1_label_A.mp4|0.098298036|(1,2699,0.098298036)
v=-5RWxUUJ7lQ__#1_label_A.mp4|0.1454467|(5,4001,0.11335152,4000,8001,0.1454467,8000,12001,0.0051380657,12000,16001,0.003744789,15123,19123,0.027651668)
A.Beautiful.Mind.2001__#00-40-52_00-42-01_label_A.mp4|0.005746118|(1,1657,0.005746118)
v=-tqHsoEoUyY__#1_label_A.mp4|0.33184823|(1,1011,0.33184823)
Tropa.de.Elite.2007__#00-52-33_00-54-35_label_A.mp4|0.82273334|(1,2930,0.82273334)
A.Beautiful.Mind.2001__#00-25-20_00-29-20_label_A.mp4|0.0007013107|(2,4001,0.0007013107,1761,5761,0.00014592253)
Tropa.de.Elite.2.2010__#01-30-51_01-32-30_label_A.mp4|0.44179717|(1,2377,0.44179717)
v=H9Y5_X1sEEA__#00-36-00_00-39-00_label_A.mp4|0.004263359|(2,4001,0.004263359,323,4323,0.0026958082)
God.Bless.America.2011__#01-23-13_01-25-31_label_A.mp4|0.0046798233|(1,3313,0.0046798233)
Mission.Impossible.Ghost.Protocol.2011__#01-07-24_01-09-09_label_A.mp4|1.4343905e-06|(1,2521,1.4343905e-06)
v=es97CGK_5XQ__#1_label_A.mp4|0.8451877|(1,1633,0.8451877)
v=3lSHv_DUbJs__#1_label_A.mp4|0.43696603|(1,3566,0.43696603)
Shoplifters.2018__#00-17-30_00-19-10_label_A.mp4|0.0010763726|(1,2401,0.0010763726)
The.Secret.Life.of.Walter.Mitty.2013__#00-36-52_00-41-00_label_A.mp4|0.0013342059|(2,4001,0.0013342059,1953,5953,0.0003119882)
v=5AlAh8J3WqE__#1_label_A.mp4|0.7854418|(3,4001,0.7854418,4000,8001,0.007091283,6885,10885,0.044099215)
Be.with.You.2018__#01-14-30_01-16-59_label_A.mp4|9.826503e-05|(1,3577,9.826503e-05)
v=Wc2QW06H48M__#1_label_A.mp4|0.59736323|(1,1554,0.59736323)
v=gGlqujwrhbI__#00-12-00_00-15-00_label_A.mp4|0.0018629559|(2,4001,0.00031278454,322,4322,0.0018629559)
