Mission.Impossible.Fallout.2018__#00-31-21_00-32-50_label_B1-0-0.mp4|0.50392693|(2,2001,0.50392693,136,2136,0.50338036)
v=bhZs3ALdL7Y__#1_label_G-0-0.mp4|0.5007851|(1,81,0.5007851)
Skyfall.2012__#01-55-44_01-56-57_label_B2-G-0.mp4|0.5055981|(1,1753,0.5055981)
v=15wDrZJQpsw__#00-05-20_00-06-20_label_B6-0-0.mp4|0.5040879|(1,1443,0.5040879)
v=gp_D8r-2hwk__#1_label_G-0-0.mp4|0.50677156|(2,2001,0.5060225,551,2551,0.50677156)
Quantum.Of.Solace.2008__#01-19-30_01-20-05_label_B1-0-0.mp4|0.50401247|(1,841,0.50401247)
Saving.Private.Ryan.1998__#02-24-18_02-25-42_label_B1-0-0.mp4|0.50949967|(2,2001,0.50949967,17,2017,0.509126)
Rush.Hour.3.2007.BluRay__#00-34-11_00-35-46_label_B1-0-0.mp4|0.50552654|(2,2001,0.50552654,281,2281,0.5042598)
The.Bourne.Identity.2002__#0-54-45_0-56-25_label_B6-0-0.mp4|0.5027083|(2,2001,0.5023275,401,2401,0.5027083)
Rush.Hour.1998.BluRay__#00-11-05_00-12-10_label_B2-B1-0.mp4|0.5051318|(1,1562,0.5051318)
v=GN-7_ye5k4E__#1_label_G-0-0.mp4|0.5057993|(2,2001,0.5057993,681,2681,0.50368345)
v=b0MUjeKAGZw__#1_label_B4-0-0.mp4|0.5047191|(2,2001,0.5047191,795,2795,0.5032838)
Mission.Impossible.III.2006__#00-56-23_00-56-40_label_G-0-0.mp4|0.508791|(1,409,0.508791)
Kingsman.The.Secret.Service.2014__#01-43-40_01-44-50_label_B2-G-0.mp4|0.5035943|(1,1681,0.5035943)
v=m5Ya6z6qroo__#1_label_B4-0-0.mp4|0.5071999|(3,2001,0.5060143,2000,4001,0.5071999,3647,5647,0.5062193)
Rush.Hour.3.2007.BluRay__#01-12-16_01-12-36_label_B1-0-0.mp4|0.5043067|(1,481,0.5043067)
Kingsman.The.Secret.Service.2014__#00-22-10_00-23-10_label_B2-0-0.mp4|0.50075024|(1,1441,0.50075024)
v=5BBoVfKOyeM__#00-08-19_00-10-10_label_B6-0-0.mp4|0.50422895|(2,2001,0.50422895,666,2666,0.50405437)
v=3xWiBCIxjIk__#1_label_B4-0-0.mp4|0.50494754|(2,2001,0.50494754,1748,3748,0.50445664)
Lord.of.War__#00-50-10_00-50-50_label_G-0-0.mp4|0.50354433|(1,961,0.50354433)
v=3WmMhircZOc__#1_label_B4-0-0.mp4|0.5110916|(4,2001,0.505841,2000,4001,0.50413245,4000,6001,0.5110916,4025,6025,0.5104889)
v=DVdXoVUNkhg__#1_label_G-0-0.mp4|0.5034407|(1,1146,0.5034407)
v=1GFBuaGCeTo__#1_label_G-0-0.mp4|0.50549686|(1,1253,0.50549686)
v=hAHXCMRvY_I__#1_label_G-0-0.mp4|0.50751305|(1,486,0.50751305)
v=lpkL0Y1MhA8__#1_label_B4-0-0.mp4|0.5083187|(2,2001,0.50646263,524,2524,0.5083187)
City.of.God.2002__#00-40-16_00-41-30_label_B2-0-0.mp4|0.50677013|(1,1778,0.50677013)
Mission.Impossible.Ghost.Protocol.2011__#01-54-24_01-54-50_label_B1-0-0.mp4|0.5022549|(1,625,0.5022549)
v=AF9p0YA0hyA__#00-03-03_00-04-20_label_B4-0-0.mp4|0.5011318|(1,1850,0.5011318)
v=fQQzg2VfJME__#1_label_B4-0-0.mp4|0.49811813|(1,1348,0.49811813)
v=pFamvR9CpYw__#00-00-00_00-06-36_label_B4-0-0.mp4|0.5123662|(5,2001,0.5072694,2000,4001,0.5123662,4000,6001,0.50879604,6000,8001,0.50814104,7506,9506,0.50243354)
Ip.Man.2008__#01-40-37_01-42-07_label_B4-0-0.mp4|0.50412303|(2,2001,0.50412303,161,2161,0.5024944)
v=lcBUb7EOQ4o__#1_label_G-0-0.mp4|0.5053643|(2,2001,0.5042985,237,2237,0.5053643)
Operation.Red.Sea.2018__#0-25-36_0-26-03_label_G-0-0.mp4|0.50694674|(1,648,0.50694674)
v=q_DhkdHGXos__#1_label_B1-0-0.mp4|0.50777215|(3,2001,0.50777215,2000,4001,0.5054551,2638,4638,0.5043912)
v=7QOdBpDrmKk__#00-01-00_00-02-45_label_B6-0-0.mp4|0.5056239|(2,2001,0.50460964,522,2522,0.5056239)
Mission.Impossible.V.Rogue.Nation.2015__#01-54-23_01-55-10_label_B2-0-0.mp4|0.50484306|(1,1129,0.50484306)
v=xbPWQKZspfU__#1_label_B1-0-0.mp4|0.5071412|(3,2001,0.5063028,2000,4001,0.5071412,3034,5034,0.5070293)
v=nLAapCIlr-o__#00-07-22_00-08-19_label_B6-0-0.mp4|0.50317436|(1,1370,0.50317436)
Kill.Bill.Vol.1.2003__#01-17-20_01-20-20_label_B1-0-0.mp4|0.5090906|(3,2001,0.5090906,2000,4001,0.5078172,2321,4321,0.5071875)
v=Dn_SDu22WpM__#00-08-35_00-10-05_label_B6-0-0.mp4|0.5076645|(2,2001,0.50755155,163,2163,0.5076645)
v=-fOWSLV6Esw__#1_label_B4-0-0.mp4|0.50466675|(1,789,0.50466675)
Election.2005__#00-47-57_00-50-54_label_B5-0-0.mp4|0.5075127|(3,2001,0.5075127,2000,4001,0.50447446,2248,4248,0.5020697)
v=-kwNh1lMU-w__#1_label_B4-0-0.mp4|0.50265926|(3,2001,0.5020951,2000,4001,0.50255674,2081,4081,0.50265926)
v=6nfo9c7a5pE__#1_label_B1-0-0.mp4|0.50613546|(1,1235,0.50613546)
v=SMy2_qNO2Y0__#00-01-50_00-03-13_label_G-0-0.mp4|0.5057696|(1,1994,0.5057696)
v=Qc3pAEeK16A__#1_label_B1-0-0.mp4|0.50520337|(1,1409,0.50520337)
v=9CWJd1SezkA__#1_label_G-0-0.mp4|0.50267226|(1,700,0.50267226)
Tropa.de.Elite.2.2010__#01-33-01_01-33-30_label_B2-0-0.mp4|0.5033731|(1,698,0.5033731)
Mission.Impossible.V.Rogue.Nation.2015__#00-17-27_00-17-55_label_B2-0-0.mp4|0.5024172|(1,673,0.5024172)
v=tP19WuyY3IY__#00-00-00_00-00-51_label_B6-0-0.mp4|0.5021591|(1,1226,0.5021591)
Operation.Red.Sea.2018__#0-16-06_0-16-46_label_G-0-0.mp4|0.5033523|(1,960,0.5033523)
The.Bourne.Ultimatum.2007__#01-44-02_01-44-11_label_B2-0-0.mp4|0.5018218|(1,217,0.5018218)
Operation.Red.Sea.2018__#0-56-26_0-57-10_label_G-0-0.mp4|0.50616956|(1,1056,0.50616956)
Lord.of.War__#01-41-04_01-41-53_label_B1-0-0.mp4|0.50676596|(1,1177,0.50676596)
v=wVey5JDRf_g__#00-01-30_00-02-41_label_B6-0-0.mp4|0.50405306|(1,1706,0.50405306)
v=1io9Uh54Vhg__#1_label_B4-0-0.mp4|0.5088957|(1,1980,0.5088957)
v=Q6zIX29HkSo__#1_label_B4-0-0.mp4|0.5055176|(2,2001,0.5055176,145,2145,0.5031924)
v=BzwNU2xmT64__#00-04-10_00-06-09_label_B6-0-0.mp4|0.5047056|(2,2001,0.5047056,858,2858,0.503821)
v=iHuggczItBk__#00-03-00_00-03-55_label_B6-0-0.mp4|0.5037405|(1,1322,0.5037405)
v=nLAapCIlr-o__#00-16-10_00-18-09_label_B6-0-0.mp4|0.50409985|(2,2001,0.50248694,858,2858,0.50409985)
Ip.Man.3.2015__#00-44-45_00-45-08_label_B1-0-0.mp4|0.5035465|(1,552,0.5035465)
Black.Hawk.Down.2001__#01-13-59_01-14-49_label_B2-0-0.mp4|0.50629115|(1,1201,0.50629115)
v=3zgaqeVSXuI__#1_label_B4-0-0.mp4|0.5051081|(1,1953,0.5051081)
Young.And.Dangerous.I.1996__#0-46-57_0-48-57_label_B1-0-0.mp4|0.50556606|(2,2001,0.50556606,881,2881,0.5054144)
v=8tqeeBGjnPg__#00-03-12_00-04-15_label_B6-0-0.mp4|0.50213975|(1,1515,0.50213975)
v=iWfUqxibqG0__#1_label_G-0-0.mp4|0.5038068|(1,631,0.5038068)
v=Ia9ATKNeUbY__#00-04-19_00-05-11_label_B6-0-0.mp4|0.5040887|(1,1250,0.5040887)
v=UK2w9Sh47fM__#1_label_G-0-0.mp4|0.5033028|(1,1198,0.5033028)
Salt.2010__#00-17-40_00-18-16_label_B1-0-0.mp4|0.5032033|(1,865,0.5032033)
v=2Rr21qkZEDQ__#00-03-00_00-04-09_label_B6-0-0.mp4|0.5054258|(1,1658,0.5054258)
Skyfall.2012__#01-20-05_01-20-20_label_B1-B2-0.mp4|0.5047629|(1,361,0.5047629)
Bullet.in.the.Head.1990__#00-41-30_00-44-16_label_B4-G-0.mp4|0.50543743|(2,2001,0.50543743,1986,3986,0.5034866)
v=5Tnl7_8RqlA__#00-11-00_00-12-45_label_B6-0-0.mp4|0.5045244|(2,2001,0.5045244,522,2522,0.5033434)
v=BXR3d22BhHs__#00-06-00_00-07-00_label_B4-0-0.mp4|0.50517666|(1,1443,0.50517666)
The.Fast.and.the.Furious.2001__#00-52-18_00-53-36_label_B1-0-0.mp4|0.50447834|(1,1873,0.50447834)
v=gENp4SyNxkI__#1_label_B1-0-0.mp4|0.5022765|(1,1275,0.5022765)
v=YANmwpkuWRo__#1_label_G-0-0.mp4|0.50153655|(1,1080,0.50153655)
v=96N4XAJ7FKM__#1_label_B1-0-0.mp4|0.506828|(3,2001,0.504946,2000,4001,0.505877,2860,4860,0.506828)
Mission.Impossible.II.2000__#01-38-25_01-38-41_label_B2-B5-0.mp4|0.5009552|(1,385,0.5009552)
v=15wDrZJQpsw__#00-00-00_00-00-51_label_B6-0-0.mp4|0.5024036|(1,1226,0.5024036)
Skyfall.2012__#01-57-40_01-58-00_label_B2-0-0.mp4|0.50070375|(1,481,0.50070375)
Spectre.2015__#02-15-30_02-16-05_label_G-0-0.mp4|0.50289303|(1,842,0.50289303)
GoldenEye.1995__#00-10-00_00-10-40_label_G-0-0.mp4|0.50663465|(1,961,0.50663465)
v=0yHBkMBE8r4__#1_label_B1-0-0.mp4|0.5099617|(3,2001,0.50762194,2000,4001,0.5077589,3162,5162,0.5099617)
Bad.Boys.1995__#01-33-51_01-34-37_label_B2-0-0.mp4|0.50228953|(1,1104,0.50228953)
v=YKtw6uLEGps__#1_label_B4-0-0.mp4|0.5185589|(2,2001,0.5185589,934,2934,0.5179291)
v=cO1UefhG7AY__#1_label_G-0-0.mp4|0.50666046|(3,2001,0.5045931,2000,4001,0.50666046,2574,4574,0.50663817)
v=Lt9M_tSij_4__#00-00-00_00-04-24_label_B6-0-0.mp4|0.5072221|(4,2001,0.504086,2000,4001,0.5072221,4000,6001,0.5041791,4336,6336,0.50420725)
v=kVl-6-A9ZO4__#00-08-01_00-09-35_label_B6-0-0.mp4|0.499898|(2,2001,0.499898,259,2259,0.49952868)
v=X6Tbn8_X-Os__#1_label_B1-0-0.mp4|0.5065798|(3,2001,0.5065798,2000,4001,0.5061653,2899,4899,0.50441325)
v=BQjKQbYgUBA__#1_label_B1-0-0.mp4|0.506216|(2,2001,0.50504446,1423,3423,0.506216)
Skyfall.2012__#02-08-44_02-09-17_label_B1-0-0.mp4|0.50093085|(1,793,0.50093085)
Deadpool.2016__#0-18-58_0-19-20_label_B1-0-0.mp4|0.5007848|(1,529,0.5007848)
v=zQbnQBCTSiA__#1_label_B1-0-0.mp4|0.5089703|(3,2001,0.5089703,2000,4001,0.5076748,3695,5695,0.50635606)
v=Hnfy9XhlIPM__#1_label_B4-0-0.mp4|0.5052199|(3,2001,0.5046738,2000,4001,0.5052199,2661,4661,0.50488174)
v=ZkUciDD55kA__#00-00-00_00-00-30_label_G-0-0.mp4|0.5055415|(1,722,0.5055415)
v=MqrNCb2N5to__#1_label_B1-0-0.mp4|0.51619864|(2,2001,0.5152706,533,2533,0.51619864)
v=_5Kmb4tqMxs__#1_label_B4-0-0.mp4|0.50633925|(1,1305,0.50633925)
Taken.2.UNRATED.EXTENDED.2012__#01-06-28_01-06-49_label_B2-0-0.mp4|0.5048504|(1,505,0.5048504)
Mission.Impossible.V.Rogue.Nation.2015__#01-19-48_01-20-20_label_B6-0-0.mp4|0.5093132|(1,770,0.5093132)
Yellow.Sea.2010__#01-04-00_01-04-50_label_B1-0-0.mp4|0.5027849|(1,1200,0.5027849)
v=HSisjzLESak__#00-00-00_00-00-51_label_B6-0-0.mp4|0.50172937|(1,1226,0.50172937)
Operation.Red.Sea.2018__#01-37-22_01-37-36_label_G-B2-0.mp4|0.506063|(1,336,0.506063)
Shoot.Em.Up.2007__#00-56-56_00-57-15_label_B2-0-0.mp4|0.5027354|(1,457,0.5027354)
v=jYENhkzdpO8__#00-00-00_00-01-31_label_B6-0-0.mp4|0.50464576|(2,2001,0.50464576,186,2186,0.50362927)
New.Kids.Turbo.2010__#00-50-13_00-50-34_label_B1-0-0.mp4|0.50352955|(1,504,0.50352955)
v=bDm2-1NZBLw__#1_label_B4-0-0.mp4|0.50862354|(2,2001,0.5062442,210,2210,0.50862354)
Bullet.in.the.Head.1990__#00-23-31_00-24-40_label_G-0-0.mp4|0.50379276|(1,1657,0.50379276)
v=ZnFlL84K7HE__#00-27-53_00-34-45_label_B4-0-0.mp4|0.5011141|(5,2001,0.49935246,2000,4001,0.49854174,4000,6001,0.5011141,6000,8001,0.49979457,7890,9890,0.49737594)
City.of.God.2002__#01-24-10_01-25-10_label_B2-0-0.mp4|0.50397176|(1,1441,0.50397176)
v=ICnreR1hxP0__#1_label_B4-0-0.mp4|0.51214266|(3,2001,0.5058999,2000,4001,0.50926185,2328,4328,0.51214266)
v=2al4t5inObA__#1_label_B4-0-0.mp4|0.5054803|(2,2001,0.5054803,1582,3582,0.50409514)
v=3wxWNAM8Cso__#1_label_G-0-0.mp4|0.5085701|(4,2001,0.50547457,2000,4001,0.50673,4000,6001,0.50790423,4063,6063,0.5085701)
v=pMtu7fOHdII__#1_label_B1-0-0.mp4|0.505228|(1,1252,0.505228)
Black.Hawk.Down.2001__#01-42-58_01-43-58_label_G-0-0.mp4|0.50126|(1,1441,0.50126)
v=ZoS8gm5OcOM__#00-07-50_00-08-55_label_B6-0-0.mp4|0.5024943|(1,1562,0.5024943)
v=tP19WuyY3IY__#00-06-10_00-07-51_label_B6-0-0.mp4|0.50598747|(2,2001,0.50598747,426,2426,0.505559)
v=CvMpD1yqfxI__#1_label_G-0-0.mp4|0.5053953|(1,873,0.5053953)
v=-etV57xZ4_I__#1_label_B4-0-0.mp4|0.50422275|(1,265,0.50422275)
Taken.Extended.Cut.2008__#00-50-45_00-51-04_label_B2-B6-0.mp4|0.50257117|(1,456,0.50257117)
v=UzxuX79xq4s__#1_label_B4-0-0.mp4|0.50651705|(3,2001,0.50651705,2000,4001,0.5044698,3286,5286,0.5053054)
v=EH_QB6cm6BE__#1_label_G-0-0.mp4|0.50928617|(1,658,0.50928617)
Salt.2010__#01-12-05_01-12-32_label_B2-G-0.mp4|0.50422317|(1,649,0.50422317)
v=y1z12D5bx7c__#1_label_B4-0-0.mp4|0.5081288|(3,2001,0.507625,2000,4001,0.5081288,2850,4850,0.5068094)
v=1q5V6DKH3bw__#1_label_B4-0-0.mp4|0.5065302|(2,2001,0.50534725,1029,3029,0.5065302)
v=v-Plzx73K68__#1_label_B4-0-0.mp4|0.50726527|(1,1016,0.50726527)
Mission.Impossible.Fallout.2018__#02-03-50_02-04-35_label_B1-0-0.mp4|0.50181735|(1,1080,0.50181735)
v=ZCjNPgNu42g__#1_label_B4-0-0.mp4|0.5051013|(2,2001,0.5051013,1483,3483,0.50390315)
v=7QOdBpDrmKk__#00-10-30_00-10-51_label_B6-0-0.mp4|0.4995448|(1,506,0.4995448)
v=OE9t3XImErk__#1_label_B1-0-0.mp4|0.5001612|(1,557,0.5001612)
Sin.City.2005__#0-10-40_0-11-40_label_B2-0-0.mp4|0.5043069|(1,1441,0.5043069)
v=_YobflFU_HU__#00-06-10_00-07-51_label_B6-0-0.mp4|0.5037362|(2,2001,0.5022222,426,2426,0.5037362)
Casino.Royale.2006__#01-17-29_01-17-46_label_B1-0-0.mp4|0.50425845|(1,409,0.50425845)
The.Fast.and.the.Furious.2001__#00-29-00_00-29-52_label_B2-G-0.mp4|0.5096167|(1,1249,0.5096167)
v=2jwO15SMyuo__#1_label_B4-0-0.mp4|0.50174785|(2,2001,0.5011776,376,2376,0.50174785)
Rush.Hour.3.2007.BluRay__#00-40-56_00-41-52_label_B2-0-0.mp4|0.50490636|(1,1345,0.50490636)
v=uQY15O3LKI0__#1_label_B6-0-0.mp4|0.5122778|(2,2001,0.5122778,1970,3970,0.5020581)
v=iegHZ_UWWsA__#00-14-05_00-20-33_label_B4-0-0.mp4|0.51120055|(5,2001,0.50794446,2000,4001,0.5002285,4000,6001,0.4997043,6000,8001,0.49879152,7314,9314,0.51120055)
God.Bless.America.2011__#00-38-25_00-39-37_label_B2-B5-0.mp4|0.50242764|(1,1729,0.50242764)
Bullet.in.the.Head.1990__#01-45-21_01-46-20_label_B2-0-0.mp4|0.5038361|(1,1417,0.5038361)
Taken.2.UNRATED.EXTENDED.2012__#01-00-00_01-00-16_label_B2-0-0.mp4|0.5046809|(1,385,0.5046809)
v=Ia9ATKNeUbY__#00-05-19_00-06-09_label_B6-0-0.mp4|0.5035388|(1,1202,0.5035388)
v=Q-u3Y9TkZhQ__#1_label_B4-0-0.mp4|0.5050656|(1,1036,0.5050656)
v=uprb6aBzymw__#00-03-03_00-05-13_label_B4-0-0.mp4|0.5075786|(2,2001,0.50659895,1121,3121,0.5075786)
v=cuUK-3MNqtw__#1_label_B1-0-0.mp4|0.51020205|(2,2001,0.50991666,63,2063,0.51020205)
Fast.Five.2011__#00-32-05_00-32-24_label_B1-B2-0.mp4|0.50214|(1,457,0.50214)
Kingsman.The.Golden.Circle.2017__#00-35-55_00-36-35_label_B1-0-0.mp4|0.5021237|(1,962,0.5021237)
The.Hurt.Locker.2008__#01-27-42_01-28-09_label_G-0-0.mp4|0.50259924|(1,649,0.50259924)
Fast.Furious.6.2013__#01-38-33_01-39-20_label_B1-0-0.mp4|0.50183094|(1,1129,0.50183094)
v=u5SF4SlqNDQ__#00-02-39_00-03-41_label_G-0-0.mp4|0.5001986|(1,1491,0.5001986)
Tropa.de.Elite.2.2010__#00-13-41_00-14-56_label_B4-0-0.mp4|0.5010816|(1,1801,0.5010816)
Fast.Five.2011__#00-01-41_00-01-57_label_B6-0-0.mp4|0.5031448|(1,385,0.5031448)
Taken.Extended.Cut.2008__#00-33-51_00-34-03_label_B1-0-0.mp4|0.50116897|(1,289,0.50116897)
Taken.2.UNRATED.EXTENDED.2012__#00-45-50_00-46-20_label_G-0-0.mp4|0.5055095|(1,722,0.5055095)
Shoot.Em.Up.2007__#00-32-40_00-35-10_label_B2-0-0.mp4|0.5082213|(2,2001,0.50398207,1601,3601,0.5082213)
Saving.Private.Ryan.1998__#02-23-00_02-23-28_label_B1-0-0.mp4|0.50188875|(1,673,0.50188875)
The.World.Is.Not.Enough.1999__#00-10-22_00-10-40_label_G-0-0.mp4|0.5030208|(1,433,0.5030208)
Skyfall.2012__#00-06-10_00-06-25_label_B6-0-0.mp4|0.50746435|(1,361,0.50746435)
v=9Ydg5IeZpFI__#1_label_B1-0-0.mp4|0.5085771|(3,2001,0.50748587,2000,4001,0.50829124,2621,4621,0.5085771)
Taken.3.2014__#01-19-13_01-19-30_label_B1-0-0.mp4|0.50292355|(1,409,0.50292355)
v=oipd63DGadU__#1_label_B1-0-0.mp4|0.50480896|(1,1398,0.50480896)
Mission.Impossible.III.2006__#00-19-56_00-20-26_label_B2-0-0.mp4|0.5066713|(1,721,0.5066713)
v=m8EkFsaGPzU__#1_label_B4-0-0.mp4|0.5087298|(3,2001,0.506566,2000,4001,0.5087298,3703,5703,0.5051658)
Sin.City.2005__#0-29-34_0-29-56_label_B2-0-0.mp4|0.50230426|(1,529,0.50230426)
Sin.City.2005__#01-51-59_01-52-29_label_B2-0-0.mp4|0.5031905|(1,721,0.5031905)
Death.Proof.2007__#01-40-41_01-42-17_label_B5-B6-0.mp4|0.5042043|(2,2001,0.5026373,305,2305,0.5042043)
v=k98yVPXiYoU__#1_label_G-0-0.mp4|0.50078994|(1,736,0.50078994)
Young.And.Dangerous.IV.1997__#01-32-04_01-32-58_label_B1-0-0.mp4|0.50480944|(1,1297,0.50480944)
v=V7FtjJStY1M__#1_label_G-0-0.mp4|0.50991315|(1,360,0.50991315)
v=CczYDDDf22A__#1_label_G-0-0.mp4|0.49997878|(1,679,0.49997878)
v=2WkuPNLfl5s__#1_label_B4-0-0.mp4|0.5133731|(1,1242,0.5133731)
Fast.Furious.2009__#01-18-00_01-19-00_label_B2-B6-0.mp4|0.50324136|(1,1441,0.50324136)
v=GI49YSCruwY__#1_label_B4-0-0.mp4|0.5134092|(2,2001,0.5090473,1032,3032,0.5134092)
Salt.2010__#01-06-27_01-07-07_label_G-B2-0.mp4|0.5021203|(1,962,0.5021203)
v=CcD-YNlkMPY__#1_label_G-0-0.mp4|0.5088293|(1,1996,0.5088293)
v=zoIn2hOrUIM__#00-01-00_00-02-45_label_B6-0-0.mp4|0.5049357|(2,2001,0.5049357,522,2522,0.50188494)
v=TsuuRo6PEXM__#1_label_B1-0-0.mp4|0.5049991|(3,2001,0.50243026,2000,4001,0.5047527,2343,4343,0.5049991)
v=bfOlheR5nUQ__#00-04-33_00-06-02_label_B4-0-0.mp4|0.50570077|(2,2001,0.5056713,138,2138,0.50570077)
Spectre.2015__#00-44-05_00-44-40_label_B1-B2-0.mp4|0.50236744|(1,841,0.50236744)
Haywire.2011__#01-20-20_01-21-57_label_B1-0-0.mp4|0.5059658|(2,2001,0.5059658,329,2329,0.50579387)
v=osjdmjNJUdg__#1_label_B1-0-0.mp4|0.50743514|(2,2001,0.5069587,320,2320,0.50743514)
Saving.Private.Ryan.1998__#02-23-58_02-24-18_label_G-0-0.mp4|0.5057452|(1,481,0.5057452)
Jason.Bourne.2016__#0-29-48_0-30-29_label_B4-0-0.mp4|0.5052444|(1,985,0.5052444)
Braveheart.1995__#01-26-50_01-32-30_label_B1-0-0.mp4|0.50473017|(5,2001,0.5030072,2000,4001,0.50473017,4000,6001,0.50378054,6000,8001,0.5037318,6161,8161,0.50400764)
v=wG-2t0M8CPc__#1_label_B1-0-0.mp4|0.51165617|(2,2001,0.51050174,73,2073,0.51165617)
v=FRj2K0ulD8Q__#00-00-00_00-00-57_label_B4-0-0.mp4|0.5044557|(1,1370,0.5044557)
v=15wDrZJQpsw__#00-09-00_00-10-55_label_B6-0-0.mp4|0.5065878|(2,2001,0.5060758,762,2762,0.5065878)
v=OOjjPGN8jSU__#1_label_B6-0-0.mp4|0.5037166|(3,2001,0.5026151,2000,4001,0.5037166,3918,5918,0.5016214)
The.Hurt.Locker.2008__#0-19-22_0-22-32_label_B2-B1-0.mp4|0.5078056|(3,2001,0.5078056,2000,4001,0.50337446,2561,4561,0.5037101)
Bullet.in.the.Head.1990__#01-26-30_01-27-34_label_B2-0-0.mp4|0.5051781|(1,1537,0.5051781)
Fast.Furious.2009__#00-42-10_00-42-41_label_B6-0-0.mp4|0.5025299|(1,745,0.5025299)
Taken.3.2014__#01-12-48_01-14-30_label_B2-B1-0.mp4|0.5050108|(2,2001,0.5040848,449,2449,0.5050108)
v=g2v3EkBj9Zc__#1_label_B4-0-0.mp4|0.5080706|(1,764,0.5080706)
v=UYFR-XbyZQc__#00-01-19_00-02-42_label_G-0-0.mp4|0.5009625|(1,1992,0.5009625)
Haywire.2011__#00-16-07_00-16-49_label_B1-0-0.mp4|0.5010154|(1,1008,0.5010154)
v=ntaXjnpusxM__#1_label_G-0-0.mp4|0.501921|(1,688,0.501921)
v=3xkwZk44VQs__#1_label_B4-0-0.mp4|0.5099896|(2,2001,0.5099849,517,2517,0.5099896)
Brick.Mansions.2014__#01-02-00_01-02-43_label_B2-0-0.mp4|0.50533366|(1,1032,0.50533366)
v=rAlZRFZTwxM__#00-03-13_00-07-08_label_G-0-0.mp4|0.50551975|(3,2001,0.50484043,2000,4001,0.50551975,3641,5641,0.50517035)
v=UK--hvgP2uY__#1_label_G-0-0.mp4|0.5061477|(2,2001,0.5061477,605,2605,0.5047088)
v=yy-KIWDcBr4__#00-16-10_00-17-19_label_B6-0-0.mp4|0.5044021|(1,1658,0.5044021)
v=k_cvJa1kNaM__#1_label_B4-0-0.mp4|0.5063252|(3,2001,0.5063252,2000,4001,0.50539064,3628,5628,0.5059565)
Deadpool.2.2018__#0-50-30_0-51-20_label_B1-0-0.mp4|0.50308967|(1,1201,0.50308967)
v=9Jk2sIp5MRQ__#1_label_G-0-0.mp4|0.5007891|(1,568,0.5007891)
v=Q7NpJXOTiMY__#1_label_G-0-0.mp4|0.5058289|(1,1628,0.5058289)
IP.Man.2.2010__#01-35-55_01-39-11_label_B1-0-0.mp4|0.51030356|(3,2001,0.51030356,2000,4001,0.508731,2704,4704,0.50927097)
The.World.Is.Not.Enough.1999__#00-07-04_00-07-45_label_G-B2-0.mp4|0.5051706|(1,984,0.5051706)
Desperado.1995__#01-14-11_01-17-28_label_B2-G-0.mp4|0.50927347|(3,2001,0.50324386,2000,4001,0.50927347,2729,4729,0.50744265)
City.Of.Men.2007__#00-57-37_00-58-27_label_B2-0-0.mp4|0.5078563|(1,1200,0.5078563)
v=eqtJjxsTgtg__#1_label_G-0-0.mp4|0.50282323|(1,1194,0.50282323)
v=BXR3d22BhHs__#00-07-00_00-08-00_label_B4-0-0.mp4|0.5037432|(1,1443,0.5037432)
v=yvnj5VIDsNI__#1_label_B4-0-0.mp4|0.51102614|(3,2001,0.5089663,2000,4001,0.51102614,2890,4890,0.5102484)
v=ONsmJAyFAAw__#1_label_G-0-0.mp4|0.5081129|(1,1563,0.5081129)
v=qqsd-cZr01k__#00-06-10_00-07-19_label_B6-0-0.mp4|0.50343037|(1,1658,0.50343037)
Rush.Hour.1998.BluRay__#00-08-08_00-09-15_label_B2-B6-G.mp4|0.50367093|(1,1609,0.50367093)
Sin.City.2005__#0-43-45_0-44-01_label_B2-0-0.mp4|0.5034839|(1,385,0.5034839)
v=rJz4NXm6vis__#1_label_B4-0-0.mp4|0.51398826|(1,1892,0.51398826)
The.Bourne.Ultimatum.2007__#01-26-27_01-28-03_label_B2-B6-0.mp4|0.5040942|(2,2001,0.5040942,305,2305,0.503784)
v=73uRcX0Dvfc__#00-00-00_00-01-51_label_B6-G-0.mp4|0.503867|(2,2001,0.50355434,666,2666,0.503867)
GoldenEye.1995__#00-24-53_00-25-06_label_B1-0-0.mp4|0.50044864|(1,313,0.50044864)
v=gsz_P8t-KM4__#1_label_B4-0-0.mp4|0.50798774|(5,2001,0.50798774,2000,4001,0.5051678,4000,6001,0.5038423,6000,8001,0.5041198,7741,9741,0.50471205)
v=PWBZiM-rkoE__#1_label_G-0-0.mp4|0.50757647|(2,2001,0.50757647,711,2711,0.5052373)
v=J_ZsNd97wXw__#1_label_G-0-0.mp4|0.5056979|(1,1204,0.5056979)
Saving.Private.Ryan.1998__#02-16-58_02-17-13_label_G-0-0.mp4|0.50416386|(1,361,0.50416386)
v=CoxsDkB-rWU__#00-07-06_00-10-30_label_B4-0-0.mp4|0.5054163|(3,2001,0.5054163,2000,4001,0.50425553,2898,4898,0.5036468)
Fast.Furious.2009__#00-21-06_00-21-57_label_B6-B2-0.mp4|0.5027174|(1,1225,0.5027174)
v=wVey5JDRf_g__#00-00-00_00-01-20_label_B6-0-0.mp4|0.5051169|(1,1922,0.5051169)
Shoot.Em.Up.2007__#00-53-25_00-56-47_label_B2-0-0.mp4|0.5045552|(3,2001,0.5045552,2000,4001,0.5032635,2850,4850,0.50445)
Deadpool.2.2018__#0-04-46_0-05-01_label_B2-0-0.mp4|0.50128454|(1,361,0.50128454)
v=0qtIjyt-7wg__#00-01-00_00-02-45_label_B6-0-0.mp4|0.5020744|(2,2001,0.50094444,522,2522,0.5020744)
v=wnd3IYH7x1o__#1_label_G-0-0.mp4|0.5037935|(1,1139,0.5037935)
v=Dh-3BlhAOnE__#00-00-00_00-13-36_label_B4-0-0.mp4|0.5079239|(10,2001,0.5032759,2000,4001,0.5053302,4000,6001,0.5079239,6000,8001,0.50183916,8000,10001,0.50549644,10000,12001,0.50433904,12000,14001,0.5035061,14000,16001,0.50620484,16000,18001,0.5023529,17586,19586,0.50319105)
v=waIS8TaJxts__#00-09-00_00-10-45_label_B6-0-0.mp4|0.50950587|(2,2001,0.50950587,522,2522,0.50778234)
Ip.Man.2008__#01-14-31_01-15-24_label_B1-0-0.mp4|0.5025549|(1,1274,0.5025549)
v=8oTjTufJnXI__#1_label_G-0-0.mp4|0.502819|(2,2001,0.5018506,694,2694,0.502819)
v=3y2OOc6WTrg__#1_label_B1-0-0.mp4|0.5063066|(3,2001,0.50601757,2000,4001,0.5063066,2352,4352,0.50580156)
v=k7R_Qo-BiAw__#00-10-30_00-10-51_label_B6-0-0.mp4|0.50391376|(1,506,0.50391376)
Love.Death.and.Robots.S01E13__#0-11-48_0-12-07_label_G-0-0.mp4|0.49876133|(1,456,0.49876133)
Braveheart.1995__#02-07-00_02-08-15_label_B1-0-0.mp4|0.5034476|(1,1802,0.5034476)
Saving.Private.Ryan.1998__#02-20-00_02-20-13_label_G-0-0.mp4|0.5030763|(1,313,0.5030763)
v=yy-KIWDcBr4__#00-08-35_00-10-25_label_B6-0-0.mp4|0.5052681|(2,2001,0.5052681,642,2642,0.50381726)
v=vhACO_m5pH0__#00-14-42_00-15-40_label_B6-0-0.mp4|0.50519955|(1,1394,0.50519955)
v=7zEFHKKBA0g__#1_label_B4-0-0.mp4|0.5097323|(3,2001,0.5082433,2000,4001,0.5097323,2420,4420,0.5090695)
Saving.Private.Ryan.1998__#00-47-50_00-49-35_label_B2-0-0.mp4|0.50621545|(2,2001,0.5052033,521,2521,0.50621545)
v=cEOM18n8fhU__#1_label_G-0-0.mp4|0.5027662|(2,2001,0.50195354,831,2831,0.5027662)
v=aWPWHU8x6kE__#1_label_B4-0-0.mp4|0.5065807|(3,2001,0.5041966,2000,4001,0.5065807,2829,4829,0.5060591)
v=yrpZJ8Vr3aA__#1_label_B1-0-0.mp4|0.5157308|(2,2001,0.51389045,354,2354,0.5157308)
v=w16YmhAZ1_Y__#1_label_G-0-0.mp4|0.50346005|(1,1480,0.50346005)
v=1djrJ0wxlYo__#1_label_B4-0-0.mp4|0.50429446|(1,1536,0.50429446)
Casino.Royale.2006__#00-50-05_00-51-16_label_B1-B2-B6.mp4|0.5045008|(1,1705,0.5045008)
v=SE5fxK7SasU__#00-03-23_00-04-08_label_B4-0-0.mp4|0.5056192|(1,1082,0.5056192)
Operation.Red.Sea.2018__#0-29-36_0-30-20_label_B2-G-0.mp4|0.5012958|(1,1056,0.5012958)
v=7rDRFFSUrPI__#00-01-50_00-02-32_label_G-0-0.mp4|0.5066755|(1,1010,0.5066755)
Casino.Royale.2006__#01-46-40_01-47-14_label_B6-0-0.mp4|0.5003376|(1,817,0.5003376)
v=u0Tnw01PNxc__#1_label_B4-0-0.mp4|0.50786436|(1,1377,0.50786436)
v=ZoS8gm5OcOM__#00-06-20_00-07-30_label_B6-0-0.mp4|0.5003729|(1,1682,0.5003729)
Rush.Hour.1998.BluRay__#01-25-21_01-25-46_label_B2-0-0.mp4|0.504043|(1,602,0.504043)
Fast.Furious.6.2013__#01-03-25_01-04-59_label_B1-0-0.mp4|0.50278044|(2,2001,0.50278044,256,2256,0.50149393)
Brick.Mansions.2014__#00-16-26_00-17-12_label_B1-0-0.mp4|0.5024987|(1,1104,0.5024987)
v=fIlmgvc-bUk__#1_label_B4-0-0.mp4|0.50625354|(1,1415,0.50625354)
v=GqMh_HBNWZE__#00-01-00_00-02-45_label_B6-0-0.mp4|0.50565124|(2,2001,0.50345176,522,2522,0.50565124)
v=PuZy1PQIgrA__#1_label_B1-0-0.mp4|0.5049592|(2,2001,0.50465107,816,2816,0.5049592)
v=OFxPTJxA5pg__#1_label_B4-0-0.mp4|0.5049914|(9,2001,0.50448406,2000,4001,0.5049914,4000,6001,0.5043387,6000,8001,0.5043879,8000,10001,0.50381035,10000,12001,0.50429755,12000,14001,0.50332433,14000,16001,0.5023675,15542,17542,0.50278264)
v=vhACO_m5pH0__#00-20-42_00-22-40_label_B6-0-0.mp4|0.5052138|(2,2001,0.5052138,834,2834,0.50368327)
Mindhunters.2004__#01-19-00_01-20-05_label_B2-0-0.mp4|0.50236326|(1,1561,0.50236326)
v=RUjrMYWhLng__#1_label_B6-0-0.mp4|0.50593996|(6,2001,0.5028698,2000,4001,0.5036186,4000,6001,0.50593996,6000,8001,0.5033598,8000,10001,0.5044918,8434,10434,0.5037577)
v=iHuggczItBk__#00-01-00_00-02-45_label_B6-0-0.mp4|0.50264335|(2,2001,0.50264335,522,2522,0.50085044)
v=GbMQ2CxeNHU__#1_label_B4-0-0.mp4|0.5095116|(3,2001,0.50718975,2000,4001,0.50684077,3490,5490,0.5095116)
v=ROrpKx3aIjA__#1_label_G-0-0.mp4|0.5042889|(1,1300,0.5042889)
v=abATVcjFumY__#1_label_G-0-0.mp4|0.50525457|(1,1835,0.50525457)
v=T-LH8Gv5zzY__#1_label_B4-0-0.mp4|0.5067732|(2,2001,0.5067732,426,2426,0.50627404)
Sin.City.2005__#0-06-42_0-07-06_label_B1-0-0.mp4|0.50505924|(1,577,0.50505924)
Fast.Furious.6.2013__#00-45-40_00-47-13_label_B2-0-0.mp4|0.5050958|(2,2001,0.5050958,233,2233,0.50415903)
v=X4I8FhpGJwo__#00-09-00_00-10-45_label_B6-0-0.mp4|0.5074237|(2,2001,0.5074237,522,2522,0.5058153)
v=zI0q5UDP47g__#1_label_B4-0-0.mp4|0.5036292|(2,2001,0.5036292,1603,3603,0.5028022)
v=HSisjzLESak__#00-01-00_00-02-45_label_B6-0-0.mp4|0.50529826|(2,2001,0.5044644,522,2522,0.50529826)
v=gbRIKogNZvE__#1_label_B4-0-0.mp4|0.5062053|(2,2001,0.5062053,990,2990,0.5052168)
Fury.2014__#00-07-30_00-07-58_label_G-0-0.mp4|0.50027853|(1,673,0.50027853)
Haywire.2011__#00-03-51_00-05-12_label_B1-B2-0.mp4|0.5004277|(1,1945,0.5004277)
v=8ewWXhYRUNs__#1_label_B1-0-0.mp4|0.504518|(1,1369,0.504518)
v=JfLYNEsrTew__#1_label_G-0-0.mp4|0.50308937|(1,750,0.50308937)
GoldenEye.1995__#02-03-40_02-04-13_label_G-0-0.mp4|0.50889134|(1,794,0.50889134)
Deadpool.2.2018__#01-03-09_01-03-54_label_B4-0-0.mp4|0.50349206|(1,1081,0.50349206)
v=sE-DC2trBkI__#00-01-00_00-02-45_label_B6-0-0.mp4|0.5081402|(2,2001,0.5073594,522,2522,0.5081402)
v=QWwDsPSe7iM__#1_label_B4-0-0.mp4|0.5066473|(2,2001,0.5060054,334,2334,0.5066473)
v=rKpXqwE2rg8__#00-01-57_00-03-06_label_B4-0-0.mp4|0.50699484|(1,1658,0.50699484)
v=qqsd-cZr01k__#00-01-00_00-02-45_label_B6-0-0.mp4|0.5085143|(2,2001,0.5085143,522,2522,0.50449103)
v=waIS8TaJxts__#00-07-40_00-08-50_label_B6-0-0.mp4|0.5050193|(1,1682,0.5050193)
Jason.Bourne.2016__#0-50-20_0-50-30_label_G-0-0.mp4|0.5033842|(1,241,0.5033842)
v=8oJMGgaww70__#1_label_B4-0-0.mp4|0.50743693|(2,2001,0.5055803,1595,3595,0.50743693)
Mission.Impossible.Ghost.Protocol.2011__#01-12-38_01-13-43_label_B1-0-0.mp4|0.5035329|(1,1561,0.5035329)
v=3e3C-LQWF2s__#1_label_B1-0-0.mp4|0.51561403|(3,2001,0.5097668,2000,4001,0.51561403,2421,4421,0.51398194)
v=yDqThVpu1AM__#1_label_B4-0-0.mp4|0.5033367|(1,744,0.5033367)
v=u5SF4SlqNDQ__#00-00-00_00-01-00_label_G-0-0.mp4|0.5042736|(1,1442,0.5042736)
v=DD3jfKr8e-k__#00-00-00_00-01-40_label_B4-0-0.mp4|0.5063577|(2,2001,0.5049618,402,2402,0.5063577)
Bullet.in.the.Head.1990__#00-17-20_00-18-55_label_B1-0-0.mp4|0.50570744|(2,2001,0.5052033,281,2281,0.50570744)
v=CFfc4UWzVB8__#00-00-00_00-00-30_label_B4-0-0.mp4|0.5073676|(1,722,0.5073676)
v=251___mEwZA__#1_label_B1-0-0.mp4|0.50821775|(3,2001,0.5071133,2000,4001,0.5075739,2577,4577,0.50821775)
v=FRj2K0ulD8Q__#00-04-16_00-06-05_label_B4-0-0.mp4|0.5046915|(2,2001,0.5034665,618,2618,0.5046915)
v=_BgJEXQkjNQ__#1_label_G-0-0.mp4|0.5103517|(5,2001,0.5103517,2000,4001,0.50542605,4000,6001,0.50435746,6000,8001,0.5033113,6139,8139,0.50335205)
v=waIS8TaJxts__#00-01-30_00-02-45_label_B6-0-0.mp4|0.5039576|(1,1802,0.5039576)
v=Y43UkfAe_bc__#00-00-00_00-01-40_label_B4-0-0.mp4|0.5050149|(2,2001,0.5039585,402,2402,0.5050149)
v=tT-SrQC6Ddw__#00-04-00_00-05-15_label_B6-0-0.mp4|0.50393397|(1,1800,0.50393397)
v=qrKfaX1lCUM__#1_label_G-0-0.mp4|0.5125327|(4,2001,0.50510025,2000,4001,0.50724626,4000,6001,0.5076163,5409,7409,0.5125327)
The.Bourne.Identity.2002__#0-19-53_0-21-48_label_B1-0-0.mp4|0.5032523|(2,2001,0.5032523,761,2761,0.50277317)
Desperado.1995__#00-38-36_00-39-21_label_B1-B2-0.mp4|0.5045805|(1,1081,0.5045805)
Spectre.2015__#02-02-57_02-03-27_label_B1-B2-0.mp4|0.50148696|(1,722,0.50148696)
v=PRH5rYUHoVU__#00-00-25_00-02-50_label_B6-0-0.mp4|0.5043057|(2,2001,0.5043057,1480,3480,0.5025192)
Fast.Furious.2009__#01-29-10_01-29-55_label_B2-0-0.mp4|0.5047061|(1,1080,0.5047061)
The.Bourne.Identity.2002__#01-45-00_01-45-46_label_B1-0-0.mp4|0.50013137|(1,1104,0.50013137)
v=KUeUxbsBO6s__#1_label_B1-0-0.mp4|0.50887156|(2,2001,0.50592965,748,2748,0.50887156)
Spectre.2015__#01-32-55_01-35-40_label_B1-B2-0.mp4|0.5053355|(2,2001,0.5053355,1962,3962,0.50304294)
v=2Rr21qkZEDQ__#00-14-10_00-16-09_label_B6-0-0.mp4|0.5041591|(2,2001,0.5041591,858,2858,0.5018189)
v=J67oj92maC0__#1_label_G-0-0.mp4|0.50496995|(3,2001,0.50496995,2000,4001,0.50391316,2673,4673,0.5047482)
v=aQ3qMpgZjwg__#00-00-00_00-01-48_label_B4-0-0.mp4|0.5088879|(2,2001,0.5088879,593,2593,0.50522214)
Quantum.Of.Solace.2008__#01-30-26_01-30-42_label_B2-B1-0.mp4|0.50554264|(1,384,0.50554264)
Sin.City.2005__#0-22-04_0-22-18_label_B5-0-0.mp4|0.5023945|(1,337,0.5023945)
Fast.Five.2011__#01-29-27_01-32-05_label_B1-0-0.mp4|0.5057876|(2,2001,0.5027022,1793,3793,0.5057876)
Taken.3.2014__#01-09-26_01-09-54_label_G-0-0.mp4|0.50766164|(1,674,0.50766164)
God.Bless.America.2011__#01-32-00_01-32-50_label_B2-0-0.mp4|0.5088451|(1,1201,0.5088451)
v=afhttnv46Y4__#1_label_B1-0-0.mp4|0.5071661|(2,2001,0.5071661,500,2500,0.50634545)
v=EOAfl8yMiN8__#00-00-00_00-00-51_label_B6-0-0.mp4|0.50341016|(1,1226,0.50341016)
Black.Hawk.Down.2001__#01-32-40_01-34-00_label_B4-0-0.mp4|0.5049454|(1,1921,0.5049454)
v=35zynOrkvMk__#1_label_G-0-0.mp4|0.5051411|(1,365,0.5051411)
Mission.Impossible.II.2000__#01-18-55_01-20-53_label_B2-0-0.mp4|0.50194156|(2,2001,0.50194156,833,2833,0.5019221)
Young.And.Dangerous.IV.1997__#01-07-50_01-09-45_label_B1-0-0.mp4|0.5047879|(2,2001,0.50466526,761,2761,0.5047879)
v=vaSOMEIe1Bg__#1_label_G-0-0.mp4|0.50159264|(1,1385,0.50159264)
Sin.City.2005__#0-32-00_0-32-16_label_B2-0-0.mp4|0.50401145|(1,384,0.50401145)
Kill.Bill.Vol.1.2003__#01-21-39_01-26-55_label_B1-0-0.mp4|0.508874|(4,2001,0.50650996,2000,4001,0.505452,4000,6001,0.508874,5585,7585,0.507269)
Mission.Impossible.II.2000__#01-29-30_01-29-44_label_B1-0-0.mp4|0.5031778|(1,337,0.5031778)
v=38GQ9L2meyE__#1_label_B6-0-0.mp4|0.50420797|(3,2001,0.50420797,2000,4001,0.503064,2650,4650,0.5025614)
v=HSisjzLESak__#00-07-40_00-08-50_label_B6-0-0.mp4|0.5036687|(1,1682,0.5036687)
Spectre.2015__#01-10-35_01-10-53_label_B2-0-0.mp4|0.5025321|(1,433,0.5025321)
Ip.Man.2008__#00-48-57_00-50-47_label_B1-0-0.mp4|0.5062592|(2,2001,0.5062592,641,2641,0.50473255)
Yellow.Sea.2010__#01-58-30_01-59-27_label_B5-0-0.mp4|0.5021211|(1,1369,0.5021211)
City.of.God.2002__#00-37-20_00-38-02_label_B5-0-0.mp4|0.50182176|(1,1009,0.50182176)
v=BFPkt0AuSFA__#1_label_B4-0-0.mp4|0.50620884|(2,2001,0.50620884,1380,3380,0.5060262)
Haywire.2011__#00-39-07_00-41-48_label_B1-B2-0.mp4|0.50386816|(2,2001,0.50215155,1865,3865,0.50386816)
v=Z12t5h2mBJc__#1_label_B1-0-0.mp4|0.50927687|(3,2001,0.50902164,2000,4001,0.50927687,3047,5047,0.5079612)
Taken.2.UNRATED.EXTENDED.2012__#00-13-42_00-14-16_label_B5-0-0.mp4|0.502263|(1,818,0.502263)
v=fhiAyxpDQMU__#1_label_B4-0-0.mp4|0.50531286|(2,2001,0.504645,1985,3985,0.50531286)
Jason.Bourne.2016__#0-17-25_0-18-53_label_B4-0-0.mp4|0.5029906|(2,2001,0.5029906,112,2112,0.5029236)
Ip.Man.3.2015__#00-17-51_00-18-51_label_B1-0-0.mp4|0.5033523|(1,1440,0.5033523)
Death.Proof.2007__#00-45-05_00-47-36_label_B5-0-0.mp4|0.5047898|(2,2001,0.5047898,1625,3625,0.5027332)
v=nLAapCIlr-o__#00-08-35_00-10-25_label_B6-0-0.mp4|0.5045501|(2,2001,0.5036939,642,2642,0.5045501)
v=CUr-Mg8Hmh0__#1_label_G-0-0.mp4|0.5119096|(3,2001,0.5042481,2000,4001,0.5119096,3043,5043,0.5064691)
The.Bourne.Legacy.2012__#0-39-56_0-40-15_label_G-0-0.mp4|0.5015389|(1,457,0.5015389)
v=0qtIjyt-7wg__#00-04-00_00-05-15_label_B6-0-0.mp4|0.5038808|(1,1802,0.5038808)
v=DtxU8UYiFws__#1_label_G-0-0.mp4|0.50520474|(1,1450,0.50520474)
v=f6j3YWgVBto__#00-06-16_00-06-51_label_B6-0-0.mp4|0.5053393|(1,840,0.5053393)
Black.Hawk.Down.2001__#02-00-12_02-01-29_label_B2-0-0.mp4|0.50667256|(1,1850,0.50667256)
v=X1arMZmYhsk__#00-13-00_00-14-09_label_B6-0-0.mp4|0.503123|(1,1658,0.503123)
Saving.Private.Ryan.1998__#02-25-42_02-26-03_label_B2-0-0.mp4|0.5017435|(1,505,0.5017435)
v=LJ0Pu5_Mefs__#1_label_G-0-0.mp4|0.5033868|(1,984,0.5033868)
The.Hurt.Locker.2008__#01-02-10_01-03-55_label_B2-0-0.mp4|0.50718486|(2,2001,0.5051199,521,2521,0.50718486)
v=rXWOpZ7W2fA__#1_label_B1-0-0.mp4|0.50212085|(2,2001,0.50212085,796,2796,0.5017876)
Casino.Royale.2006__#00-51-16_00-52-41_label_B1-B6-0.mp4|0.5058876|(2,2001,0.50574493,41,2041,0.5058876)
Brick.Mansions.2014__#00-11-57_00-12-12_label_B2-0-0.mp4|0.5039719|(1,360,0.5039719)
The.Bourne.Identity.2002__#01-27-39_01-29-19_label_B2-0-0.mp4|0.5040716|(2,2001,0.5040716,400,2400,0.50375545)
v=xe4ee56aHSg__#1_label_G-0-0.mp4|0.49952266|(1,532,0.49952266)
Desperado.1995__#00-16-48_00-18-52_label_B1-0-0.mp4|0.5079297|(2,2001,0.5079297,977,2977,0.50609344)
v=6TR2rcgHm4g__#1_label_B4-0-0.mp4|0.5108666|(1,1621,0.5108666)
v=w2NgAYJHnS0__#1_label_G-0-0.mp4|0.50251377|(1,1011,0.50251377)
Sin.City.2005__#01-19-08_01-19-23_label_G-0-0.mp4|0.5045281|(1,361,0.5045281)
Braveheart.1995__#02-05-34_02-06-40_label_B1-0-0.mp4|0.50446075|(1,1585,0.50446075)
v=uBXprlsmd18__#00-06-10_00-07-19_label_B6-0-0.mp4|0.5031453|(1,1658,0.5031453)
Fast.Five.2011__#00-32-56_00-33-26_label_B2-0-0.mp4|0.50338364|(1,721,0.50338364)
v=YhCSFZNwfHc__#00-01-15_00-01-42_label_G-B2-0.mp4|0.5056191|(1,648,0.5056191)
Bullet.in.the.Head.1990__#02-02-00_02-05-22_label_B2-B6-G.mp4|0.5086405|(3,2001,0.50131094,2000,4001,0.5071149,2849,4849,0.5086405)
v=7isLhaNYgkU__#1_label_B4-0-0.mp4|0.5043162|(3,2001,0.5040684,2000,4001,0.5041093,3706,5706,0.5043162)
City.Of.Men.2007__#00-51-50_00-53-31_label_B2-0-0.mp4|0.50603867|(2,2001,0.50443435,425,2425,0.50603867)
wangted.2008__#0-22-55_0-23-40_label_B2-0-0.mp4|0.5019942|(1,1081,0.5019942)
v=CLFYvG6MsZU__#00-02-16_00-05-06_label_B2-0-0.mp4|0.5092549|(3,2001,0.5092549,2000,4001,0.5052637,2083,4083,0.5043146)
Bad.Boys.1995__#01-11-55_01-12-40_label_G-B2-B6.mp4|0.5095409|(1,1081,0.5095409)
GoldenEye.1995__#01-17-05_01-19-57_label_B2-B1-0.mp4|0.50437254|(3,2001,0.50437254,2000,4001,0.50327516,2129,4129,0.5036807)
Kill.Bill.Vol.2.2004__#0-25-20_0-26-20_label_B2-0-0.mp4|0.5022698|(1,1441,0.5022698)
v=wVey5JDRf_g__#00-04-09_00-05-06_label_B6-0-0.mp4|0.5040559|(1,1371,0.5040559)
v=tv0rI-5ycBU__#1_label_B4-0-0.mp4|0.5085444|(2,2001,0.5085444,1249,3249,0.50653774)
Yellow.Sea.2010__#01-05-40_01-06-47_label_B1-B2-0.mp4|0.50479734|(1,1609,0.50479734)
v=YdrISbwy_zI__#1_label_G-0-0.mp4|0.50204825|(1,1723,0.50204825)
v=pL2HjXvWuPc__#1_label_B1-0-0.mp4|0.51134604|(3,2001,0.5077651,2000,4001,0.50801456,2836,4836,0.51134604)
v=7xQr5wYwNPg__#1_label_B4-0-0.mp4|0.5097934|(1,1121,0.5097934)
v=vv-MFJPi4Qs__#1_label_G-0-0.mp4|0.501658|(1,1004,0.501658)
Mission.Impossible.III.2006__#01-06-52_01-07-15_label_G-0-0.mp4|0.50841105|(1,553,0.50841105)
Mission.Impossible.V.Rogue.Nation.2015__#01-15-52_01-16-48_label_B6-B2-0.mp4|0.50650585|(1,1344,0.50650585)
Spectre.2015__#01-08-58_01-09-20_label_B1-B2-0.mp4|0.50653565|(1,529,0.50653565)
v=OB0-MXNPUIU__#1_label_B4-0-0.mp4|0.50596064|(3,2001,0.50426775,2000,4001,0.50596064,2021,4021,0.5053433)
Kill.Bill.Vol.1.2003__#01-26-56_01-28-18_label_B1-0-0.mp4|0.50697076|(1,1969,0.50697076)
v=wPkBaI6vOv0__#00-00-00_00-01-00_label_G-0-0.mp4|0.50235546|(1,1442,0.50235546)
v=0qtIjyt-7wg__#00-00-00_00-00-51_label_B6-0-0.mp4|0.5060502|(1,1226,0.5060502)
v=S-7rRLrxnVQ__#1_label_B4-0-0.mp4|0.51436627|(2,2001,0.5123999,1273,3273,0.51436627)
Ip.Man.2008__#00-46-51_00-47-30_label_B1-0-0.mp4|0.5033742|(1,937,0.5033742)
City.of.God.2002__#01-52-20_01-54-32_label_B2-0-0.mp4|0.5041899|(2,2001,0.5041899,1169,3169,0.5037607)
v=vhACO_m5pH0__#00-09-42_00-10-40_label_B6-0-0.mp4|0.50182325|(1,1394,0.50182325)
Mission.Impossible.II.2000__#01-25-08_01-25-31_label_B2-0-0.mp4|0.50282496|(1,553,0.50282496)
Taken.2.UNRATED.EXTENDED.2012__#01-18-40_01-19-00_label_B1-0-0.mp4|0.5021942|(1,481,0.5021942)
v=bfOlheR5nUQ__#00-00-00_00-04-33_label_B4-0-0.mp4|0.508936|(4,2001,0.5059687,2000,4001,0.5063388,4000,6001,0.508936,4554,6554,0.50694543)
The.Fast.and.the.Furious.2001__#01-14-04_01-15-20_label_B1-0-0.mp4|0.50945175|(1,1825,0.50945175)
v=zoIn2hOrUIM__#00-06-10_00-07-19_label_B6-0-0.mp4|0.50267684|(1,1658,0.50267684)
Ip.Man.3.2015__#00-46-08_00-54-20_label_B1-0-0.mp4|0.5057246|(6,2001,0.50338095,2000,4001,0.5028815,4000,6001,0.5057246,6000,8001,0.505462,8000,10001,0.50310636,9808,11808,0.5021723)
v=D1eP4Bn4hDQ__#00-09-20_00-10-45_label_B6-0-0.mp4|0.5019125|(2,2001,0.5016727,40,2040,0.5019125)
v=ADQNFs9bfFk__#00-00-00_00-00-58_label_B4-0-0.mp4|0.50485504|(1,1394,0.50485504)
Young.And.Dangerous.I.1996__#0-46-25_0-46-55_label_B6-0-0.mp4|0.5048406|(1,722,0.5048406)
v=NnmqkS1e88s__#1_label_B4-0-0.mp4|0.5073375|(1,1752,0.5073375)
v=hxyhulJYz5I__#00-06-09_00-07-00_label_B6-0-0.mp4|0.5024625|(1,1226,0.5024625)
v=Rc9EOFjtj0c__#1_label_B6-0-0.mp4|0.5047507|(2,2001,0.50263333,1365,3365,0.5047507)
Rush.Hour.3.2007.BluRay__#00-04-59_00-05-31_label_B2-0-0.mp4|0.50540745|(1,769,0.50540745)
v=WiS3TIvykeY__#1_label_B4-0-0.mp4|0.5068784|(1,1562,0.5068784)
Taken.3.2014__#01-04-50_01-05-05_label_B1-0-0.mp4|0.5044956|(1,361,0.5044956)
Young.And.Dangerous.III.1996__#00-23-00_00-25-54_label_B4-0-0.mp4|0.5074847|(3,2001,0.50461084,2000,4001,0.5074847,2178,4178,0.50625664)
v=78u9uBJBqIw__#1_label_B4-B5-0.mp4|0.50958025|(2,2001,0.50908315,1486,3486,0.50958025)
v=FRj2K0ulD8Q__#00-06-05_00-08-25_label_B4-0-0.mp4|0.50665104|(2,2001,0.5063669,1339,3339,0.50665104)
The.Hurt.Locker.2008__#0-08-45_0-09-57_label_G-0-0.mp4|0.50326186|(1,1729,0.50326186)
Bad.Boys.II.2003__#00-06-42_00-10-00_label_B2-G-0.mp4|0.5062799|(3,2001,0.5040863,2000,4001,0.5049293,2753,4753,0.5062799)
v=EOAfl8yMiN8__#00-03-00_00-04-09_label_B6-0-0.mp4|0.50624776|(1,1658,0.50624776)
v=v_LxqgpRouM__#1_label_G-0-0.mp4|0.5012733|(1,889,0.5012733)
The.Bourne.Legacy.2012__#0-59-18_01-01-52_label_B2-B1-0.mp4|0.50279313|(2,2001,0.50279313,1697,3697,0.5018415)
v=p7kvQ4OpDgU__#1_label_B4-0-0.mp4|0.5075447|(1,1889,0.5075447)
v=sE-DC2trBkI__#00-09-00_00-10-05_label_B6-0-0.mp4|0.5077026|(1,1563,0.5077026)
v=vhACO_m5pH0__#00-17-42_00-18-40_label_B6-0-0.mp4|0.50537086|(1,1394,0.50537086)
wangted.2008__#0-45-25_0-47-01_label_B1-0-0.mp4|0.50415266|(2,2001,0.50415266,305,2305,0.50377476)
v=AF9p0YA0hyA__#00-00-45_00-01-44_label_B4-0-0.mp4|0.5035755|(1,1418,0.5035755)
Tropa.de.Elite.2.2010__#00-42-00_00-43-00_label_B2-0-0.mp4|0.5072471|(1,1441,0.5072471)
v=DRGMajXo_PI__#00-02-15_00-03-02_label_G-0-0.mp4|0.50401855|(1,1130,0.50401855)
New.Kids.Turbo.2010__#00-22-35_00-23-14_label_B1-0-0.mp4|0.5028973|(1,936,0.5028973)
v=uBXprlsmd18__#00-03-00_00-04-09_label_B6-0-0.mp4|0.50330675|(1,1658,0.50330675)
Mission.Impossible.Ghost.Protocol.2011__#01-56-52_01-57-03_label_B1-0-0.mp4|0.5025747|(1,264,0.5025747)
v=pFamvR9CpYw__#00-06-36_00-15-20_label_B4-0-0.mp4|0.510548|(7,2001,0.50503916,2000,4001,0.510548,4000,6001,0.5087707,6000,8001,0.5043552,8000,10001,0.51002073,10000,12001,0.5055683,10579,12579,0.50619376)
v=tivXK3PGByk__#1_label_B1-0-0.mp4|0.5093804|(2,2001,0.5078763,1690,3690,0.5093804)
v=nLAapCIlr-o__#00-11-00_00-12-45_label_B6-0-0.mp4|0.50503343|(2,2001,0.5026942,522,2522,0.50503343)
Mission.Impossible.II.2000__#01-32-56_01-33-25_label_B1-0-0.mp4|0.5014044|(1,697,0.5014044)
Mission.Impossible.Ghost.Protocol.2011__#00-01-18_00-01-40_label_B2-0-0.mp4|0.50080717|(1,529,0.50080717)
v=FfrXebzAwOg__#00-06-10_00-07-19_label_B6-0-0.mp4|0.5067602|(1,1658,0.5067602)
Mission.Impossible.Fallout.2018__#00-39-18_00-40-36_label_B1-0-0.mp4|0.50545526|(1,1873,0.50545526)
v=Q9Re4CnFJRg__#00-01-21_00-01-47_label_G-0-0.mp4|0.502453|(1,624,0.502453)
v=sE-DC2trBkI__#00-03-00_00-04-09_label_B6-0-0.mp4|0.5017932|(1,1658,0.5017932)
v=utQ5AvXtNLA__#1_label_B4-0-0.mp4|0.502986|(1,1076,0.502986)
v=waIS8TaJxts__#00-05-50_00-06-20_label_B6-0-0.mp4|0.50808144|(1,723,0.50808144)
Fast.Furious.2009__#00-25-59_00-26-25_label_B1-0-0.mp4|0.5036245|(1,625,0.5036245)
Love.Death.and.Robots.S01E15__#0-05-38_0-06-18_label_G-0-0.mp4|0.5095153|(1,960,0.5095153)
The.Fast.and.the.Furious.2001__#01-37-40_01-38-30_label_B6-0-0.mp4|0.5078743|(1,1201,0.5078743)
v=BpargJW29Wo__#00-00-50_00-01-30_label_B1-0-0.mp4|0.501468|(1,962,0.501468)
Operation.Red.Sea.2018__#01-20-58_01-22-00_label_B5-0-0.mp4|0.50301516|(1,1488,0.50301516)
v=O9g1uuI62m0__#1_label_B4-0-0.mp4|0.507729|(3,2001,0.507729,2000,4001,0.5057723,2545,4545,0.50518453)
v=U6MC8JJJZSY__#1_label_G-0-0.mp4|0.50563514|(1,1045,0.50563514)
Mission.Impossible.III.2006__#01-54-02_01-54-40_label_B2-0-0.mp4|0.50615805|(1,913,0.50615805)
v=qmsQ-obL1Z4__#00-03-26_00-04-04_label_B6-0-0.mp4|0.50374717|(1,912,0.50374717)
v=Ia9ATKNeUbY__#00-01-52_00-03-10_label_B6-0-0.mp4|0.5017989|(1,1874,0.5017989)
v=_tsSKAsVZfo__#1_label_B4-0-0.mp4|0.50920975|(2,2001,0.5071985,534,2534,0.50920975)
v=iHuggczItBk__#00-04-00_00-04-55_label_B6-0-0.mp4|0.5065432|(1,1322,0.5065432)
v=sbEHU4GskX4__#1_label_B1-0-0.mp4|0.50443715|(2,2001,0.50443715,832,2832,0.5043052)
IP.Man.2.2010__#00-07-14_00-09-13_label_B1-0-0.mp4|0.5070483|(2,2001,0.5061584,856,2856,0.5070483)
Young.And.Dangerous.I.1996__#0-20-50_0-22-15_label_B1-0-0.mp4|0.5086206|(2,2001,0.5075905,41,2041,0.5086206)
v=X4I8FhpGJwo__#00-07-40_00-08-50_label_B6-0-0.mp4|0.50640243|(1,1682,0.50640243)
v=qyTGi0N4OVg__#1_label_G-0-0.mp4|0.5046763|(1,1248,0.5046763)
v=vhACO_m5pH0__#00-10-42_00-11-40_label_B6-0-0.mp4|0.502421|(1,1394,0.502421)
Tropa.de.Elite.2.2010__#00-46-11_00-46-50_label_B2-0-0.mp4|0.50327575|(1,937,0.50327575)
v=5Ftl4nOSytc__#1_label_G-0-0.mp4|0.5051172|(2,2001,0.5051172,282,2282,0.50427854)
GoldenEye.1995__#02-02-15_02-02-47_label_B1-0-0.mp4|0.50375974|(1,770,0.50375974)
Casino.Royale.2006__#00-18-30_00-19-20_label_G-B2-0.mp4|0.5089953|(1,1201,0.5089953)
Braveheart.1995__#00-56-30_00-57-20_label_B1-0-0.mp4|0.50163203|(1,1200,0.50163203)
v=0W8LohxH9nI__#1_label_B1-0-0.mp4|0.5146071|(1,1413,0.5146071)
Operation.Red.Sea.2018__#0-02-17_0-02-37_label_B2-0-0.mp4|0.50541556|(1,480,0.50541556)
v=pHZ9gOfmY_k__#1_label_B4-0-0.mp4|0.5051591|(3,2001,0.5051591,2000,4001,0.50429106,3179,5179,0.5039899)
v=waIS8TaJxts__#00-00-00_00-00-51_label_B6-0-0.mp4|0.5009664|(1,1226,0.5009664)
v=6KQFxxHmVMc__#1_label_B1-0-0.mp4|0.50738865|(2,2001,0.5069941,1654,3654,0.50738865)
Skyfall.2012__#00-03-22_00-03-40_label_B6-0-0.mp4|0.50545144|(1,433,0.50545144)
Fury.2014__#00-39-36_00-40-44_label_B1-B2-0.mp4|0.5021682|(1,1634,0.5021682)
v=MJLylzPRvyw__#1_label_B4-0-0.mp4|0.50811464|(2,2001,0.50811464,1587,3587,0.50490403)
v=Q8K7roZu3WU__#1_label_B1-0-0.mp4|0.50829417|(1,1295,0.50829417)
v=BzwNU2xmT64__#00-01-00_00-02-45_label_B6-0-0.mp4|0.50594425|(2,2001,0.50495017,522,2522,0.50594425)
v=FW_qbiPH7UA__#1_label_B1-0-0.mp4|0.5060439|(2,2001,0.5060439,1283,3283,0.50559443)
v=TOEVc-pOEwM__#00-08-40_00-10-40_label_B6-0-0.mp4|0.50235057|(2,2001,0.50235057,883,2883,0.5019502)
v=HUL83wCQATc__#1_label_B1-0-0.mp4|0.51043|(2,2001,0.5097782,103,2103,0.51043)
v=IWzI9V3WSnc__#1_label_B4-0-0.mp4|0.50210273|(2,2001,0.5020722,689,2689,0.50210273)
v=0N0PbzjEg0U__#1_label_B4-0-0.mp4|0.5016727|(1,1518,0.5016727)
v=TfS-MJoVNjM__#1_label_B4-0-0.mp4|0.50655687|(1,1311,0.50655687)
v=m5zK-tzYCQM__#1_label_B4-0-0.mp4|0.50428367|(1,1755,0.50428367)
v=Y1hxr1MWLjM__#1_label_B1-0-0.mp4|0.5048056|(2,2001,0.5048056,1071,3071,0.5021951)
Love.Death.and.Robots.S01E10__#0-01-00_0-02-13_label_B2-G-0.mp4|0.50355|(1,1752,0.50355)
v=H5W58Loofks__#00-05-50_00-06-20_label_B6-0-0.mp4|0.5024914|(1,723,0.5024914)
v=d5lTTPvJLpw__#1_label_B4-0-0.mp4|0.506182|(4,2001,0.506182,2000,4001,0.5022581,4000,6001,0.50558084,4277,6277,0.50424796)
Crank.Dircut.2006__#0-27-42_0-29-01_label_B1-0-0.mp4|0.50184697|(1,1898,0.50184697)
Mission.Impossible.V.Rogue.Nation.2015__#00-14-40_00-17-12_label_B1-0-0.mp4|0.50203633|(2,2001,0.5015541,1649,3649,0.50203633)
Kingsman.The.Golden.Circle.2017__#00-41-22_00-41-32_label_B2-0-0.mp4|0.5030687|(1,241,0.5030687)
v=Ia9ATKNeUbY__#00-06-19_00-06-50_label_B6-0-0.mp4|0.5021486|(1,746,0.5021486)
Gladiator.2000__#01-10-27_01-11-59_label_B1-0-0.mp4|0.5046945|(2,2001,0.5046945,208,2208,0.5045083)
City.Of.Men.2007__#01-35-30_01-36-00_label_B2-0-0.mp4|0.5018292|(1,721,0.5018292)
v=ovQ1VTJ_IUI__#1_label_B1-0-0.mp4|0.5057481|(1,1688,0.5057481)
The.Fast.and.the.Furious.2001__#01-24-18_01-25-05_label_B6-0-0.mp4|0.5048985|(1,1128,0.5048985)
City.Of.Men.2007__#01-17-27_01-17-59_label_B2-0-0.mp4|0.50153023|(1,769,0.50153023)
Brick.Mansions.2014__#00-41-25_00-42-36_label_B1-0-0.mp4|0.50693315|(1,1704,0.50693315)
Mission.Impossible.II.2000__#01-46-20_01-47-11_label_B2-B6-0.mp4|0.5041042|(1,1225,0.5041042)
Taken.2.UNRATED.EXTENDED.2012__#01-18-25_01-18-40_label_B2-0-0.mp4|0.50203836|(1,361,0.50203836)
Rush.Hour.1998.BluRay__#01-20-28_01-21-38_label_B2-0-0.mp4|0.50402796|(1,1682,0.50402796)
v=kPWdgckIhLI__#1_label_B4-0-0.mp4|0.5052695|(1,793,0.5052695)
wangted.2008__#0-48-30_0-49-00_label_B2-0-0.mp4|0.50365615|(1,721,0.50365615)
Taken.3.2014__#00-03-58_00-04-16_label_B2-0-0.mp4|0.5030603|(1,433,0.5030603)
Law.Abiding.Citizen.2009__#01-26-34_01-27-25_label_B2-0-0.mp4|0.5032914|(1,1225,0.5032914)
God.Bless.America.2011__#00-12-40_00-13-12_label_B2-0-0.mp4|0.50272125|(1,769,0.50272125)
v=JHsfKFF9Oag__#1_label_A.mp4|0.50779414|(2,2001,0.50726074,699,2699,0.50779414)
v=fkps18H3SXY__#00-36-00_00-42-00_label_A.mp4|0.50452405|(5,2001,0.50257033,2000,4001,0.5017239,4000,6001,0.50452405,6000,8001,0.5030438,6643,8643,0.50306654)
Flipped.2010__#00-45-40_00-47-30_label_A.mp4|0.5053191|(2,2001,0.5053191,641,2641,0.50296336)
Tropa.de.Elite.2.2010__#01-33-31_01-34-20_label_A.mp4|0.50479287|(1,1177,0.50479287)
Gladiator.2000__#02-43-00_02-43-59_label_A.mp4|0.50101036|(1,1417,0.50101036)
Mission.Impossible.V.Rogue.Nation.2015__#01-29-39_01-33-39_label_A.mp4|0.5042534|(3,2001,0.5034447,2000,4001,0.502975,3762,5762,0.5042534)
v=RRiN5W9XwJE__#1_label_A.mp4|0.50524634|(2,2001,0.5030403,616,2616,0.50524634)
v=-5RWxUUJ7lQ__#1_label_A.mp4|0.5124499|(10,2001,0.51113766,2000,4001,0.51073945,4000,6001,0.5091224,6000,8001,0.5098065,8000,10001,0.5091598,10000,12001,0.5123859,12000,14001,0.51205564,14000,16001,0.5111683,16000,18001,0.5124499,17123,19123,0.511051)
v=9eME1y6V-T4__#02-00-00_02-06-00_label_A.mp4|0.5088723|(5,2001,0.5077939,2000,4001,0.50603884,4000,6001,0.5072013,6000,8001,0.5088723,6642,8642,0.5081588)
v=enYITYwvPAQ__#00-27-00_00-30-00_label_A.mp4|0.50671446|(3,2001,0.50671446,2000,4001,0.5047485,2321,4321,0.5033914)
Bullet.in.the.Head.1990__#00-51-46_00-52-50_label_A.mp4|0.5058867|(1,1537,0.5058867)
Deadpool.2016__#0-18-35_0-18-55_label_A.mp4|0.5027015|(1,481,0.5027015)
New.Kids.Turbo.2010__#00-41-30_00-42-05_label_A.mp4|0.50117457|(1,840,0.50117457)
v=4jVgDKbu_TI__#1_label_A.mp4|0.514091|(10,2001,0.5136328,2000,4001,0.5095768,4000,6001,0.51050645,6000,8001,0.5081682,8000,10001,0.511438,10000,12001,0.5091816,12000,14001,0.5107215,14000,16001,0.509385,16000,18001,0.5098556,16974,18974,0.514091)
Haywire.2011__#00-02-06_00-03-29_label_A.mp4|0.5013276|(1,1993,0.5013276)
God.Bless.America.2011__#00-51-00_00-52-00_label_A.mp4|0.5047988|(1,1441,0.5047988)
Kingsman.The.Secret.Service.2014__#00-25-29_00-26-24_label_A.mp4|0.5059675|(1,1321,0.5059675)
v=x0-z4h6mFoU__#1_label_A.mp4|0.50683784|(3,2001,0.5044784,2000,4001,0.5055869,2610,4610,0.50683784)
Love.Me.If.You.Dare.2003__#00-11-20_00-15-08_label_A.mp4|0.51202524|(3,2001,0.5067245,2000,4001,0.51202524,3474,5474,0.51096)
v=H9Y5_X1sEEA__#00-42-00_00-45-00_label_A.mp4|0.50853133|(3,2001,0.50678575,2000,4001,0.50853133,2322,4322,0.50761694)
The.Bourne.Ultimatum.2007__#0-55-55_0-56-10_label_A.mp4|0.5033457|(1,361,0.5033457)
Hot.Fuzz.2007__#00-19-20_00-22-06_label_A.mp4|0.50603515|(2,2001,0.5046303,1986,3986,0.50603515)
The.Intouchables.2011__#00-51-55_00-55-16_label_A.mp4|0.50386614|(3,2001,0.50173825,2000,4001,0.5033975,2826,4826,0.50386614)
Tropa.de.Elite.2.2010__#00-05-30_00-06-30_label_A.mp4|0.50722045|(1,1441,0.50722045)
v=yZ2wlTAN49g__#00-03-00_00-06-00_label_A.mp4|0.503832|(3,2001,0.5032046,2000,4001,0.503832,2322,4322,0.5024727)
v=gGlqujwrhbI__#00-12-00_00-15-00_label_A.mp4|0.5066551|(3,2001,0.5066551,2000,4001,0.5038217,2322,4322,0.50456566)
v=LYzmr5ORvCg__#1_label_A.mp4|0.5095211|(2,2001,0.5095211,1925,3925,0.5080944)
v=MyM5G7fo7Gg__#00-06-00_00-09-00_label_A.mp4|0.50773835|(3,2001,0.50773835,2000,4001,0.5056971,2322,4322,0.5069861)
Before.Sunrise.1995__#01-36-45_01-38-10_label_A.mp4|0.5028298|(2,2001,0.5028298,40,2040,0.50278485)
v=ErOcW_CSOyQ__#1_label_A.mp4|0.51265013|(9,2001,0.511247,2000,4001,0.5053378,4000,6001,0.5027827,6000,8001,0.51265013,8000,10001,0.5057765,10000,12001,0.50571334,12000,14001,0.5031343,14000,16001,0.50311935,15477,17477,0.5105913)
v=9eME1y6V-T4__#01-06-00_01-12-00_label_A.mp4|0.5070411|(5,2001,0.5070411,2000,4001,0.5038367,4000,6001,0.50540197,6000,8001,0.50663394,6642,8642,0.50551295)
God.Bless.America.2011__#01-23-13_01-25-31_label_A.mp4|0.50502026|(2,2001,0.50399864,1313,3313,0.50502026)
v=pCyCi-q4MqY__#1_label_A.mp4|0.5061636|(3,2001,0.5052756,2000,4001,0.50387543,2714,4714,0.5061636)
v=Hd_2Y29_FLU__#1_label_A.mp4|0.50667435|(2,2001,0.50667435,1272,3272,0.5058497)
GoldenEye.1995__#01-33-40_01-34-30_label_A.mp4|0.5017991|(1,1201,0.5017991)
v=a0TQkX_zLt0__#1_label_A.mp4|0.5110281|(6,2001,0.503602,2000,4001,0.5080125,4000,6001,0.5078604,6000,8001,0.50906295,8000,10001,0.5110281,9764,11764,0.5098959)
Be.with.You.2018__#00-16-18_00-18-09_label_A.mp4|0.50363797|(2,2001,0.50363797,665,2665,0.50357556)
v=NeAC-MfTZzU__#00-15-00_00-18-00_label_A.mp4|0.5030309|(3,2001,0.5030309,2000,4001,0.5019506,2322,4322,0.50183046)
About.Time.2013__#00-23-50_00-24-31_label_A.mp4|0.5020591|(1,985,0.5020591)
v=QUlWIIHMIEQ__#1_label_A.mp4|0.5061269|(1,1106,0.5061269)
A.Beautiful.Mind.2001__#01-14-30_01-16-59_label_A.mp4|0.50392157|(2,2001,0.50392157,1577,3577,0.5022756)
Flipped.2010__#01-07-30_01-09-51_label_A.mp4|0.5050008|(2,2001,0.5050008,1384,3384,0.5040868)
v=I7oSupyExVY__#1_label_A.mp4|0.5113921|(3,2001,0.5113921,2000,4001,0.50722086,2825,4825,0.5111434)
v=8SC55pYljMM__#1_label_A.mp4|0.51411116|(3,2001,0.51411116,2000,4001,0.5139247,2324,4324,0.51265377)
Kingsman.The.Golden.Circle.2017__#00-44-52_00-46-20_label_A.mp4|0.5079976|(2,2001,0.5079976,113,2113,0.5076536)
v=vFPQ_NiDBIU__#02-42-00_02-48-00_label_A.mp4|0.50546354|(5,2001,0.50546354,2000,4001,0.5051002,4000,6001,0.50401443,6000,8001,0.5035539,6640,8640,0.5033768)
v=lVJVRywgmYM__#1_label_A.mp4|0.50863916|(3,2001,0.5077037,2000,4001,0.50863916,3937,5937,0.50772476)
v=KERh4R2BbS0__#1_label_A.mp4|0.5140781|(11,2001,0.51249015,2000,4001,0.50863904,4000,6001,0.5093234,6000,8001,0.50869143,8000,10001,0.5073898,10000,12001,0.5085535,12000,14001,0.5089593,14000,16001,0.5096372,16000,18001,0.5088619,18000,20001,0.5140781,18652,20652,0.51213086)
v=Yr41_8QOTF8__#00-09-00_00-12-00_label_A.mp4|0.5065302|(3,2001,0.5065302,2000,4001,0.505139,2321,4321,0.50431824)
v=rmDBn5Rpd3s__#1_label_A.mp4|0.49963978|(1,707,0.49963978)
v=9eME1y6V-T4__#00-42-00_00-48-00_label_A.mp4|0.50669456|(5,2001,0.50669456,2000,4001,0.50505257,4000,6001,0.50412786,6000,8001,0.5029855,6642,8642,0.5019324)
v=vFPQ_NiDBIU__#01-00-00_01-06-00_label_A.mp4|0.5047657|(5,2001,0.5044562,2000,4001,0.5047657,4000,6001,0.502103,6000,8001,0.5023171,6640,8640,0.501612)
v=GnN9VTh_s2A__#1_label_A.mp4|0.5067596|(1,683,0.5067596)
v=ajnl7P9bf78__#1_label_A.mp4|0.51053053|(1,1624,0.51053053)
Fury.2014__#01-13-32_01-14-43_label_A.mp4|0.5023623|(1,1705,0.5023623)
Desperado.1995__#01-22-10_01-23-17_label_A.mp4|0.5036439|(1,1609,0.5036439)
v=5l-nbDl0qvg__#1_label_A.mp4|0.50816625|(7,2001,0.5074027,2000,4001,0.50816625,4000,6001,0.5026884,6000,8001,0.50633985,8000,10001,0.5080396,10000,12001,0.5069515,11124,13124,0.5066047)
Before.Sunrise.1995__#00-23-50_00-24-31_label_A.mp4|0.50117403|(1,985,0.50117403)
The.Notebook.2004__#00-20-35_00-23-06_label_A.mp4|0.50519437|(2,2001,0.50270724,1625,3625,0.50519437)
v=SdYFFo_tsfk__#00-00-00_00-06-00_label_A.mp4|0.5080922|(5,2001,0.5080922,2000,4001,0.504912,4000,6001,0.5020925,6000,8001,0.50711536,6642,8642,0.505979)
From.Dusk.Till.Dawn.1996__#00-31-52_00-34-21_label_A.mp4|0.5034949|(2,2001,0.5034949,1576,3576,0.5030357)
About.Time.2013__#00-30-50_00-32-31_label_A.mp4|0.5040485|(2,2001,0.5033375,425,2425,0.5040485)
The.Secret.Life.of.Walter.Mitty.2013__#00-36-52_00-41-00_label_A.mp4|0.5057589|(3,2001,0.5057589,2000,4001,0.50370395,3953,5953,0.5012064)
v=plhVMWR33go__#1_label_A.mp4|0.5146122|(5,2001,0.50808114,2000,4001,0.51115274,4000,6001,0.5129022,6000,8001,0.5146122,6047,8047,0.5140187)
v=t_TZYpT6xjY__#1_label_A.mp4|0.51141566|(3,2001,0.50910074,2000,4001,0.51141566,2741,4741,0.5103637)
The.Notebook.2004__#00-11-00_00-15-08_label_A.mp4|0.50354433|(3,2001,0.5010344,2000,4001,0.50296944,3954,5954,0.50354433)
v=lyZxvgPD4gM__#1_label_A.mp4|0.5111787|(3,2001,0.50551754,2000,4001,0.5111787,3529,5529,0.50803864)
v=ZpWR_YZNZTM__#1_label_A.mp4|0.5097191|(2,2001,0.5097191,1437,3437,0.5067111)
Taken.2.UNRATED.EXTENDED.2012__#00-17-08_00-17-30_label_A.mp4|0.50338626|(1,529,0.50338626)
Before.Sunrise.1995__#00-42-52_00-45-31_label_A.mp4|0.5024009|(2,2001,0.5023131,1817,3817,0.5024009)
Still.Walking.2008__#01-02-18_01-03-10_label_A.mp4|0.5026751|(1,1249,0.5026751)
Love.Me.If.You.Dare.2003__#01-04-40_01-06-59_label_A.mp4|0.51039106|(2,2001,0.51039106,1338,3338,0.5025487)
Fast.Furious.6.2013__#01-37-00_01-38-05_label_A.mp4|0.503196|(1,1561,0.503196)
v=H9Y5_X1sEEA__#00-03-00_00-06-00_label_A.mp4|0.5052793|(3,2001,0.5052793,2000,4001,0.5051712,2322,4322,0.5047411)
Deadpool.2.2018__#0-02-35_0-03-12_label_A.mp4|0.50505096|(1,890,0.50505096)
v=fkps18H3SXY__#00-54-00_01-00-00_label_A.mp4|0.50366557|(5,2001,0.50366557,2000,4001,0.5023167,4000,6001,0.5025403,6000,8001,0.5021828,6642,8642,0.5034486)
v=vFPQ_NiDBIU__#01-48-00_01-54-00_label_A.mp4|0.507039|(5,2001,0.507039,2000,4001,0.50562876,4000,6001,0.5039125,6000,8001,0.50241375,6640,8640,0.5038754)
v=jAvOGTD7_pU__#00-12-00_00-15-00_label_A.mp4|0.5084453|(3,2001,0.50498813,2000,4001,0.5080408,2322,4322,0.5084453)
Be.with.You.2018__#00-23-50_00-24-31_label_A.mp4|0.50163144|(1,985,0.50163144)
Before.Sunset.2004__#01-14-30_01-16-51_label_A.mp4|0.5028829|(2,2001,0.5015475,1385,3385,0.5028829)
Before.Sunrise.1995__#00-04-20_00-05-35_label_A.mp4|0.5036392|(1,1801,0.5036392)
v=7smETZfN0XA__#1_label_A.mp4|0.50818783|(2,2001,0.50818783,1020,3020,0.50812644)
v=9eME1y6V-T4__#01-00-00_01-06-00_label_A.mp4|0.5071055|(5,2001,0.5064631,2000,4001,0.504006,4000,6001,0.50656295,6000,8001,0.5071055,6642,8642,0.5060006)
Skyfall.2012__#02-14-50_02-16-25_label_A.mp4|0.5016182|(2,2001,0.50117874,281,2281,0.5016182)
The.Bourne.Identity.2002__#01-09-16_01-11-16_label_A.mp4|0.5018344|(2,2001,0.5015578,882,2882,0.5018344)
Be.with.You.2018__#01-14-30_01-16-59_label_A.mp4|0.5029245|(2,2001,0.5029245,1577,3577,0.50107026)
v=6cvZOGzfqWU__#1_label_A.mp4|0.50644946|(3,2001,0.50321215,2000,4001,0.50577354,3594,5594,0.50644946)
v=Yr41_8QOTF8__#00-21-00_00-24-00_label_A.mp4|0.50773597|(3,2001,0.50757104,2000,4001,0.5073992,2321,4321,0.50773597)
v=qV4YYnXdQCc__#00-03-00_00-06-00_label_A.mp4|0.5064396|(3,2001,0.5064396,2000,4001,0.5048624,2322,4322,0.5063137)
Spectre.2015__#01-17-22_01-18-53_label_A.mp4|0.505675|(2,2001,0.505675,184,2184,0.50549775)
v=JzrpCC7XmyE__#00-06-00_00-12-00_label_A.mp4|0.5104125|(5,2001,0.5104125,2000,4001,0.5044206,4000,6001,0.5086035,6000,8001,0.5090627,6642,8642,0.5088444)
v=g4FnGZ5MAdo__#1_label_A.mp4|0.507033|(3,2001,0.507033,2000,4001,0.5042677,2958,4958,0.50368494)
The.Pursuit.of.Happyness.2006__#00-30-50_00-32-31_label_A.mp4|0.5047341|(2,2001,0.50406075,425,2425,0.5047341)
v=rJgg00ic1G8__#1_label_A.mp4|0.50996554|(3,2001,0.50996554,2000,4001,0.50666726,3651,5651,0.50760365)
v=qhUItxoTrmg__#1_label_A.mp4|0.5086874|(3,2001,0.5070981,2000,4001,0.5071712,2571,4571,0.5086874)
v=1202rYvw7go__#1_label_A.mp4|0.5043688|(2,2001,0.5009316,1951,3951,0.5043688)
Be.with.You.2018__#00-04-20_00-05-35_label_A.mp4|0.5016727|(1,1801,0.5016727)
The.Hurt.Locker.2008__#0-29-25_0-30-15_label_A.mp4|0.5025941|(1,1200,0.5025941)
wangted.2008__#0-27-17_0-28-07_label_A.mp4|0.5044563|(1,1200,0.5044563)
Mission.Impossible.II.2000__#00-24-30_00-30-10_label_A.mp4|0.5049443|(5,2001,0.5046147,2000,4001,0.5042524,4000,6001,0.5049443,6000,8001,0.50143224,6160,8160,0.5013244)
v=H9Y5_X1sEEA__#00-36-00_00-39-00_label_A.mp4|0.5096052|(3,2001,0.50869644,2000,4001,0.5096052,2323,4323,0.5091781)
v=q2SP66Jb6Cw__#00-00-00_00-06-00_label_A.mp4|0.50571287|(5,2001,0.50571287,2000,4001,0.5020103,4000,6001,0.50160825,6000,8001,0.5019819,6642,8642,0.50207764)
Love.Death.and.Robots.S01E02__#00-03-15_00-04-20_label_A.mp4|0.5012927|(1,1560,0.5012927)
v=Q8b0XbtpFsA__#1_label_A.mp4|0.5110679|(3,2001,0.5110679,2000,4001,0.5075559,2633,4633,0.5069178)
v=3ZVcLOjwOMk__#1_label_A.mp4|0.50955844|(1,1885,0.50955844)
Still.Walking.2008__#00-16-18_00-17-27_label_A.mp4|0.5044762|(1,1657,0.5044762)
v=f6j3YWgVBto__#00-01-50_00-02-30_label_A.mp4|0.5029212|(1,960,0.5029212)
Casino.Royale.2006__#00-28-10_00-30-10_label_A.mp4|0.5050838|(2,2001,0.5050838,881,2881,0.50440204)
God.Bless.America.2011__#00-58-09_01-04-00_label_A.mp4|0.50308514|(5,2001,0.50308514,2000,4001,0.5030275,4000,6001,0.50190383,6000,8001,0.501107,6425,8425,0.50024855)
v=gxrLosPS27c__#1_label_A.mp4|0.50897926|(2,2001,0.50897926,219,2219,0.50838584)
v=vFPQ_NiDBIU__#00-42-00_00-48-00_label_A.mp4|0.5043974|(5,2001,0.50185263,2000,4001,0.5037274,4000,6001,0.5038955,6000,8001,0.5041416,6640,8640,0.5043974)
v=L2Qs4KyW-Co__#1_label_A.mp4|0.5086482|(3,2001,0.5086482,2000,4001,0.5061028,2426,4426,0.5064388)
Flipped.2010__#00-42-52_00-45-31_label_A.mp4|0.5047365|(2,2001,0.50097394,1817,3817,0.5047365)
Still.Walking.2008__#00-51-55_00-55-16_label_A.mp4|0.5028857|(3,2001,0.50219643,2000,4001,0.5028857,2826,4826,0.50177073)
v=DdIA1Owbcdc__#1_label_A.mp4|0.50444883|(1,1064,0.50444883)
v=KEh6EOQvQO0__#1_label_A.mp4|0.5116602|(2,2001,0.50406563,1183,3183,0.5116602)
The.Secret.Life.of.Walter.Mitty.2013__#01-01-20_01-04-00_label_A.mp4|0.5044699|(2,2001,0.5044699,1841,3841,0.50432014)
Young.And.Dangerous.III.1996__#00-15-52_00-17-00_label_A.mp4|0.50600994|(1,1634,0.50600994)
Ip.Man.2008__#00-40-25_00-40-45_label_A.mp4|0.5022827|(1,481,0.5022827)
Kill.Bill.Vol.1.2003__#01-08-15_01-09-15_label_A.mp4|0.5084809|(1,1441,0.5084809)
v=Wc2QW06H48M__#1_label_A.mp4|0.5032223|(1,1554,0.5032223)
v=JzrpCC7XmyE__#01-06-00_01-12-00_label_A.mp4|0.5113655|(5,2001,0.5080876,2000,4001,0.5070692,4000,6001,0.50827646,6000,8001,0.5093148,6642,8642,0.5113655)
Kingsman.The.Golden.Circle.2017__#02-09-30_02-10-45_label_A.mp4|0.5014949|(1,1801,0.5014949)
Spectre.2015__#00-16-41_00-18-55_label_A.mp4|0.50381416|(2,2001,0.50381416,1216,3216,0.5012451)
v=0LEefpIPBHA__#1_label_A.mp4|0.5026432|(1,1142,0.5026432)
Bad.Boys.II.2003__#01-11-16_01-14-00_label_A.mp4|0.5083011|(2,2001,0.5083011,1937,3937,0.5059346)
v=tlFJIG9mTGQ__#00-15-00_00-18-36_label_A.mp4|0.5063069|(3,2001,0.50607127,2000,4001,0.5051885,3187,5187,0.5063069)
The.Hurt.Locker.2008__#0-45-39_0-47-06_label_A.mp4|0.504836|(2,2001,0.50465554,89,2089,0.504836)
v=GrHfWKeTDEI__#1_label_A.mp4|0.5067789|(3,2001,0.5067789,2000,4001,0.5066914,3066,5066,0.50600815)
Salt.2010__#00-13-45_00-16-10_label_A.mp4|0.50166404|(2,2001,0.50166404,1481,3481,0.5007674)
v=cvEJ5WFk2KE__#00-06-00_00-09-00_label_A.mp4|0.5051183|(3,2001,0.50383145,2000,4001,0.50457615,2321,4321,0.5051183)
v=tI7fktKY6OU__#1_label_A.mp4|0.50847185|(8,2001,0.5025888,2000,4001,0.50497293,4000,6001,0.50847185,6000,8001,0.5046138,8000,10001,0.50659865,10000,12001,0.5030071,12000,14001,0.50512314,12916,14916,0.50668406)
v=NbNFfnVSIn8__#1_label_A.mp4|0.50935173|(3,2001,0.50935173,2000,4001,0.5060114,2592,4592,0.5066024)
v=2JJ9d97sd64__#1_label_A.mp4|0.5103071|(2,2001,0.5103071,1140,3140,0.5086276)
v=S1meRf5BsEw__#1_label_A.mp4|0.5045084|(3,2001,0.5040612,2000,4001,0.50344086,2104,4104,0.5045084)
The.Secret.Life.of.Walter.Mitty.2013__#00-08-55_00-10-50_label_A.mp4|0.5050447|(2,2001,0.5042076,762,2762,0.5050447)
v=0vVOXlgHC1U__#00-48-00_00-54-00_label_A.mp4|0.50691617|(5,2001,0.50211984,2000,4001,0.5021321,4000,6001,0.5057145,6000,8001,0.5061932,6642,8642,0.50691617)
v=tlFJIG9mTGQ__#00-12-00_00-15-00_label_A.mp4|0.5034269|(3,2001,0.50321215,2000,4001,0.5034269,2322,4322,0.5030664)
Operation.Red.Sea.2018__#0-45-54_0-46-33_label_A.mp4|0.5023021|(1,936,0.5023021)
Fast.Five.2011__#01-59-16_02-01-12_label_A.mp4|0.5069187|(2,2001,0.5069187,785,2785,0.5020549)
Yellow.Sea.2010__#00-10-16_00-11-14_label_A.mp4|0.50172514|(1,1393,0.50172514)
v=vHnAmx0UYbM__#1_label_A.mp4|0.50912434|(11,2001,0.50912434,2000,4001,0.50477594,4000,6001,0.5044344,6000,8001,0.5080125,8000,10001,0.5043195,10000,12001,0.50436115,12000,14001,0.5078109,14000,16001,0.50720495,16000,18001,0.5040892,18000,20001,0.5063543,18045,20045,0.5057894)
Shoot.Em.Up.2007__#00-25-50_00-27-10_label_A.mp4|0.50434613|(1,1921,0.50434613)
Bad.Boys.1995__#00-10-00_00-11-52_label_A.mp4|0.5038166|(2,2001,0.5034777,689,2689,0.5038166)
Love.Actually.2003__#01-39-05_01-46-40_label_A.mp4|0.5060483|(6,2001,0.50375557,2000,4001,0.50483966,4000,6001,0.5060483,6000,8001,0.5052841,8000,10001,0.5028764,8921,10921,0.5049631)
Bullet.in.the.Head.1990__#01-58-25_01-59-30_label_A.mp4|0.5039306|(1,1561,0.5039306)
v=W5qLlC9il3s__#1_label_A.mp4|0.506321|(1,1385,0.506321)
The.Notebook.2004__#01-30-25_01-33-56_label_A.mp4|0.5037416|(3,2001,0.50185627,2000,4001,0.5032395,3065,5065,0.5037416)
About.Time.2013__#00-40-52_00-42-31_label_A.mp4|0.50263554|(2,2001,0.5022871,377,2377,0.50263554)
Law.Abiding.Citizen.2009__#00-00-35_00-01-31_label_A.mp4|0.50326914|(1,1345,0.50326914)
v=HTEyaXBPf9U__#1_label_A.mp4|0.51274216|(3,2001,0.51274216,2000,4001,0.51110876,3120,5120,0.50890213)
The.Notebook.2004__#00-25-20_00-29-20_label_A.mp4|0.5080707|(3,2001,0.5058873,2000,4001,0.50555074,3761,5761,0.5080707)
v=AqFWYZsOgWY__#00-21-00_00-24-00_label_A.mp4|0.50784653|(3,2001,0.5071423,2000,4001,0.5077509,2322,4322,0.50784653)
The.Bourne.Identity.2002__#0-29-16_0-32-00_label_A.mp4|0.5027906|(2,2001,0.5027906,1937,3937,0.50123304)
v=9eME1y6V-T4__#01-18-00_01-24-00_label_A.mp4|0.50702953|(5,2001,0.5059189,2000,4001,0.50554574,4000,6001,0.50702953,6000,8001,0.50464576,6642,8642,0.5061861)
IP.Man.2.2010__#00-02-50_00-06-45_label_A.mp4|0.5063807|(3,2001,0.5063807,2000,4001,0.5034454,3640,5640,0.506357)
Rush.Hour.3.2007.BluRay__#01-00-40_01-04-00_label_A.mp4|0.5057327|(3,2001,0.5057327,2000,4001,0.50403166,2801,4801,0.5050597)
v=_Hn2Xlt-IWU__#1_label_A.mp4|0.50850046|(2,2001,0.50850046,1943,3943,0.5081857)
v=uyvM-vq5DwA__#1_label_A.mp4|0.51229215|(3,2001,0.51229215,2000,4001,0.50972736,2788,4788,0.51149815)
Love.Death.and.Robots.S01E04__#00-14-28_00-15-27_label_A.mp4|0.50441754|(1,1416,0.50441754)
v=hdy5kZ5dwj8__#1_label_A.mp4|0.50617594|(3,2001,0.50617594,2000,4001,0.5037322,2674,4674,0.5027088)
Love.Actually.2003__#01-17-00_01-19-40_label_A.mp4|0.5034192|(2,2001,0.5034192,1842,3842,0.5029401)
v=fkps18H3SXY__#00-00-00_00-06-00_label_A.mp4|0.50446904|(5,2001,0.50446904,2000,4001,0.50200325,4000,6001,0.5022679,6000,8001,0.5022707,6642,8642,0.50214463)
v=3MUqt3OkxIo__#1_label_A.mp4|0.5064126|(2,2001,0.50536704,500,2500,0.5064126)
v=p2ggHwtb-Zg__#00-24-00_00-27-00_label_A.mp4|0.5078551|(3,2001,0.5077855,2000,4001,0.5071007,2322,4322,0.5078551)
v=eAgqJnO3kr8__#00-06-00_00-12-00_label_A.mp4|0.5056029|(5,2001,0.50444347,2000,4001,0.5021377,4000,6001,0.50372475,6000,8001,0.5042044,6642,8642,0.5056029)
v=vQ9AwVrM9pU__#1_label_A.mp4|0.50759435|(2,2001,0.504126,1138,3138,0.50759435)
v=Wp6gzFUaci8__#1_label_A.mp4|0.51001006|(2,2001,0.51001006,780,2780,0.50813997)
Brick.Mansions.2014__#00-08-37_00-10-04_label_A.mp4|0.503617|(2,2001,0.5034797,88,2088,0.503617)
v=VRn8Tc02TbU__#00-18-00_00-21-00_label_A.mp4|0.51247656|(3,2001,0.51185715,2000,4001,0.51123285,2322,4322,0.51247656)
Young.And.Dangerous.IV.1997__#0-10-35_0-11-50_label_A.mp4|0.511347|(1,1801,0.511347)
Sin.City.2005__#01-43-21_01-44-21_label_A.mp4|0.5051564|(1,1441,0.5051564)
Salt.2010__#01-16-00_01-16-50_label_A.mp4|0.5037174|(1,1201,0.5037174)
v=X60PecZRLGE__#1_label_A.mp4|0.5095685|(2,2001,0.5080342,644,2644,0.5095685)
v=p2ggHwtb-Zg__#00-21-00_00-24-00_label_A.mp4|0.5079684|(3,2001,0.506753,2000,4001,0.50610185,2323,4323,0.5079684)
v=QBfO3qfo7zg__#1_label_A.mp4|0.5060868|(3,2001,0.5042226,2000,4001,0.5060868,2661,4661,0.5048447)
Kill.Bill.Vol.1.2003__#00-21-42_00-22-42_label_A.mp4|0.5031651|(1,1441,0.5031651)
GoldenEye.1995__#01-02-11_01-03-43_label_A.mp4|0.5041021|(2,2001,0.5041021,209,2209,0.50309956)
v=9eME1y6V-T4__#01-36-00_01-42-00_label_A.mp4|0.50886416|(5,2001,0.50625765,2000,4001,0.50886416,4000,6001,0.5060579,6000,8001,0.50399125,6642,8642,0.5043643)
The.Pursuit.of.Happyness.2006__#01-34-18_01-38-11_label_A.mp4|0.50578743|(3,2001,0.5045142,2000,4001,0.50371516,3593,5593,0.50578743)
v=5AlAh8J3WqE__#1_label_A.mp4|0.5064924|(6,2001,0.50547713,2000,4001,0.5062206,4000,6001,0.50447506,6000,8001,0.5064924,8000,10001,0.50355285,8885,10885,0.5050024)
Taken.3.2014__#00-36-03_00-36-48_label_A.mp4|0.506265|(1,1081,0.506265)
Your.Name.2016__#00-05-52_00-08-22_label_A.mp4|0.5095142|(2,2001,0.50821257,1601,3601,0.5095142)
v=mfFYGFJhBI4__#1_label_A.mp4|0.50493294|(1,255,0.50493294)
v=H9Y5_X1sEEA__#00-30-00_00-33-00_label_A.mp4|0.50993294|(3,2001,0.50993294,2000,4001,0.50566524,2323,4323,0.50627756)
Love.Actually.2003__#01-34-18_01-38-11_label_A.mp4|0.5067821|(3,2001,0.5067821,2000,4001,0.5054836,3593,5593,0.50382)
v=VcsJf1q9QX8__#1_label_A.mp4|0.50433934|(2,2001,0.50433934,560,2560,0.5038641)
The.Secret.Life.of.Walter.Mitty.2013__#01-23-00_01-29-08_label_A.mp4|0.5043741|(5,2001,0.5043741,2000,4001,0.5032742,4000,6001,0.50311005,6000,8001,0.5039045,6833,8833,0.503685)
The.Bourne.Supremacy.2004__#01-34-52_01-35-50_label_A.mp4|0.5058048|(1,1393,0.5058048)
Quantum.Of.Solace.2008__#00-47-29_00-50-52_label_A.mp4|0.50616467|(3,2001,0.5044276,2000,4001,0.50616467,2873,4873,0.5048335)
v=es97CGK_5XQ__#1_label_A.mp4|0.50724345|(1,1633,0.50724345)
v=y7vIfdKwHDk__#1_label_A.mp4|0.5090158|(3,2001,0.5090158,2000,4001,0.5043975,2182,4182,0.5060517)
v=NjI-AuzKgMc__#1_label_A.mp4|0.50824976|(2,2001,0.50824976,836,2836,0.50823456)
Salt.2010__#00-02-10_00-03-57_label_A.mp4|0.50502473|(2,2001,0.50502473,569,2569,0.5042334)
The.Bourne.Supremacy.2004__#0-58-18_01-00-58_label_A.mp4|0.5040296|(2,2001,0.5040296,1842,3842,0.5029434)
Shoplifters.2018__#00-17-30_00-19-10_label_A.mp4|0.5034812|(2,2001,0.5034812,401,2401,0.5026279)
Mission.Impossible.Ghost.Protocol.2011__#01-07-24_01-09-09_label_A.mp4|0.5033002|(2,2001,0.50328726,521,2521,0.5033002)
v=EToznHwS0OA__#1_label_A.mp4|0.50538933|(2,2001,0.50538933,1730,3730,0.5049691)
Before.Sunset.2004__#00-23-50_00-24-31_label_A.mp4|0.50573134|(1,985,0.50573134)
Ip.Man.2008__#01-04-27_01-06-22_label_A.mp4|0.5026024|(2,2001,0.5026024,761,2761,0.50167906)
A.Beautiful.Mind.2001__#00-40-52_00-42-01_label_A.mp4|0.5043172|(1,1657,0.5043172)
IP.Man.2.2010__#00-54-00_00-57-12_label_A.mp4|0.5061319|(3,2001,0.5061319,2000,4001,0.50379384,2608,4608,0.5020887)
The.Bourne.Identity.2002__#0-57-11_0-58-45_label_A.mp4|0.5029303|(2,2001,0.5029303,257,2257,0.50235194)
Love.Actually.2003__#00-51-55_00-55-16_label_A.mp4|0.5055434|(3,2001,0.5018385,2000,4001,0.5040482,2826,4826,0.5055434)
The.Attorney.2013__#00-47-00_00-49-30_label_A.mp4|0.50496215|(2,2001,0.50093204,1601,3601,0.50496215)
v=3lSHv_DUbJs__#1_label_A.mp4|0.5078243|(2,2001,0.5076105,1566,3566,0.5078243)
v=QiLNvC7CIuY__#1_label_A.mp4|0.51228327|(1,1161,0.51228327)
v=ODGDLQ0TT3M__#1_label_A.mp4|0.50919896|(2,2001,0.50919896,138,2138,0.5062518)
Thelma...Louise.1991__#01-53-54_01-54-50_label_A.mp4|0.5047787|(1,1345,0.5047787)
v=usAvzbDq6-c__#00-21-00_00-24-00_label_A.mp4|0.50977623|(3,2001,0.50719017,2000,4001,0.50977623,2322,4322,0.5081484)
The.Notebook.2004__#01-52-20_01-58-00_label_A.mp4|0.5041642|(5,2001,0.50025094,2000,4001,0.5019689,4000,6001,0.5010221,6000,8001,0.5041642,6161,8161,0.5041105)
Bullet.in.the.Head.1990__#00-25-11_00-26-15_label_A.mp4|0.50595856|(1,1537,0.50595856)
v=yviKz5J-pEA__#1_label_A.mp4|0.505357|(2,2001,0.505357,1731,3731,0.5047659)
v=QozLwYYVotY__#1_label_A.mp4|0.50691235|(2,2001,0.5068747,1254,3254,0.50691235)
Before.Sunrise.1995__#00-03-00_00-04-05_label_A.mp4|0.5023493|(1,1561,0.5023493)
v=aBsrZKrRtqU__#1_label_A.mp4|0.5039092|(1,1235,0.5039092)
v=eAgqJnO3kr8__#00-48-00_00-54-00_label_A.mp4|0.50642544|(5,2001,0.5037405,2000,4001,0.5020097,4000,6001,0.50491834,6000,8001,0.50642544,6642,8642,0.505361)
Lord.of.War__#00-59-20_01-00-35_label_A.mp4|0.50394934|(1,1801,0.50394934)
The.Intouchables.2011__#00-58-18_01-02-30_label_A.mp4|0.50503314|(4,2001,0.5043752,2000,4001,0.50503314,4000,6001,0.50385886,4049,6049,0.5038028)
Operation.Red.Sea.2018__#0-12-26_0-13-36_label_A.mp4|0.50072664|(1,1680,0.50072664)
The.Intouchables.2011__#00-04-20_00-05-35_label_A.mp4|0.503434|(1,1801,0.503434)
v=Ehh8ZdIMMj4__#1_label_A.mp4|0.5042429|(2,2001,0.5042429,708,2708,0.5037114)
The.Notebook.2004__#00-08-55_00-10-50_label_A.mp4|0.5046223|(2,2001,0.504423,762,2762,0.5046223)
Flipped.2010__#00-08-55_00-10-50_label_A.mp4|0.5041982|(2,2001,0.50342757,762,2762,0.5041982)
v=vsI_pKNcgeQ__#00-15-00_00-18-00_label_A.mp4|0.50676686|(3,2001,0.50415045,2000,4001,0.50676686,2322,4322,0.50670195)
v=ldnLxTablA8__#1_label_A.mp4|0.503591|(2,2001,0.5029501,300,2300,0.503591)
Love.Actually.2003__#01-04-40_01-06-59_label_A.mp4|0.50554824|(2,2001,0.50554824,1336,3336,0.5046089)
GoldenEye.1995__#00-56-11_00-56-51_label_A.mp4|0.5071893|(1,962,0.5071893)
v=AqFWYZsOgWY__#00-33-00_00-36-00_label_A.mp4|0.5114286|(3,2001,0.5102544,2000,4001,0.5097062,2322,4322,0.5114286)
v=MyM5G7fo7Gg__#00-18-00_00-21-00_label_A.mp4|0.50948364|(3,2001,0.50843114,2000,4001,0.50948364,2323,4323,0.50837)
One.Day.2011__#01-02-50_01-07-05_label_A.mp4|0.5064104|(4,2001,0.5064104,2000,4001,0.50551474,4000,6001,0.5016335,4121,6121,0.5020349)
Death.Proof.2007__#00-02-04_00-05-00_label_A.mp4|0.5077731|(3,2001,0.5049481,2000,4001,0.50654477,2225,4225,0.5077731)
Fast.Furious.2009__#01-08-33_01-10-18_label_A.mp4|0.50172555|(2,2001,0.50172555,521,2521,0.50169826)
A.Beautiful.Mind.2001__#00-25-20_00-29-20_label_A.mp4|0.5042479|(3,2001,0.5042479,2000,4001,0.5037147,3761,5761,0.50417346)
Tropa.de.Elite.2.2010__#01-30-51_01-32-30_label_A.mp4|0.5069649|(2,2001,0.5069649,377,2377,0.5052044)
v=EeUTpfyb0qo__#1_label_A.mp4|0.51067543|(10,2001,0.5085055,2000,4001,0.5083165,4000,6001,0.5037002,6000,8001,0.50901675,8000,10001,0.51067543,10000,12001,0.5064281,12000,14001,0.5063832,14000,16001,0.5076249,16000,18001,0.5088776,16143,18143,0.50827813)
v=HksDvkX6Bjk__#1_label_A.mp4|0.51385325|(8,2001,0.51385325,2000,4001,0.50605994,4000,6001,0.50928545,6000,8001,0.5064552,8000,10001,0.50959885,10000,12001,0.5063208,12000,14001,0.5057832,13435,15435,0.50946677)
Before.Sunrise.1995__#00-40-52_00-42-01_label_A.mp4|0.5016574|(1,1657,0.5016574)
v=9FxmNOXF25Q__#1_label_A.mp4|0.5074367|(3,2001,0.50607914,2000,4001,0.506428,2120,4120,0.5074367)
Your.Name.2016__#01-01-20_01-04-00_label_A.mp4|0.5073414|(2,2001,0.5027997,1841,3841,0.5073414)
Black.Hawk.Down.2001__#00-06-44_00-07-39_label_A.mp4|0.50482476|(1,1321,0.50482476)
v=SmFpAAHmoII__#1_label_A.mp4|0.51108193|(2,2001,0.51108193,1951,3951,0.50665057)
Election.2005__#00-03-35_00-05-05_label_A.mp4|0.50493455|(2,2001,0.5045628,160,2160,0.50493455)
v=H12BVHrNiXs__#1_label_A.mp4|0.50962365|(3,2001,0.5085671,2000,4001,0.50936395,2787,4787,0.50962365)
v=Oh6FDdpH08A__#1_label_A.mp4|0.5084637|(2,2001,0.5084637,1344,3344,0.50656736)
v=RarYGpz-blM__#1_label_A.mp4|0.5083492|(2,2001,0.50701123,1384,3384,0.5083492)
The.Pursuit.of.Happyness.2006__#00-17-30_00-19-10_label_A.mp4|0.5040955|(2,2001,0.5040458,401,2401,0.5040955)
Young.And.Dangerous.II.1996__#0-53-25_0-54-20_label_A.mp4|0.51036006|(1,1322,0.51036006)
v=1EvRIhdsX1s__#1_label_A.mp4|0.5018041|(1,862,0.5018041)
Black.Hawk.Down.2001__#01-36-44_01-37-33_label_A.mp4|0.5028577|(1,1176,0.5028577)
City.of.God.2002__#00-33-10_00-34-50_label_A.mp4|0.5078559|(2,2001,0.50675046,401,2401,0.5078559)
v=g7fnNf88IOc__#1_label_A.mp4|0.5090314|(2,2001,0.5089693,1635,3635,0.5090314)
Ip.Man.2008__#00-02-56_00-05-24_label_A.mp4|0.50448465|(2,2001,0.50448465,1553,3553,0.50241005)
v=hgoGZZSMhMQ__#1_label_A.mp4|0.5022181|(1,159,0.5022181)
Mission.Impossible.II.2000__#00-11-37_00-15-46_label_A.mp4|0.5024172|(1,693,0.5024172)
Kill.Bill.Vol.2.2004__#01-03-13_01-04-13_label_A.mp4|0.5048348|(1,1441,0.5048348)
v=Pf7WtK-YPDA__#1_label_A.mp4|0.5083003|(1,1954,0.5083003)
Mission.Impossible.Ghost.Protocol.2011__#01-24-59_01-28-30_label_A.mp4|0.50521433|(3,2001,0.5045529,2000,4001,0.5047414,3064,5064,0.50521433)
v=0vVOXlgHC1U__#00-12-00_00-18-00_label_A.mp4|0.50561476|(5,2001,0.5055251,2000,4001,0.5045291,4000,6001,0.50480056,6000,8001,0.5051976,6642,8642,0.50561476)
Hear.Me.2009__#00-30-50_00-32-31_label_A.mp4|0.5072179|(2,2001,0.5071532,425,2425,0.5072179)
v=H9Y5_X1sEEA__#00-45-00_00-48-00_label_A.mp4|0.5099083|(3,2001,0.5099083,2000,4001,0.5081782,2323,4323,0.5095296)
A.Beautiful.Mind.2001__#00-50-26_00-55-16_label_A.mp4|0.5074413|(4,2001,0.5040567,2000,4001,0.50468516,4000,6001,0.50483483,4962,6962,0.5074413)
v=9qxJ6bznkNI__#1_label_A.mp4|0.5021744|(3,2001,0.5011319,2000,4001,0.50133747,3454,5454,0.5021744)
Flipped.2010__#01-10-30_01-13-51_label_A.mp4|0.5046594|(3,2001,0.5041977,2000,4001,0.5046594,2825,4825,0.50320077)
v=94zZ9iptP54__#1_label_A.mp4|0.50479305|(1,932,0.50479305)
Love.Me.If.You.Dare.2003__#00-33-52_00-39-00_label_A.mp4|0.51079303|(4,2001,0.5079794,2000,4001,0.5049603,4000,6001,0.50872,5394,7394,0.51079303)
The.Fast.and.the.Furious.2001__#01-38-50_01-39-59_label_A.mp4|0.5093667|(1,1657,0.5093667)
Taken.3.2014__#01-20-10_01-21-30_label_A.mp4|0.5035181|(1,1921,0.5035181)
v=wQrV75N2BrI__#1_label_A.mp4|0.5099559|(17,2001,0.508366,2000,4001,0.50615585,4000,6001,0.5094167,6000,8001,0.5075542,8000,10001,0.50587505,10000,12001,0.506091,12000,14001,0.5078695,14000,16001,0.5047442,16000,18001,0.5051101,18000,20001,0.50586283,20000,22001,0.50844866,22000,24001,0.50582623,24000,26001,0.5078673,26000,28001,0.50706035,28000,30001,0.5077556,30000,32001,0.5078835,31196,33196,0.5099559)
Good.Will.Hunting.1997__#00-08-55_00-10-50_label_A.mp4|0.5054321|(2,2001,0.5054321,762,2762,0.50503224)
v=vp_W8CqtCug__#1_label_A.mp4|0.5076664|(2,2001,0.5076664,1806,3806,0.50423056)
The.Fast.and.the.Furious.2001__#00-26-09_00-26-52_label_A.mp4|0.5012104|(1,1033,0.5012104)
v=SdYFFo_tsfk__#00-18-00_00-24-00_label_A.mp4|0.50664645|(5,2001,0.5058922,2000,4001,0.50380635,4000,6001,0.5032758,6000,8001,0.50660956,6642,8642,0.50664645)
v=y7JEq-kf-2I__#00-01-50_00-02-30_label_A.mp4|0.5059567|(1,960,0.5059567)
Mission.Impossible.Ghost.Protocol.2011__#00-49-03_00-51-21_label_A.mp4|0.5012224|(2,2001,0.50089914,1313,3313,0.5012224)
Jason.Bourne.2016__#0-51-37_0-53-20_label_A.mp4|0.5027583|(2,2001,0.5024874,473,2473,0.5027583)
v=usAvzbDq6-c__#00-18-00_00-21-00_label_A.mp4|0.51231265|(3,2001,0.51072,2000,4001,0.51231265,2322,4322,0.51210856)
v=VGP9qh7U4H0__#1_label_A.mp4|0.508867|(3,2001,0.505467,2000,4001,0.508867,3284,5284,0.50770336)
Tropa.de.Elite.2007__#00-10-30_00-12-08_label_A.mp4|0.50491923|(2,2001,0.50491923,352,2352,0.5042658)
v=n0AhGnEjako__#1_label_A.mp4|0.50965405|(2,2001,0.50965405,376,2376,0.5075866)
v=5NZxPmTpV6Y__#1_label_A.mp4|0.5081898|(2,2001,0.50767803,807,2807,0.5081898)
Desperado.1995__#00-19-00_00-20-31_label_A.mp4|0.5055872|(2,2001,0.5054809,185,2185,0.5055872)
Good.Will.Hunting.1997__#00-58-18_01-02-30_label_A.mp4|0.5043472|(4,2001,0.5043472,2000,4001,0.503293,4000,6001,0.5035193,4049,6049,0.5034061)
v=bU86SW6L7Tc__#1_label_A.mp4|0.51071846|(3,2001,0.51071846,2000,4001,0.51029706,2250,4250,0.50868255)
v=VNQ1Vkz_cM4__#1_label_A.mp4|0.5074288|(3,2001,0.50542283,2000,4001,0.50628245,3622,5622,0.5074288)
City.Of.Men.2007__#01-36-01_01-37-31_label_A.mp4|0.50618356|(2,2001,0.50618356,161,2161,0.5059978)
v=BL8ppFg7NKI__#1_label_A.mp4|0.5085448|(3,2001,0.5085448,2000,4001,0.5050944,3470,5470,0.504497)
Young.And.Dangerous.I.1996__#0-55-09_0-56-59_label_A.mp4|0.50923806|(2,2001,0.50923806,641,2641,0.5077247)
The.Bourne.Ultimatum.2007__#01-32-57_01-33-53_label_A.mp4|0.5022228|(1,1345,0.5022228)
v=-tqHsoEoUyY__#1_label_A.mp4|0.5032869|(1,1011,0.5032869)
v=eAgqJnO3kr8__#00-42-00_00-48-00_label_A.mp4|0.50971067|(5,2001,0.5026413,2000,4001,0.5053447,4000,6001,0.50971067,6000,8001,0.5040671,6642,8642,0.5039546)
v=ibYV3e17R5c__#1_label_A.mp4|0.5095829|(2,2001,0.50633854,1375,3375,0.5095829)
IP.Man.2.2010__#01-44-00_01-44-42_label_A.mp4|0.50307816|(1,1008,0.50307816)
Tropa.de.Elite.2007__#00-52-33_00-54-35_label_A.mp4|0.50593805|(2,2001,0.5054861,930,2930,0.50593805)
v=usAvzbDq6-c__#00-03-00_00-06-00_label_A.mp4|0.50993073|(3,2001,0.508761,2000,4001,0.50993073,2322,4322,0.50918144)
v=smnw0Q7AxFQ__#1_label_A.mp4|0.5109029|(4,2001,0.5109029,2000,4001,0.5107739,4000,6001,0.50971943,5956,7956,0.50749755)
Hear.Me.2009__#00-49-48_00-51-12_label_A.mp4|0.5046017|(2,2001,0.5042632,17,2017,0.5046017)
Saving.Private.Ryan.1998__#02-00-56_02-03-06_label_A.mp4|0.5017718|(2,2001,0.5017718,1121,3121,0.5017631)
Be.with.You.2018__#01-42-06_01-45-53_label_A.mp4|0.5044293|(3,2001,0.5044293,2000,4001,0.50367075,3449,5449,0.5037949)
Bullet.in.the.Head.1990__#00-03-59_00-04-40_label_A.mp4|0.50765043|(1,985,0.50765043)
