Mission.Impossible.Fallout.2018__#00-31-21_00-32-50_label_B1-0-0.mp4|0.96659696|(1,2136,0.96659696)
v=bhZs3ALdL7Y__#1_label_G-0-0.mp4|0.47010425|(1,81,0.47010425)
Skyfall.2012__#01-55-44_01-56-57_label_B2-G-0.mp4|0.99802387|(1,1753,0.99802387)
v=15wDrZJQpsw__#00-05-20_00-06-20_label_B6-0-0.mp4|0.9994092|(1,1443,0.9994092)
v=gp_D8r-2hwk__#1_label_G-0-0.mp4|0.90099466|(1,2551,0.90099466)
Quantum.Of.Solace.2008__#01-19-30_01-20-05_label_B1-0-0.mp4|0.9923734|(1,841,0.9923734)
Saving.Private.Ryan.1998__#02-24-18_02-25-42_label_B1-0-0.mp4|0.953212|(1,2017,0.953212)
Rush.Hour.3.2007.BluRay__#00-34-11_00-35-46_label_B1-0-0.mp4|0.79927784|(1,2281,0.79927784)
The.Bourne.Identity.2002__#0-54-45_0-56-25_label_B6-0-0.mp4|0.99999034|(1,2401,0.99999034)
Rush.Hour.1998.BluRay__#00-11-05_00-12-10_label_B2-B1-0.mp4|0.9999778|(1,1562,0.9999778)
v=GN-7_ye5k4E__#1_label_G-0-0.mp4|0.99995327|(1,2681,0.99995327)
v=b0MUjeKAGZw__#1_label_B4-0-0.mp4|0.99789065|(1,2795,0.99789065)
Mission.Impossible.III.2006__#00-56-23_00-56-40_label_G-0-0.mp4|0.9983864|(1,409,0.9983864)
Kingsman.The.Secret.Service.2014__#01-43-40_01-44-50_label_B2-G-0.mp4|0.27860048|(1,1681,0.27860048)
v=m5Ya6z6qroo__#1_label_B4-0-0.mp4|0.99961144|(2,4001,0.9980154,1647,5647,0.99961144)
Rush.Hour.3.2007.BluRay__#01-12-16_01-12-36_label_B1-0-0.mp4|0.99996996|(1,481,0.99996996)
Kingsman.The.Secret.Service.2014__#00-22-10_00-23-10_label_B2-0-0.mp4|0.8145173|(1,1441,0.8145173)
v=5BBoVfKOyeM__#00-08-19_00-10-10_label_B6-0-0.mp4|0.8119776|(1,2666,0.8119776)
v=3xWiBCIxjIk__#1_label_B4-0-0.mp4|0.9999999|(1,3748,0.9999999)
Lord.of.War__#00-50-10_00-50-50_label_G-0-0.mp4|0.9973488|(1,961,0.9973488)
v=3WmMhircZOc__#1_label_B4-0-0.mp4|0.099113636|(2,4001,0.07369617,2025,6025,0.099113636)
v=DVdXoVUNkhg__#1_label_G-0-0.mp4|0.9880044|(1,1146,0.9880044)
v=1GFBuaGCeTo__#1_label_G-0-0.mp4|0.919965|(1,1253,0.919965)
v=hAHXCMRvY_I__#1_label_G-0-0.mp4|0.96792185|(1,486,0.96792185)
v=lpkL0Y1MhA8__#1_label_B4-0-0.mp4|0.38152206|(1,2524,0.38152206)
City.of.God.2002__#00-40-16_00-41-30_label_B2-0-0.mp4|0.042530328|(1,1778,0.042530328)
Mission.Impossible.Ghost.Protocol.2011__#01-54-24_01-54-50_label_B1-0-0.mp4|0.9997712|(1,625,0.9997712)
v=AF9p0YA0hyA__#00-03-03_00-04-20_label_B4-0-0.mp4|0.7729827|(1,1850,0.7729827)
v=fQQzg2VfJME__#1_label_B4-0-0.mp4|0.7701779|(1,1348,0.7701779)
v=pFamvR9CpYw__#00-00-00_00-06-36_label_B4-0-0.mp4|0.99854785|(3,4001,0.5054722,4000,8001,0.99854785,5506,9506,0.9543909)
Ip.Man.2008__#01-40-37_01-42-07_label_B4-0-0.mp4|0.31789976|(1,2161,0.31789976)
v=lcBUb7EOQ4o__#1_label_G-0-0.mp4|0.99495006|(1,2237,0.99495006)
Operation.Red.Sea.2018__#0-25-36_0-26-03_label_G-0-0.mp4|0.964226|(1,648,0.964226)
v=q_DhkdHGXos__#1_label_B1-0-0.mp4|0.12477744|(2,4001,0.023436092,638,4638,0.12477744)
v=7QOdBpDrmKk__#00-01-00_00-02-45_label_B6-0-0.mp4|0.9999913|(1,2522,0.9999913)
Mission.Impossible.V.Rogue.Nation.2015__#01-54-23_01-55-10_label_B2-0-0.mp4|0.94046783|(1,1129,0.94046783)
v=xbPWQKZspfU__#1_label_B1-0-0.mp4|0.09540131|(2,4001,0.09540131,1034,5034,0.021135265)
v=nLAapCIlr-o__#00-07-22_00-08-19_label_B6-0-0.mp4|0.99987507|(1,1370,0.99987507)
Kill.Bill.Vol.1.2003__#01-17-20_01-20-20_label_B1-0-0.mp4|0.04402106|(2,4001,0.020844242,321,4321,0.04402106)
v=Dn_SDu22WpM__#00-08-35_00-10-05_label_B6-0-0.mp4|0.87860733|(1,2163,0.87860733)
v=-fOWSLV6Esw__#1_label_B4-0-0.mp4|0.99928385|(1,789,0.99928385)
Election.2005__#00-47-57_00-50-54_label_B5-0-0.mp4|0.006250141|(2,4001,0.006250141,248,4248,0.003673137)
v=-kwNh1lMU-w__#1_label_B4-0-0.mp4|0.16385321|(2,4001,0.16385321,81,4081,0.060264554)
v=6nfo9c7a5pE__#1_label_B1-0-0.mp4|0.0072583617|(1,1235,0.0072583617)
v=SMy2_qNO2Y0__#00-01-50_00-03-13_label_G-0-0.mp4|0.97995603|(1,1994,0.97995603)
v=Qc3pAEeK16A__#1_label_B1-0-0.mp4|0.99831736|(1,1409,0.99831736)
v=9CWJd1SezkA__#1_label_G-0-0.mp4|0.7319973|(1,700,0.7319973)
Tropa.de.Elite.2.2010__#01-33-01_01-33-30_label_B2-0-0.mp4|0.9999927|(1,698,0.9999927)
Mission.Impossible.V.Rogue.Nation.2015__#00-17-27_00-17-55_label_B2-0-0.mp4|0.019630075|(1,673,0.019630075)
v=tP19WuyY3IY__#00-00-00_00-00-51_label_B6-0-0.mp4|0.99076205|(1,1226,0.99076205)
Operation.Red.Sea.2018__#0-16-06_0-16-46_label_G-0-0.mp4|0.988487|(1,960,0.988487)
The.Bourne.Ultimatum.2007__#01-44-02_01-44-11_label_B2-0-0.mp4|0.9730026|(1,217,0.9730026)
Operation.Red.Sea.2018__#0-56-26_0-57-10_label_G-0-0.mp4|0.99995065|(1,1056,0.99995065)
Lord.of.War__#01-41-04_01-41-53_label_B1-0-0.mp4|0.3882486|(1,1177,0.3882486)
v=wVey5JDRf_g__#00-01-30_00-02-41_label_B6-0-0.mp4|0.99974495|(1,1706,0.99974495)
v=1io9Uh54Vhg__#1_label_B4-0-0.mp4|0.6411609|(1,1980,0.6411609)
v=Q6zIX29HkSo__#1_label_B4-0-0.mp4|0.9999951|(1,2145,0.9999951)
v=BzwNU2xmT64__#00-04-10_00-06-09_label_B6-0-0.mp4|0.9918779|(1,2858,0.9918779)
v=iHuggczItBk__#00-03-00_00-03-55_label_B6-0-0.mp4|0.999944|(1,1322,0.999944)
v=nLAapCIlr-o__#00-16-10_00-18-09_label_B6-0-0.mp4|0.9999852|(1,2858,0.9999852)
Ip.Man.3.2015__#00-44-45_00-45-08_label_B1-0-0.mp4|0.81787944|(1,552,0.81787944)
Black.Hawk.Down.2001__#01-13-59_01-14-49_label_B2-0-0.mp4|0.79874635|(1,1201,0.79874635)
v=3zgaqeVSXuI__#1_label_B4-0-0.mp4|0.89839244|(1,1953,0.89839244)
Young.And.Dangerous.I.1996__#0-46-57_0-48-57_label_B1-0-0.mp4|0.9999573|(1,2881,0.9999573)
v=8tqeeBGjnPg__#00-03-12_00-04-15_label_B6-0-0.mp4|0.9994091|(1,1515,0.9994091)
v=iWfUqxibqG0__#1_label_G-0-0.mp4|0.99991167|(1,631,0.99991167)
v=Ia9ATKNeUbY__#00-04-19_00-05-11_label_B6-0-0.mp4|0.9411561|(1,1250,0.9411561)
v=UK2w9Sh47fM__#1_label_G-0-0.mp4|0.96264887|(1,1198,0.96264887)
Salt.2010__#00-17-40_00-18-16_label_B1-0-0.mp4|0.9981927|(1,865,0.9981927)
v=2Rr21qkZEDQ__#00-03-00_00-04-09_label_B6-0-0.mp4|0.99008465|(1,1658,0.99008465)
Skyfall.2012__#01-20-05_01-20-20_label_B1-B2-0.mp4|0.99665254|(1,361,0.99665254)
Bullet.in.the.Head.1990__#00-41-30_00-44-16_label_B4-G-0.mp4|0.46939164|(1,3986,0.46939164)
v=5Tnl7_8RqlA__#00-11-00_00-12-45_label_B6-0-0.mp4|0.99999046|(1,2522,0.99999046)
v=BXR3d22BhHs__#00-06-00_00-07-00_label_B4-0-0.mp4|0.8449355|(1,1443,0.8449355)
The.Fast.and.the.Furious.2001__#00-52-18_00-53-36_label_B1-0-0.mp4|0.08961052|(1,1873,0.08961052)
v=gENp4SyNxkI__#1_label_B1-0-0.mp4|0.7522704|(1,1275,0.7522704)
v=YANmwpkuWRo__#1_label_G-0-0.mp4|0.9016725|(1,1080,0.9016725)
v=96N4XAJ7FKM__#1_label_B1-0-0.mp4|0.16800928|(2,4001,0.0150224725,860,4860,0.16800928)
Mission.Impossible.II.2000__#01-38-25_01-38-41_label_B2-B5-0.mp4|0.9999777|(1,385,0.9999777)
v=15wDrZJQpsw__#00-00-00_00-00-51_label_B6-0-0.mp4|0.9997048|(1,1226,0.9997048)
Skyfall.2012__#01-57-40_01-58-00_label_B2-0-0.mp4|0.992573|(1,481,0.992573)
Spectre.2015__#02-15-30_02-16-05_label_G-0-0.mp4|0.999966|(1,842,0.999966)
GoldenEye.1995__#00-10-00_00-10-40_label_G-0-0.mp4|0.98083466|(1,961,0.98083466)
v=0yHBkMBE8r4__#1_label_B1-0-0.mp4|0.5573896|(2,4001,0.446753,1162,5162,0.5573896)
Bad.Boys.1995__#01-33-51_01-34-37_label_B2-0-0.mp4|0.9999938|(1,1104,0.9999938)
v=YKtw6uLEGps__#1_label_B4-0-0.mp4|0.99989915|(1,2934,0.99989915)
v=cO1UefhG7AY__#1_label_G-0-0.mp4|0.99991596|(2,4001,0.99991596,574,4574,0.99924445)
v=Lt9M_tSij_4__#00-00-00_00-04-24_label_B6-0-0.mp4|0.6685616|(2,4001,0.65648824,2336,6336,0.6685616)
v=kVl-6-A9ZO4__#00-08-01_00-09-35_label_B6-0-0.mp4|0.99973935|(1,2259,0.99973935)
v=X6Tbn8_X-Os__#1_label_B1-0-0.mp4|0.7715036|(2,4001,0.35759667,899,4899,0.7715036)
v=BQjKQbYgUBA__#1_label_B1-0-0.mp4|0.2922616|(1,3423,0.2922616)
Skyfall.2012__#02-08-44_02-09-17_label_B1-0-0.mp4|0.996053|(1,793,0.996053)
Deadpool.2016__#0-18-58_0-19-20_label_B1-0-0.mp4|0.9993315|(1,529,0.9993315)
v=zQbnQBCTSiA__#1_label_B1-0-0.mp4|0.9810651|(2,4001,0.9810651,1695,5695,0.51358134)
v=Hnfy9XhlIPM__#1_label_B4-0-0.mp4|0.9907233|(2,4001,0.9907233,661,4661,0.82787395)
v=ZkUciDD55kA__#00-00-00_00-00-30_label_G-0-0.mp4|0.4723891|(1,722,0.4723891)
v=MqrNCb2N5to__#1_label_B1-0-0.mp4|0.9052023|(1,2533,0.9052023)
v=_5Kmb4tqMxs__#1_label_B4-0-0.mp4|0.9999877|(1,1305,0.9999877)
Taken.2.UNRATED.EXTENDED.2012__#01-06-28_01-06-49_label_B2-0-0.mp4|0.9998865|(1,505,0.9998865)
Mission.Impossible.V.Rogue.Nation.2015__#01-19-48_01-20-20_label_B6-0-0.mp4|0.96247977|(1,770,0.96247977)
Yellow.Sea.2010__#01-04-00_01-04-50_label_B1-0-0.mp4|0.9995309|(1,1200,0.9995309)
v=HSisjzLESak__#00-00-00_00-00-51_label_B6-0-0.mp4|0.99527526|(1,1226,0.99527526)
Operation.Red.Sea.2018__#01-37-22_01-37-36_label_G-B2-0.mp4|0.9999398|(1,336,0.9999398)
Shoot.Em.Up.2007__#00-56-56_00-57-15_label_B2-0-0.mp4|0.9996094|(1,457,0.9996094)
v=jYENhkzdpO8__#00-00-00_00-01-31_label_B6-0-0.mp4|0.5941502|(1,2186,0.5941502)
New.Kids.Turbo.2010__#00-50-13_00-50-34_label_B1-0-0.mp4|0.879478|(1,504,0.879478)
v=bDm2-1NZBLw__#1_label_B4-0-0.mp4|0.90228736|(1,2210,0.90228736)
Bullet.in.the.Head.1990__#00-23-31_00-24-40_label_G-0-0.mp4|0.41498753|(1,1657,0.41498753)
v=ZnFlL84K7HE__#00-27-53_00-34-45_label_B4-0-0.mp4|0.947532|(3,4001,0.8153939,4000,8001,0.06774375,5890,9890,0.947532)
City.of.God.2002__#01-24-10_01-25-10_label_B2-0-0.mp4|0.99923337|(1,1441,0.99923337)
v=ICnreR1hxP0__#1_label_B4-0-0.mp4|0.9332866|(2,4001,0.3248313,328,4328,0.9332866)
v=2al4t5inObA__#1_label_B4-0-0.mp4|0.92769647|(1,3582,0.92769647)
v=3wxWNAM8Cso__#1_label_G-0-0.mp4|0.91646093|(2,4001,0.14589302,2063,6063,0.91646093)
v=pMtu7fOHdII__#1_label_B1-0-0.mp4|0.80635923|(1,1252,0.80635923)
Black.Hawk.Down.2001__#01-42-58_01-43-58_label_G-0-0.mp4|0.8278635|(1,1441,0.8278635)
v=ZoS8gm5OcOM__#00-07-50_00-08-55_label_B6-0-0.mp4|0.99816173|(1,1562,0.99816173)
v=tP19WuyY3IY__#00-06-10_00-07-51_label_B6-0-0.mp4|0.99992657|(1,2426,0.99992657)
v=CvMpD1yqfxI__#1_label_G-0-0.mp4|0.9978033|(1,873,0.9978033)
v=-etV57xZ4_I__#1_label_B4-0-0.mp4|0.99930227|(1,265,0.99930227)
Taken.Extended.Cut.2008__#00-50-45_00-51-04_label_B2-B6-0.mp4|1.0|(1,456,1.0)
v=UzxuX79xq4s__#1_label_B4-0-0.mp4|0.9937163|(2,4001,0.93159276,1286,5286,0.9937163)
v=EH_QB6cm6BE__#1_label_G-0-0.mp4|0.38822725|(1,658,0.38822725)
Salt.2010__#01-12-05_01-12-32_label_B2-G-0.mp4|0.9999995|(1,649,0.9999995)
v=y1z12D5bx7c__#1_label_B4-0-0.mp4|0.97407746|(2,4001,0.74475,850,4850,0.97407746)
v=1q5V6DKH3bw__#1_label_B4-0-0.mp4|0.6977271|(1,3029,0.6977271)
v=v-Plzx73K68__#1_label_B4-0-0.mp4|0.976896|(1,1016,0.976896)
Mission.Impossible.Fallout.2018__#02-03-50_02-04-35_label_B1-0-0.mp4|0.6154255|(1,1080,0.6154255)
v=ZCjNPgNu42g__#1_label_B4-0-0.mp4|0.5793541|(1,3483,0.5793541)
v=7QOdBpDrmKk__#00-10-30_00-10-51_label_B6-0-0.mp4|0.96809095|(1,506,0.96809095)
v=OE9t3XImErk__#1_label_B1-0-0.mp4|0.99126315|(1,557,0.99126315)
Sin.City.2005__#0-10-40_0-11-40_label_B2-0-0.mp4|0.0907871|(1,1441,0.0907871)
v=_YobflFU_HU__#00-06-10_00-07-51_label_B6-0-0.mp4|0.9999261|(1,2426,0.9999261)
Casino.Royale.2006__#01-17-29_01-17-46_label_B1-0-0.mp4|0.81558555|(1,409,0.81558555)
The.Fast.and.the.Furious.2001__#00-29-00_00-29-52_label_B2-G-0.mp4|0.9992397|(1,1249,0.9992397)
v=2jwO15SMyuo__#1_label_B4-0-0.mp4|0.99997807|(1,2376,0.99997807)
Rush.Hour.3.2007.BluRay__#00-40-56_00-41-52_label_B2-0-0.mp4|0.97655267|(1,1345,0.97655267)
v=uQY15O3LKI0__#1_label_B6-0-0.mp4|0.7202572|(1,3970,0.7202572)
v=iegHZ_UWWsA__#00-14-05_00-20-33_label_B4-0-0.mp4|0.99752134|(3,4001,0.99752134,4000,8001,0.99693453,5314,9314,0.9307426)
God.Bless.America.2011__#00-38-25_00-39-37_label_B2-B5-0.mp4|0.025516568|(1,1729,0.025516568)
Bullet.in.the.Head.1990__#01-45-21_01-46-20_label_B2-0-0.mp4|0.67855936|(1,1417,0.67855936)
Taken.2.UNRATED.EXTENDED.2012__#01-00-00_01-00-16_label_B2-0-0.mp4|0.9998454|(1,385,0.9998454)
v=Ia9ATKNeUbY__#00-05-19_00-06-09_label_B6-0-0.mp4|0.9997577|(1,1202,0.9997577)
v=Q-u3Y9TkZhQ__#1_label_B4-0-0.mp4|0.5928081|(1,1036,0.5928081)
v=uprb6aBzymw__#00-03-03_00-05-13_label_B4-0-0.mp4|0.014180722|(1,3121,0.014180722)
v=cuUK-3MNqtw__#1_label_B1-0-0.mp4|0.018380096|(1,2063,0.018380096)
Fast.Five.2011__#00-32-05_00-32-24_label_B1-B2-0.mp4|0.99999547|(1,457,0.99999547)
Kingsman.The.Golden.Circle.2017__#00-35-55_00-36-35_label_B1-0-0.mp4|0.07416617|(1,962,0.07416617)
The.Hurt.Locker.2008__#01-27-42_01-28-09_label_G-0-0.mp4|0.96513903|(1,649,0.96513903)
Fast.Furious.6.2013__#01-38-33_01-39-20_label_B1-0-0.mp4|0.94069886|(1,1129,0.94069886)
v=u5SF4SlqNDQ__#00-02-39_00-03-41_label_G-0-0.mp4|0.9997578|(1,1491,0.9997578)
Tropa.de.Elite.2.2010__#00-13-41_00-14-56_label_B4-0-0.mp4|0.961017|(1,1801,0.961017)
Fast.Five.2011__#00-01-41_00-01-57_label_B6-0-0.mp4|0.9999945|(1,385,0.9999945)
Taken.Extended.Cut.2008__#00-33-51_00-34-03_label_B1-0-0.mp4|0.9999771|(1,289,0.9999771)
Taken.2.UNRATED.EXTENDED.2012__#00-45-50_00-46-20_label_G-0-0.mp4|0.84455854|(1,722,0.84455854)
Shoot.Em.Up.2007__#00-32-40_00-35-10_label_B2-0-0.mp4|0.9999403|(1,3601,0.9999403)
Saving.Private.Ryan.1998__#02-23-00_02-23-28_label_B1-0-0.mp4|0.9999924|(1,673,0.9999924)
The.World.Is.Not.Enough.1999__#00-10-22_00-10-40_label_G-0-0.mp4|0.9720702|(1,433,0.9720702)
Skyfall.2012__#00-06-10_00-06-25_label_B6-0-0.mp4|0.9994438|(1,361,0.9994438)
v=9Ydg5IeZpFI__#1_label_B1-0-0.mp4|0.98982656|(2,4001,0.98982656,621,4621,0.92028666)
Taken.3.2014__#01-19-13_01-19-30_label_B1-0-0.mp4|0.9999931|(1,409,0.9999931)
v=oipd63DGadU__#1_label_B1-0-0.mp4|0.7072485|(1,1398,0.7072485)
Mission.Impossible.III.2006__#00-19-56_00-20-26_label_B2-0-0.mp4|0.9998388|(1,721,0.9998388)
v=m8EkFsaGPzU__#1_label_B4-0-0.mp4|0.8073613|(2,4001,0.8073613,1703,5703,0.09934544)
Sin.City.2005__#0-29-34_0-29-56_label_B2-0-0.mp4|0.9495366|(1,529,0.9495366)
Sin.City.2005__#01-51-59_01-52-29_label_B2-0-0.mp4|0.4241984|(1,721,0.4241984)
Death.Proof.2007__#01-40-41_01-42-17_label_B5-B6-0.mp4|0.58861494|(1,2305,0.58861494)
v=k98yVPXiYoU__#1_label_G-0-0.mp4|0.99459213|(1,736,0.99459213)
Young.And.Dangerous.IV.1997__#01-32-04_01-32-58_label_B1-0-0.mp4|0.9883245|(1,1297,0.9883245)
v=V7FtjJStY1M__#1_label_G-0-0.mp4|0.991525|(1,360,0.991525)
v=CczYDDDf22A__#1_label_G-0-0.mp4|0.98674786|(1,679,0.98674786)
v=2WkuPNLfl5s__#1_label_B4-0-0.mp4|0.9998223|(1,1242,0.9998223)
Fast.Furious.2009__#01-18-00_01-19-00_label_B2-B6-0.mp4|0.9958972|(1,1441,0.9958972)
v=GI49YSCruwY__#1_label_B4-0-0.mp4|0.62426025|(1,3032,0.62426025)
Salt.2010__#01-06-27_01-07-07_label_G-B2-0.mp4|0.9991671|(1,962,0.9991671)
v=CcD-YNlkMPY__#1_label_G-0-0.mp4|0.17255974|(1,1996,0.17255974)
v=zoIn2hOrUIM__#00-01-00_00-02-45_label_B6-0-0.mp4|0.9980627|(1,2522,0.9980627)
v=TsuuRo6PEXM__#1_label_B1-0-0.mp4|0.15172967|(2,4001,0.15172967,343,4343,0.06106664)
v=bfOlheR5nUQ__#00-04-33_00-06-02_label_B4-0-0.mp4|0.99555594|(1,2138,0.99555594)
Spectre.2015__#00-44-05_00-44-40_label_B1-B2-0.mp4|0.9977785|(1,841,0.9977785)
Haywire.2011__#01-20-20_01-21-57_label_B1-0-0.mp4|0.9991136|(1,2329,0.9991136)
v=osjdmjNJUdg__#1_label_B1-0-0.mp4|0.97696906|(1,2320,0.97696906)
Saving.Private.Ryan.1998__#02-23-58_02-24-18_label_G-0-0.mp4|0.96347183|(1,481,0.96347183)
Jason.Bourne.2016__#0-29-48_0-30-29_label_B4-0-0.mp4|0.999959|(1,985,0.999959)
Braveheart.1995__#01-26-50_01-32-30_label_B1-0-0.mp4|0.9998109|(3,4001,0.9998109,4000,8001,0.9972236,4161,8161,0.9954465)
v=wG-2t0M8CPc__#1_label_B1-0-0.mp4|0.29226866|(1,2073,0.29226866)
v=FRj2K0ulD8Q__#00-00-00_00-00-57_label_B4-0-0.mp4|0.9990313|(1,1370,0.9990313)
v=15wDrZJQpsw__#00-09-00_00-10-55_label_B6-0-0.mp4|0.99418086|(1,2762,0.99418086)
v=OOjjPGN8jSU__#1_label_B6-0-0.mp4|0.56913984|(2,4001,0.013045822,1918,5918,0.56913984)
The.Hurt.Locker.2008__#0-19-22_0-22-32_label_B2-B1-0.mp4|0.7996627|(2,4001,0.7996627,561,4561,0.61366117)
Bullet.in.the.Head.1990__#01-26-30_01-27-34_label_B2-0-0.mp4|0.034726135|(1,1537,0.034726135)
Fast.Furious.2009__#00-42-10_00-42-41_label_B6-0-0.mp4|0.99999785|(1,745,0.99999785)
Taken.3.2014__#01-12-48_01-14-30_label_B2-B1-0.mp4|0.99904794|(1,2449,0.99904794)
v=g2v3EkBj9Zc__#1_label_B4-0-0.mp4|0.9997731|(1,764,0.9997731)
v=UYFR-XbyZQc__#00-01-19_00-02-42_label_G-0-0.mp4|0.9791422|(1,1992,0.9791422)
Haywire.2011__#00-16-07_00-16-49_label_B1-0-0.mp4|0.001490761|(1,1008,0.001490761)
v=ntaXjnpusxM__#1_label_G-0-0.mp4|0.99275315|(1,688,0.99275315)
v=3xkwZk44VQs__#1_label_B4-0-0.mp4|0.99743253|(1,2517,0.99743253)
Brick.Mansions.2014__#01-02-00_01-02-43_label_B2-0-0.mp4|0.9924759|(1,1032,0.9924759)
v=rAlZRFZTwxM__#00-03-13_00-07-08_label_G-0-0.mp4|0.5104777|(2,4001,0.23525481,1641,5641,0.5104777)
v=UK--hvgP2uY__#1_label_G-0-0.mp4|0.11615605|(1,2605,0.11615605)
v=yy-KIWDcBr4__#00-16-10_00-17-19_label_B6-0-0.mp4|0.9758472|(1,1658,0.9758472)
v=k_cvJa1kNaM__#1_label_B4-0-0.mp4|0.6114018|(2,4001,0.6114018,1628,5628,0.08143686)
Deadpool.2.2018__#0-50-30_0-51-20_label_B1-0-0.mp4|0.9109609|(1,1201,0.9109609)
v=9Jk2sIp5MRQ__#1_label_G-0-0.mp4|0.74622864|(1,568,0.74622864)
v=Q7NpJXOTiMY__#1_label_G-0-0.mp4|0.10757981|(1,1628,0.10757981)
IP.Man.2.2010__#01-35-55_01-39-11_label_B1-0-0.mp4|0.9379357|(2,4001,0.4497906,704,4704,0.9379357)
The.World.Is.Not.Enough.1999__#00-07-04_00-07-45_label_G-B2-0.mp4|0.981365|(1,984,0.981365)
Desperado.1995__#01-14-11_01-17-28_label_B2-G-0.mp4|0.9863739|(2,4001,0.9863739,729,4729,0.954023)
City.Of.Men.2007__#00-57-37_00-58-27_label_B2-0-0.mp4|0.76389754|(1,1200,0.76389754)
v=eqtJjxsTgtg__#1_label_G-0-0.mp4|0.9986994|(1,1194,0.9986994)
v=BXR3d22BhHs__#00-07-00_00-08-00_label_B4-0-0.mp4|0.90210027|(1,1443,0.90210027)
v=yvnj5VIDsNI__#1_label_B4-0-0.mp4|0.99999213|(2,4001,0.99999213,890,4890,0.99958533)
v=ONsmJAyFAAw__#1_label_G-0-0.mp4|0.9983608|(1,1563,0.9983608)
v=qqsd-cZr01k__#00-06-10_00-07-19_label_B6-0-0.mp4|0.57864773|(1,1658,0.57864773)
Rush.Hour.1998.BluRay__#00-08-08_00-09-15_label_B2-B6-G.mp4|0.9684188|(1,1609,0.9684188)
Sin.City.2005__#0-43-45_0-44-01_label_B2-0-0.mp4|0.9975957|(1,385,0.9975957)
v=rJz4NXm6vis__#1_label_B4-0-0.mp4|0.8840831|(1,1892,0.8840831)
The.Bourne.Ultimatum.2007__#01-26-27_01-28-03_label_B2-B6-0.mp4|0.99998915|(1,2305,0.99998915)
v=73uRcX0Dvfc__#00-00-00_00-01-51_label_B6-G-0.mp4|0.92722785|(1,2666,0.92722785)
GoldenEye.1995__#00-24-53_00-25-06_label_B1-0-0.mp4|0.9999666|(1,313,0.9999666)
v=gsz_P8t-KM4__#1_label_B4-0-0.mp4|0.33072177|(3,4001,0.33072177,4000,8001,0.09060807,5741,9741,0.26648104)
v=PWBZiM-rkoE__#1_label_G-0-0.mp4|0.01630273|(1,2711,0.01630273)
v=J_ZsNd97wXw__#1_label_G-0-0.mp4|0.9989214|(1,1204,0.9989214)
Saving.Private.Ryan.1998__#02-16-58_02-17-13_label_G-0-0.mp4|0.9904682|(1,361,0.9904682)
v=CoxsDkB-rWU__#00-07-06_00-10-30_label_B4-0-0.mp4|0.9913625|(2,4001,0.9638616,898,4898,0.9913625)
Fast.Furious.2009__#00-21-06_00-21-57_label_B6-B2-0.mp4|0.28067684|(1,1225,0.28067684)
v=wVey5JDRf_g__#00-00-00_00-01-20_label_B6-0-0.mp4|0.9989542|(1,1922,0.9989542)
Shoot.Em.Up.2007__#00-53-25_00-56-47_label_B2-0-0.mp4|0.33252835|(2,4001,0.1074206,850,4850,0.33252835)
Deadpool.2.2018__#0-04-46_0-05-01_label_B2-0-0.mp4|0.99843043|(1,361,0.99843043)
v=0qtIjyt-7wg__#00-01-00_00-02-45_label_B6-0-0.mp4|0.92719936|(1,2522,0.92719936)
v=wnd3IYH7x1o__#1_label_G-0-0.mp4|0.6061839|(1,1139,0.6061839)
v=Dh-3BlhAOnE__#00-00-00_00-13-36_label_B4-0-0.mp4|0.999926|(5,4001,0.92550737,4000,8001,0.05468948,8000,12001,0.8355408,12000,16001,0.9052792,15586,19586,0.999926)
v=waIS8TaJxts__#00-09-00_00-10-45_label_B6-0-0.mp4|0.0015723356|(1,2522,0.0015723356)
Ip.Man.2008__#01-14-31_01-15-24_label_B1-0-0.mp4|0.5101565|(1,1274,0.5101565)
v=8oTjTufJnXI__#1_label_G-0-0.mp4|0.9749307|(1,2694,0.9749307)
v=3y2OOc6WTrg__#1_label_B1-0-0.mp4|0.27612612|(2,4001,0.231823,352,4352,0.27612612)
v=k7R_Qo-BiAw__#00-10-30_00-10-51_label_B6-0-0.mp4|0.973899|(1,506,0.973899)
Love.Death.and.Robots.S01E13__#0-11-48_0-12-07_label_G-0-0.mp4|0.9984149|(1,456,0.9984149)
Braveheart.1995__#02-07-00_02-08-15_label_B1-0-0.mp4|0.9998041|(1,1802,0.9998041)
Saving.Private.Ryan.1998__#02-20-00_02-20-13_label_G-0-0.mp4|0.99120235|(1,313,0.99120235)
v=yy-KIWDcBr4__#00-08-35_00-10-25_label_B6-0-0.mp4|0.99998856|(1,2642,0.99998856)
v=vhACO_m5pH0__#00-14-42_00-15-40_label_B6-0-0.mp4|0.99945956|(1,1394,0.99945956)
v=7zEFHKKBA0g__#1_label_B4-0-0.mp4|0.04856116|(2,4001,0.0076850355,420,4420,0.04856116)
Saving.Private.Ryan.1998__#00-47-50_00-49-35_label_B2-0-0.mp4|0.9610865|(1,2521,0.9610865)
v=cEOM18n8fhU__#1_label_G-0-0.mp4|0.7651363|(1,2831,0.7651363)
v=aWPWHU8x6kE__#1_label_B4-0-0.mp4|0.4236063|(2,4001,0.4236063,829,4829,0.14885175)
v=yrpZJ8Vr3aA__#1_label_B1-0-0.mp4|0.5608142|(1,2354,0.5608142)
v=w16YmhAZ1_Y__#1_label_G-0-0.mp4|0.9999981|(1,1480,0.9999981)
v=1djrJ0wxlYo__#1_label_B4-0-0.mp4|0.2595594|(1,1536,0.2595594)
Casino.Royale.2006__#00-50-05_00-51-16_label_B1-B2-B6.mp4|0.9995968|(1,1705,0.9995968)
v=SE5fxK7SasU__#00-03-23_00-04-08_label_B4-0-0.mp4|0.9996455|(1,1082,0.9996455)
Operation.Red.Sea.2018__#0-29-36_0-30-20_label_B2-G-0.mp4|0.9998777|(1,1056,0.9998777)
v=7rDRFFSUrPI__#00-01-50_00-02-32_label_G-0-0.mp4|0.9544525|(1,1010,0.9544525)
Casino.Royale.2006__#01-46-40_01-47-14_label_B6-0-0.mp4|0.99884975|(1,817,0.99884975)
v=u0Tnw01PNxc__#1_label_B4-0-0.mp4|0.2642849|(1,1377,0.2642849)
v=ZoS8gm5OcOM__#00-06-20_00-07-30_label_B6-0-0.mp4|0.9999864|(1,1682,0.9999864)
Rush.Hour.1998.BluRay__#01-25-21_01-25-46_label_B2-0-0.mp4|0.7042466|(1,602,0.7042466)
Fast.Furious.6.2013__#01-03-25_01-04-59_label_B1-0-0.mp4|0.5334397|(1,2256,0.5334397)
Brick.Mansions.2014__#00-16-26_00-17-12_label_B1-0-0.mp4|0.9992472|(1,1104,0.9992472)
v=fIlmgvc-bUk__#1_label_B4-0-0.mp4|0.99998975|(1,1415,0.99998975)
v=GqMh_HBNWZE__#00-01-00_00-02-45_label_B6-0-0.mp4|0.97765076|(1,2522,0.97765076)
v=PuZy1PQIgrA__#1_label_B1-0-0.mp4|0.79814136|(1,2816,0.79814136)
v=OFxPTJxA5pg__#1_label_B4-0-0.mp4|0.9907548|(5,4001,0.6626016,4000,8001,0.75595415,8000,12001,0.410748,12000,16001,0.9907548,13542,17542,0.9669156)
v=vhACO_m5pH0__#00-20-42_00-22-40_label_B6-0-0.mp4|0.9994363|(1,2834,0.9994363)
Mindhunters.2004__#01-19-00_01-20-05_label_B2-0-0.mp4|0.9990029|(1,1561,0.9990029)
v=RUjrMYWhLng__#1_label_B6-0-0.mp4|0.960445|(3,4001,0.960445,4000,8001,0.7856918,6434,10434,0.52208287)
v=iHuggczItBk__#00-01-00_00-02-45_label_B6-0-0.mp4|0.9962321|(1,2522,0.9962321)
v=GbMQ2CxeNHU__#1_label_B4-0-0.mp4|0.9758841|(2,4001,0.9758841,1490,5490,0.56362504)
v=ROrpKx3aIjA__#1_label_G-0-0.mp4|0.99999213|(1,1300,0.99999213)
v=abATVcjFumY__#1_label_G-0-0.mp4|0.003789225|(1,1835,0.003789225)
v=T-LH8Gv5zzY__#1_label_B4-0-0.mp4|0.072161786|(1,2426,0.072161786)
Sin.City.2005__#0-06-42_0-07-06_label_B1-0-0.mp4|0.46809715|(1,577,0.46809715)
Fast.Furious.6.2013__#00-45-40_00-47-13_label_B2-0-0.mp4|0.99855846|(1,2233,0.99855846)
v=X4I8FhpGJwo__#00-09-00_00-10-45_label_B6-0-0.mp4|0.99968123|(1,2522,0.99968123)
v=zI0q5UDP47g__#1_label_B4-0-0.mp4|0.9970241|(1,3603,0.9970241)
v=HSisjzLESak__#00-01-00_00-02-45_label_B6-0-0.mp4|0.9974963|(1,2522,0.9974963)
v=gbRIKogNZvE__#1_label_B4-0-0.mp4|0.03904033|(1,2990,0.03904033)
Fury.2014__#00-07-30_00-07-58_label_G-0-0.mp4|0.9134168|(1,673,0.9134168)
Haywire.2011__#00-03-51_00-05-12_label_B1-B2-0.mp4|0.03850797|(1,1945,0.03850797)
v=8ewWXhYRUNs__#1_label_B1-0-0.mp4|0.95563334|(1,1369,0.95563334)
v=JfLYNEsrTew__#1_label_G-0-0.mp4|0.75491756|(1,750,0.75491756)
GoldenEye.1995__#02-03-40_02-04-13_label_G-0-0.mp4|0.99963355|(1,794,0.99963355)
Deadpool.2.2018__#01-03-09_01-03-54_label_B4-0-0.mp4|0.23672783|(1,1081,0.23672783)
v=sE-DC2trBkI__#00-01-00_00-02-45_label_B6-0-0.mp4|0.4227967|(1,2522,0.4227967)
v=QWwDsPSe7iM__#1_label_B4-0-0.mp4|0.9926692|(1,2334,0.9926692)
v=rKpXqwE2rg8__#00-01-57_00-03-06_label_B4-0-0.mp4|0.4910416|(1,1658,0.4910416)
v=qqsd-cZr01k__#00-01-00_00-02-45_label_B6-0-0.mp4|0.961575|(1,2522,0.961575)
v=waIS8TaJxts__#00-07-40_00-08-50_label_B6-0-0.mp4|0.9623172|(1,1682,0.9623172)
Jason.Bourne.2016__#0-50-20_0-50-30_label_G-0-0.mp4|0.9913646|(1,241,0.9913646)
v=8oJMGgaww70__#1_label_B4-0-0.mp4|0.28442067|(1,3595,0.28442067)
Mission.Impossible.Ghost.Protocol.2011__#01-12-38_01-13-43_label_B1-0-0.mp4|0.9903014|(1,1561,0.9903014)
v=3e3C-LQWF2s__#1_label_B1-0-0.mp4|0.9997601|(2,4001,0.9997601,421,4421,0.99471223)
v=yDqThVpu1AM__#1_label_B4-0-0.mp4|0.7896005|(1,744,0.7896005)
v=u5SF4SlqNDQ__#00-00-00_00-01-00_label_G-0-0.mp4|0.8954672|(1,1442,0.8954672)
v=DD3jfKr8e-k__#00-00-00_00-01-40_label_B4-0-0.mp4|0.9326607|(1,2402,0.9326607)
Bullet.in.the.Head.1990__#00-17-20_00-18-55_label_B1-0-0.mp4|0.26036784|(1,2281,0.26036784)
v=CFfc4UWzVB8__#00-00-00_00-00-30_label_B4-0-0.mp4|0.98748595|(1,722,0.98748595)
v=251___mEwZA__#1_label_B1-0-0.mp4|0.8908626|(2,4001,0.8908626,577,4577,0.87111187)
v=FRj2K0ulD8Q__#00-04-16_00-06-05_label_B4-0-0.mp4|0.99875605|(1,2618,0.99875605)
v=_BgJEXQkjNQ__#1_label_G-0-0.mp4|0.9436481|(3,4001,0.36329198,4000,8001,0.9383686,4139,8139,0.9436481)
v=waIS8TaJxts__#00-01-30_00-02-45_label_B6-0-0.mp4|0.9768008|(1,1802,0.9768008)
v=Y43UkfAe_bc__#00-00-00_00-01-40_label_B4-0-0.mp4|0.8402541|(1,2402,0.8402541)
v=tT-SrQC6Ddw__#00-04-00_00-05-15_label_B6-0-0.mp4|0.94919115|(1,1800,0.94919115)
v=qrKfaX1lCUM__#1_label_G-0-0.mp4|0.06460766|(2,4001,0.06460766,3409,7409,0.00047715698)
The.Bourne.Identity.2002__#0-19-53_0-21-48_label_B1-0-0.mp4|0.86684173|(1,2761,0.86684173)
Desperado.1995__#00-38-36_00-39-21_label_B1-B2-0.mp4|0.90783274|(1,1081,0.90783274)
Spectre.2015__#02-02-57_02-03-27_label_B1-B2-0.mp4|0.9120037|(1,722,0.9120037)
v=PRH5rYUHoVU__#00-00-25_00-02-50_label_B6-0-0.mp4|0.9979481|(1,3480,0.9979481)
Fast.Furious.2009__#01-29-10_01-29-55_label_B2-0-0.mp4|0.99821436|(1,1080,0.99821436)
The.Bourne.Identity.2002__#01-45-00_01-45-46_label_B1-0-0.mp4|0.8434253|(1,1104,0.8434253)
v=KUeUxbsBO6s__#1_label_B1-0-0.mp4|0.45819807|(1,2748,0.45819807)
Spectre.2015__#01-32-55_01-35-40_label_B1-B2-0.mp4|0.9999722|(1,3962,0.9999722)
v=2Rr21qkZEDQ__#00-14-10_00-16-09_label_B6-0-0.mp4|0.89608216|(1,2858,0.89608216)
v=J67oj92maC0__#1_label_G-0-0.mp4|0.9999852|(2,4001,0.9999225,673,4673,0.9999852)
v=aQ3qMpgZjwg__#00-00-00_00-01-48_label_B4-0-0.mp4|0.5122363|(1,2593,0.5122363)
Quantum.Of.Solace.2008__#01-30-26_01-30-42_label_B2-B1-0.mp4|0.9981345|(1,384,0.9981345)
Sin.City.2005__#0-22-04_0-22-18_label_B5-0-0.mp4|0.97534376|(1,337,0.97534376)
Fast.Five.2011__#01-29-27_01-32-05_label_B1-0-0.mp4|0.86291546|(1,3793,0.86291546)
Taken.3.2014__#01-09-26_01-09-54_label_G-0-0.mp4|0.99840456|(1,674,0.99840456)
God.Bless.America.2011__#01-32-00_01-32-50_label_B2-0-0.mp4|0.37205052|(1,1201,0.37205052)
v=afhttnv46Y4__#1_label_B1-0-0.mp4|0.98126775|(1,2500,0.98126775)
v=EOAfl8yMiN8__#00-00-00_00-00-51_label_B6-0-0.mp4|0.9966176|(1,1226,0.9966176)
Black.Hawk.Down.2001__#01-32-40_01-34-00_label_B4-0-0.mp4|0.99921334|(1,1921,0.99921334)
v=35zynOrkvMk__#1_label_G-0-0.mp4|0.6708735|(1,365,0.6708735)
Mission.Impossible.II.2000__#01-18-55_01-20-53_label_B2-0-0.mp4|0.07205918|(1,2833,0.07205918)
Young.And.Dangerous.IV.1997__#01-07-50_01-09-45_label_B1-0-0.mp4|0.99989724|(1,2761,0.99989724)
v=vaSOMEIe1Bg__#1_label_G-0-0.mp4|0.99097365|(1,1385,0.99097365)
Sin.City.2005__#0-32-00_0-32-16_label_B2-0-0.mp4|0.8050452|(1,384,0.8050452)
Kill.Bill.Vol.1.2003__#01-21-39_01-26-55_label_B1-0-0.mp4|0.7853265|(2,4001,0.7853265,3585,7585,0.06743611)
Mission.Impossible.II.2000__#01-29-30_01-29-44_label_B1-0-0.mp4|0.9999471|(1,337,0.9999471)
v=38GQ9L2meyE__#1_label_B6-0-0.mp4|0.98449534|(2,4001,0.97295254,650,4650,0.98449534)
v=HSisjzLESak__#00-07-40_00-08-50_label_B6-0-0.mp4|0.9998592|(1,1682,0.9998592)
Spectre.2015__#01-10-35_01-10-53_label_B2-0-0.mp4|0.996747|(1,433,0.996747)
Ip.Man.2008__#00-48-57_00-50-47_label_B1-0-0.mp4|0.5249246|(1,2641,0.5249246)
Yellow.Sea.2010__#01-58-30_01-59-27_label_B5-0-0.mp4|0.9988611|(1,1369,0.9988611)
City.of.God.2002__#00-37-20_00-38-02_label_B5-0-0.mp4|3.2262622e-05|(1,1009,3.2262622e-05)
v=BFPkt0AuSFA__#1_label_B4-0-0.mp4|0.9964496|(1,3380,0.9964496)
Haywire.2011__#00-39-07_00-41-48_label_B1-B2-0.mp4|0.024868974|(1,3865,0.024868974)
v=Z12t5h2mBJc__#1_label_B1-0-0.mp4|0.116737954|(2,4001,0.09585133,1047,5047,0.116737954)
Taken.2.UNRATED.EXTENDED.2012__#00-13-42_00-14-16_label_B5-0-0.mp4|0.996356|(1,818,0.996356)
v=fhiAyxpDQMU__#1_label_B4-0-0.mp4|0.01686859|(1,3985,0.01686859)
Jason.Bourne.2016__#0-17-25_0-18-53_label_B4-0-0.mp4|0.99975735|(1,2112,0.99975735)
Ip.Man.3.2015__#00-17-51_00-18-51_label_B1-0-0.mp4|0.2457108|(1,1440,0.2457108)
Death.Proof.2007__#00-45-05_00-47-36_label_B5-0-0.mp4|0.021239161|(1,3625,0.021239161)
v=nLAapCIlr-o__#00-08-35_00-10-25_label_B6-0-0.mp4|0.93211323|(1,2642,0.93211323)
v=CUr-Mg8Hmh0__#1_label_G-0-0.mp4|0.84021205|(2,4001,0.5979595,1043,5043,0.84021205)
The.Bourne.Legacy.2012__#0-39-56_0-40-15_label_G-0-0.mp4|0.9973463|(1,457,0.9973463)
v=0qtIjyt-7wg__#00-04-00_00-05-15_label_B6-0-0.mp4|0.06932743|(1,1802,0.06932743)
v=DtxU8UYiFws__#1_label_G-0-0.mp4|0.9464153|(1,1450,0.9464153)
v=f6j3YWgVBto__#00-06-16_00-06-51_label_B6-0-0.mp4|0.710496|(1,840,0.710496)
Black.Hawk.Down.2001__#02-00-12_02-01-29_label_B2-0-0.mp4|0.98129386|(1,1850,0.98129386)
v=X1arMZmYhsk__#00-13-00_00-14-09_label_B6-0-0.mp4|0.9999919|(1,1658,0.9999919)
Saving.Private.Ryan.1998__#02-25-42_02-26-03_label_B2-0-0.mp4|0.8012195|(1,505,0.8012195)
v=LJ0Pu5_Mefs__#1_label_G-0-0.mp4|0.9999968|(1,984,0.9999968)
The.Hurt.Locker.2008__#01-02-10_01-03-55_label_B2-0-0.mp4|0.9423294|(1,2521,0.9423294)
v=rXWOpZ7W2fA__#1_label_B1-0-0.mp4|0.96936977|(1,2796,0.96936977)
Casino.Royale.2006__#00-51-16_00-52-41_label_B1-B6-0.mp4|0.9960783|(1,2041,0.9960783)
Brick.Mansions.2014__#00-11-57_00-12-12_label_B2-0-0.mp4|0.99919254|(1,360,0.99919254)
The.Bourne.Identity.2002__#01-27-39_01-29-19_label_B2-0-0.mp4|0.99699116|(1,2400,0.99699116)
v=xe4ee56aHSg__#1_label_G-0-0.mp4|0.9994217|(1,532,0.9994217)
Desperado.1995__#00-16-48_00-18-52_label_B1-0-0.mp4|0.9738225|(1,2977,0.9738225)
v=6TR2rcgHm4g__#1_label_B4-0-0.mp4|0.9910842|(1,1621,0.9910842)
v=w2NgAYJHnS0__#1_label_G-0-0.mp4|0.9618879|(1,1011,0.9618879)
Sin.City.2005__#01-19-08_01-19-23_label_G-0-0.mp4|0.99886715|(1,361,0.99886715)
Braveheart.1995__#02-05-34_02-06-40_label_B1-0-0.mp4|0.9995421|(1,1585,0.9995421)
v=uBXprlsmd18__#00-06-10_00-07-19_label_B6-0-0.mp4|0.9998716|(1,1658,0.9998716)
Fast.Five.2011__#00-32-56_00-33-26_label_B2-0-0.mp4|0.9795527|(1,721,0.9795527)
v=YhCSFZNwfHc__#00-01-15_00-01-42_label_G-B2-0.mp4|0.97212404|(1,648,0.97212404)
Bullet.in.the.Head.1990__#02-02-00_02-05-22_label_B2-B6-G.mp4|0.882629|(2,4001,0.8769675,849,4849,0.882629)
v=7isLhaNYgkU__#1_label_B4-0-0.mp4|0.9982186|(2,4001,0.9982186,1706,5706,0.7137304)
City.Of.Men.2007__#00-51-50_00-53-31_label_B2-0-0.mp4|0.9995486|(1,2425,0.9995486)
wangted.2008__#0-22-55_0-23-40_label_B2-0-0.mp4|0.005003669|(1,1081,0.005003669)
v=CLFYvG6MsZU__#00-02-16_00-05-06_label_B2-0-0.mp4|0.09768421|(2,4001,0.02516616,83,4083,0.09768421)
Bad.Boys.1995__#01-11-55_01-12-40_label_G-B2-B6.mp4|0.9999325|(1,1081,0.9999325)
GoldenEye.1995__#01-17-05_01-19-57_label_B2-B1-0.mp4|0.56717455|(2,4001,0.5100396,129,4129,0.56717455)
Kill.Bill.Vol.2.2004__#0-25-20_0-26-20_label_B2-0-0.mp4|0.005637146|(1,1441,0.005637146)
v=wVey5JDRf_g__#00-04-09_00-05-06_label_B6-0-0.mp4|0.99824655|(1,1371,0.99824655)
v=tv0rI-5ycBU__#1_label_B4-0-0.mp4|0.9829064|(1,3249,0.9829064)
Yellow.Sea.2010__#01-05-40_01-06-47_label_B1-B2-0.mp4|0.99889225|(1,1609,0.99889225)
v=YdrISbwy_zI__#1_label_G-0-0.mp4|0.99997354|(1,1723,0.99997354)
v=pL2HjXvWuPc__#1_label_B1-0-0.mp4|0.014293511|(2,4001,0.00029850836,836,4836,0.014293511)
v=7xQr5wYwNPg__#1_label_B4-0-0.mp4|0.0035874797|(1,1121,0.0035874797)
v=vv-MFJPi4Qs__#1_label_G-0-0.mp4|0.99911934|(1,1004,0.99911934)
Mission.Impossible.III.2006__#01-06-52_01-07-15_label_G-0-0.mp4|0.99999833|(1,553,0.99999833)
Mission.Impossible.V.Rogue.Nation.2015__#01-15-52_01-16-48_label_B6-B2-0.mp4|0.99609286|(1,1344,0.99609286)
Spectre.2015__#01-08-58_01-09-20_label_B1-B2-0.mp4|0.9885184|(1,529,0.9885184)
v=OB0-MXNPUIU__#1_label_B4-0-0.mp4|0.4338526|(2,4001,0.4338526,21,4021,0.34123448)
Kill.Bill.Vol.1.2003__#01-26-56_01-28-18_label_B1-0-0.mp4|0.4268493|(1,1969,0.4268493)
v=wPkBaI6vOv0__#00-00-00_00-01-00_label_G-0-0.mp4|0.88845754|(1,1442,0.88845754)
v=0qtIjyt-7wg__#00-00-00_00-00-51_label_B6-0-0.mp4|0.9978726|(1,1226,0.9978726)
v=S-7rRLrxnVQ__#1_label_B4-0-0.mp4|0.9891945|(1,3273,0.9891945)
Ip.Man.2008__#00-46-51_00-47-30_label_B1-0-0.mp4|0.99955076|(1,937,0.99955076)
City.of.God.2002__#01-52-20_01-54-32_label_B2-0-0.mp4|0.9970584|(1,3169,0.9970584)
v=vhACO_m5pH0__#00-09-42_00-10-40_label_B6-0-0.mp4|0.93867964|(1,1394,0.93867964)
Mission.Impossible.II.2000__#01-25-08_01-25-31_label_B2-0-0.mp4|0.998782|(1,553,0.998782)
Taken.2.UNRATED.EXTENDED.2012__#01-18-40_01-19-00_label_B1-0-0.mp4|0.999972|(1,481,0.999972)
v=bfOlheR5nUQ__#00-00-00_00-04-33_label_B4-0-0.mp4|0.7399088|(2,4001,0.09296231,2554,6554,0.7399088)
The.Fast.and.the.Furious.2001__#01-14-04_01-15-20_label_B1-0-0.mp4|0.9975114|(1,1825,0.9975114)
v=zoIn2hOrUIM__#00-06-10_00-07-19_label_B6-0-0.mp4|0.9999989|(1,1658,0.9999989)
Ip.Man.3.2015__#00-46-08_00-54-20_label_B1-0-0.mp4|0.5614344|(3,4001,0.00013814642,4000,8001,0.042421434,7808,11808,0.5614344)
v=D1eP4Bn4hDQ__#00-09-20_00-10-45_label_B6-0-0.mp4|0.9882359|(1,2040,0.9882359)
v=ADQNFs9bfFk__#00-00-00_00-00-58_label_B4-0-0.mp4|0.25046894|(1,1394,0.25046894)
Young.And.Dangerous.I.1996__#0-46-25_0-46-55_label_B6-0-0.mp4|0.9994992|(1,722,0.9994992)
v=NnmqkS1e88s__#1_label_B4-0-0.mp4|0.15199117|(1,1752,0.15199117)
v=hxyhulJYz5I__#00-06-09_00-07-00_label_B6-0-0.mp4|0.9943674|(1,1226,0.9943674)
v=Rc9EOFjtj0c__#1_label_B6-0-0.mp4|0.88718224|(1,3365,0.88718224)
Rush.Hour.3.2007.BluRay__#00-04-59_00-05-31_label_B2-0-0.mp4|0.7748387|(1,769,0.7748387)
v=WiS3TIvykeY__#1_label_B4-0-0.mp4|0.06453248|(1,1562,0.06453248)
Taken.3.2014__#01-04-50_01-05-05_label_B1-0-0.mp4|0.9994887|(1,361,0.9994887)
Young.And.Dangerous.III.1996__#00-23-00_00-25-54_label_B4-0-0.mp4|0.11520577|(2,4001,0.08118521,178,4178,0.11520577)
v=78u9uBJBqIw__#1_label_B4-B5-0.mp4|0.0018327204|(1,3486,0.0018327204)
v=FRj2K0ulD8Q__#00-06-05_00-08-25_label_B4-0-0.mp4|0.9987382|(1,3339,0.9987382)
The.Hurt.Locker.2008__#0-08-45_0-09-57_label_G-0-0.mp4|0.9998535|(1,1729,0.9998535)
Bad.Boys.II.2003__#00-06-42_00-10-00_label_B2-G-0.mp4|0.988492|(2,4001,0.988492,753,4753,0.98591566)
v=EOAfl8yMiN8__#00-03-00_00-04-09_label_B6-0-0.mp4|0.9995702|(1,1658,0.9995702)
v=v_LxqgpRouM__#1_label_G-0-0.mp4|0.9988343|(1,889,0.9988343)
The.Bourne.Legacy.2012__#0-59-18_01-01-52_label_B2-B1-0.mp4|0.9926928|(1,3697,0.9926928)
v=p7kvQ4OpDgU__#1_label_B4-0-0.mp4|0.999833|(1,1889,0.999833)
v=sE-DC2trBkI__#00-09-00_00-10-05_label_B6-0-0.mp4|0.99634546|(1,1563,0.99634546)
v=vhACO_m5pH0__#00-17-42_00-18-40_label_B6-0-0.mp4|0.9849995|(1,1394,0.9849995)
wangted.2008__#0-45-25_0-47-01_label_B1-0-0.mp4|0.842982|(1,2305,0.842982)
v=AF9p0YA0hyA__#00-00-45_00-01-44_label_B4-0-0.mp4|0.033179075|(1,1418,0.033179075)
Tropa.de.Elite.2.2010__#00-42-00_00-43-00_label_B2-0-0.mp4|0.97051907|(1,1441,0.97051907)
v=DRGMajXo_PI__#00-02-15_00-03-02_label_G-0-0.mp4|0.99894387|(1,1130,0.99894387)
New.Kids.Turbo.2010__#00-22-35_00-23-14_label_B1-0-0.mp4|0.21085763|(1,936,0.21085763)
v=uBXprlsmd18__#00-03-00_00-04-09_label_B6-0-0.mp4|0.99341077|(1,1658,0.99341077)
Mission.Impossible.Ghost.Protocol.2011__#01-56-52_01-57-03_label_B1-0-0.mp4|0.94240874|(1,264,0.94240874)
v=pFamvR9CpYw__#00-06-36_00-15-20_label_B4-0-0.mp4|0.99206185|(4,4001,0.89626086,4000,8001,0.3326686,8000,12001,0.99206185,8579,12579,0.8430028)
v=tivXK3PGByk__#1_label_B1-0-0.mp4|0.026343498|(1,3690,0.026343498)
v=nLAapCIlr-o__#00-11-00_00-12-45_label_B6-0-0.mp4|0.9978744|(1,2522,0.9978744)
Mission.Impossible.II.2000__#01-32-56_01-33-25_label_B1-0-0.mp4|0.99996436|(1,697,0.99996436)
Mission.Impossible.Ghost.Protocol.2011__#00-01-18_00-01-40_label_B2-0-0.mp4|0.9999728|(1,529,0.9999728)
v=FfrXebzAwOg__#00-06-10_00-07-19_label_B6-0-0.mp4|0.8586684|(1,1658,0.8586684)
Mission.Impossible.Fallout.2018__#00-39-18_00-40-36_label_B1-0-0.mp4|0.90525997|(1,1873,0.90525997)
v=Q9Re4CnFJRg__#00-01-21_00-01-47_label_G-0-0.mp4|0.86038655|(1,624,0.86038655)
v=sE-DC2trBkI__#00-03-00_00-04-09_label_B6-0-0.mp4|0.9319943|(1,1658,0.9319943)
v=utQ5AvXtNLA__#1_label_B4-0-0.mp4|0.9991855|(1,1076,0.9991855)
v=waIS8TaJxts__#00-05-50_00-06-20_label_B6-0-0.mp4|0.99842405|(1,723,0.99842405)
Fast.Furious.2009__#00-25-59_00-26-25_label_B1-0-0.mp4|0.92042196|(1,625,0.92042196)
Love.Death.and.Robots.S01E15__#0-05-38_0-06-18_label_G-0-0.mp4|0.99886465|(1,960,0.99886465)
The.Fast.and.the.Furious.2001__#01-37-40_01-38-30_label_B6-0-0.mp4|0.98156965|(1,1201,0.98156965)
v=BpargJW29Wo__#00-00-50_00-01-30_label_B1-0-0.mp4|0.24185538|(1,962,0.24185538)
Operation.Red.Sea.2018__#01-20-58_01-22-00_label_B5-0-0.mp4|0.2588251|(1,1488,0.2588251)
v=O9g1uuI62m0__#1_label_B4-0-0.mp4|0.6233488|(2,4001,0.6233488,545,4545,0.46766886)
v=U6MC8JJJZSY__#1_label_G-0-0.mp4|0.9838591|(1,1045,0.9838591)
Mission.Impossible.III.2006__#01-54-02_01-54-40_label_B2-0-0.mp4|0.995174|(1,913,0.995174)
v=qmsQ-obL1Z4__#00-03-26_00-04-04_label_B6-0-0.mp4|0.9989348|(1,912,0.9989348)
v=Ia9ATKNeUbY__#00-01-52_00-03-10_label_B6-0-0.mp4|0.9995902|(1,1874,0.9995902)
v=_tsSKAsVZfo__#1_label_B4-0-0.mp4|0.0350254|(1,2534,0.0350254)
v=iHuggczItBk__#00-04-00_00-04-55_label_B6-0-0.mp4|0.95310533|(1,1322,0.95310533)
v=sbEHU4GskX4__#1_label_B1-0-0.mp4|0.6907726|(1,2832,0.6907726)
IP.Man.2.2010__#00-07-14_00-09-13_label_B1-0-0.mp4|0.037881248|(1,2856,0.037881248)
Young.And.Dangerous.I.1996__#0-20-50_0-22-15_label_B1-0-0.mp4|0.012836396|(1,2041,0.012836396)
v=X4I8FhpGJwo__#00-07-40_00-08-50_label_B6-0-0.mp4|0.99971384|(1,1682,0.99971384)
v=qyTGi0N4OVg__#1_label_G-0-0.mp4|0.9952011|(1,1248,0.9952011)
v=vhACO_m5pH0__#00-10-42_00-11-40_label_B6-0-0.mp4|0.9920123|(1,1394,0.9920123)
Tropa.de.Elite.2.2010__#00-46-11_00-46-50_label_B2-0-0.mp4|0.93004274|(1,937,0.93004274)
v=5Ftl4nOSytc__#1_label_G-0-0.mp4|0.9999151|(1,2282,0.9999151)
GoldenEye.1995__#02-02-15_02-02-47_label_B1-0-0.mp4|0.9999298|(1,770,0.9999298)
Casino.Royale.2006__#00-18-30_00-19-20_label_G-B2-0.mp4|0.6167117|(1,1201,0.6167117)
Braveheart.1995__#00-56-30_00-57-20_label_B1-0-0.mp4|0.44475022|(1,1200,0.44475022)
v=0W8LohxH9nI__#1_label_B1-0-0.mp4|0.16504315|(1,1413,0.16504315)
Operation.Red.Sea.2018__#0-02-17_0-02-37_label_B2-0-0.mp4|0.9822249|(1,480,0.9822249)
v=pHZ9gOfmY_k__#1_label_B4-0-0.mp4|0.59498924|(2,4001,0.59498924,1179,5179,0.50303054)
v=waIS8TaJxts__#00-00-00_00-00-51_label_B6-0-0.mp4|0.99917126|(1,1226,0.99917126)
v=6KQFxxHmVMc__#1_label_B1-0-0.mp4|0.3976894|(1,3654,0.3976894)
Skyfall.2012__#00-03-22_00-03-40_label_B6-0-0.mp4|0.91315985|(1,433,0.91315985)
Fury.2014__#00-39-36_00-40-44_label_B1-B2-0.mp4|0.8557002|(1,1634,0.8557002)
v=MJLylzPRvyw__#1_label_B4-0-0.mp4|0.9921097|(1,3587,0.9921097)
v=Q8K7roZu3WU__#1_label_B1-0-0.mp4|0.0026612873|(1,1295,0.0026612873)
v=BzwNU2xmT64__#00-01-00_00-02-45_label_B6-0-0.mp4|0.9942503|(1,2522,0.9942503)
v=FW_qbiPH7UA__#1_label_B1-0-0.mp4|0.024405599|(1,3283,0.024405599)
v=TOEVc-pOEwM__#00-08-40_00-10-40_label_B6-0-0.mp4|0.70186496|(1,2883,0.70186496)
v=HUL83wCQATc__#1_label_B1-0-0.mp4|0.99686474|(1,2103,0.99686474)
v=IWzI9V3WSnc__#1_label_B4-0-0.mp4|0.82791305|(1,2689,0.82791305)
v=0N0PbzjEg0U__#1_label_B4-0-0.mp4|0.5188674|(1,1518,0.5188674)
v=TfS-MJoVNjM__#1_label_B4-0-0.mp4|0.32372972|(1,1311,0.32372972)
v=m5zK-tzYCQM__#1_label_B4-0-0.mp4|0.97761416|(1,1755,0.97761416)
v=Y1hxr1MWLjM__#1_label_B1-0-0.mp4|0.3949551|(1,3071,0.3949551)
Love.Death.and.Robots.S01E10__#0-01-00_0-02-13_label_B2-G-0.mp4|0.996795|(1,1752,0.996795)
v=H5W58Loofks__#00-05-50_00-06-20_label_B6-0-0.mp4|0.99995244|(1,723,0.99995244)
v=d5lTTPvJLpw__#1_label_B4-0-0.mp4|0.98439586|(2,4001,0.98439586,2277,6277,0.535471)
Crank.Dircut.2006__#0-27-42_0-29-01_label_B1-0-0.mp4|0.96091914|(1,1898,0.96091914)
Mission.Impossible.V.Rogue.Nation.2015__#00-14-40_00-17-12_label_B1-0-0.mp4|0.960997|(1,3649,0.960997)
Kingsman.The.Golden.Circle.2017__#00-41-22_00-41-32_label_B2-0-0.mp4|0.8813766|(1,241,0.8813766)
v=Ia9ATKNeUbY__#00-06-19_00-06-50_label_B6-0-0.mp4|0.99997175|(1,746,0.99997175)
Gladiator.2000__#01-10-27_01-11-59_label_B1-0-0.mp4|0.61008227|(1,2208,0.61008227)
City.Of.Men.2007__#01-35-30_01-36-00_label_B2-0-0.mp4|0.99948126|(1,721,0.99948126)
v=ovQ1VTJ_IUI__#1_label_B1-0-0.mp4|0.91428703|(1,1688,0.91428703)
The.Fast.and.the.Furious.2001__#01-24-18_01-25-05_label_B6-0-0.mp4|0.9989674|(1,1128,0.9989674)
City.Of.Men.2007__#01-17-27_01-17-59_label_B2-0-0.mp4|0.9723684|(1,769,0.9723684)
Brick.Mansions.2014__#00-41-25_00-42-36_label_B1-0-0.mp4|0.95672315|(1,1704,0.95672315)
Mission.Impossible.II.2000__#01-46-20_01-47-11_label_B2-B6-0.mp4|0.99999154|(1,1225,0.99999154)
Taken.2.UNRATED.EXTENDED.2012__#01-18-25_01-18-40_label_B2-0-0.mp4|0.9999968|(1,361,0.9999968)
Rush.Hour.1998.BluRay__#01-20-28_01-21-38_label_B2-0-0.mp4|0.5209717|(1,1682,0.5209717)
v=kPWdgckIhLI__#1_label_B4-0-0.mp4|0.99988174|(1,793,0.99988174)
wangted.2008__#0-48-30_0-49-00_label_B2-0-0.mp4|0.93930584|(1,721,0.93930584)
Taken.3.2014__#00-03-58_00-04-16_label_B2-0-0.mp4|0.9985203|(1,433,0.9985203)
Law.Abiding.Citizen.2009__#01-26-34_01-27-25_label_B2-0-0.mp4|0.044822123|(1,1225,0.044822123)
God.Bless.America.2011__#00-12-40_00-13-12_label_B2-0-0.mp4|0.9249158|(1,769,0.9249158)
v=JHsfKFF9Oag__#1_label_A.mp4|0.09829829|(1,2699,0.09829829)
v=fkps18H3SXY__#00-36-00_00-42-00_label_A.mp4|0.013948016|(3,4001,0.009190906,4000,8001,0.013948016,4643,8643,0.0027126416)
Flipped.2010__#00-45-40_00-47-30_label_A.mp4|0.0038180908|(1,2641,0.0038180908)
Tropa.de.Elite.2.2010__#01-33-31_01-34-20_label_A.mp4|0.98307794|(1,1177,0.98307794)
Gladiator.2000__#02-43-00_02-43-59_label_A.mp4|0.05235051|(1,1417,0.05235051)
Mission.Impossible.V.Rogue.Nation.2015__#01-29-39_01-33-39_label_A.mp4|0.034415964|(2,4001,0.034415964,1762,5762,0.004611905)
v=RRiN5W9XwJE__#1_label_A.mp4|0.3505242|(1,2616,0.3505242)
v=-5RWxUUJ7lQ__#1_label_A.mp4|0.14544682|(5,4001,0.113351464,4000,8001,0.14544682,8000,12001,0.005138068,12000,16001,0.0037448064,15123,19123,0.027651679)
v=9eME1y6V-T4__#02-00-00_02-06-00_label_A.mp4|0.9693312|(3,4001,0.22593471,4000,8001,0.9550999,4642,8642,0.9693312)
v=enYITYwvPAQ__#00-27-00_00-30-00_label_A.mp4|0.032473408|(2,4001,0.032473408,321,4321,0.020458624)
Bullet.in.the.Head.1990__#00-51-46_00-52-50_label_A.mp4|0.22697197|(1,1537,0.22697197)
Deadpool.2016__#0-18-35_0-18-55_label_A.mp4|0.08721512|(1,481,0.08721512)
New.Kids.Turbo.2010__#00-41-30_00-42-05_label_A.mp4|0.008321735|(1,840,0.008321735)
v=4jVgDKbu_TI__#1_label_A.mp4|0.0034618964|(5,4001,0.0034618964,4000,8001,0.0010683464,8000,12001,0.0005863154,12000,16001,5.897784e-05,14974,18974,0.0001353862)
Haywire.2011__#00-02-06_00-03-29_label_A.mp4|0.0002574884|(1,1993,0.0002574884)
God.Bless.America.2011__#00-51-00_00-52-00_label_A.mp4|0.63470125|(1,1441,0.63470125)
Kingsman.The.Secret.Service.2014__#00-25-29_00-26-24_label_A.mp4|0.0014422559|(1,1321,0.0014422559)
v=x0-z4h6mFoU__#1_label_A.mp4|0.0012505274|(2,4001,1.2638739e-05,610,4610,0.0012505274)
Love.Me.If.You.Dare.2003__#00-11-20_00-15-08_label_A.mp4|0.5678895|(2,4001,0.5678895,1474,5474,0.45880565)
v=H9Y5_X1sEEA__#00-42-00_00-45-00_label_A.mp4|0.0023088283|(2,4001,0.0023088283,322,4322,0.0004630571)
The.Bourne.Ultimatum.2007__#0-55-55_0-56-10_label_A.mp4|0.9997975|(1,361,0.9997975)
Hot.Fuzz.2007__#00-19-20_00-22-06_label_A.mp4|0.00057011|(1,3986,0.00057011)
The.Intouchables.2011__#00-51-55_00-55-16_label_A.mp4|0.0004044042|(2,4001,0.00021414668,826,4826,0.0004044042)
Tropa.de.Elite.2.2010__#00-05-30_00-06-30_label_A.mp4|0.4310717|(1,1441,0.4310717)
v=yZ2wlTAN49g__#00-03-00_00-06-00_label_A.mp4|0.035583388|(2,4001,0.000575052,322,4322,0.035583388)
v=gGlqujwrhbI__#00-12-00_00-15-00_label_A.mp4|0.0018629603|(2,4001,0.00031278454,322,4322,0.0018629603)
v=LYzmr5ORvCg__#1_label_A.mp4|0.0013236066|(1,3925,0.0013236066)
v=MyM5G7fo7Gg__#00-06-00_00-09-00_label_A.mp4|0.31271788|(2,4001,0.1760474,322,4322,0.31271788)
Before.Sunrise.1995__#01-36-45_01-38-10_label_A.mp4|0.0034993007|(1,2040,0.0034993007)
v=ErOcW_CSOyQ__#1_label_A.mp4|0.13072418|(5,4001,0.13072418,4000,8001,0.056426413,8000,12001,0.039543536,12000,16001,0.004118246,13477,17477,0.007156633)
v=9eME1y6V-T4__#01-06-00_01-12-00_label_A.mp4|0.111433536|(3,4001,0.037717298,4000,8001,0.111433536,4642,8642,0.019437086)
God.Bless.America.2011__#01-23-13_01-25-31_label_A.mp4|0.0046798163|(1,3313,0.0046798163)
v=pCyCi-q4MqY__#1_label_A.mp4|0.96357274|(2,4001,0.65614706,714,4714,0.96357274)
v=Hd_2Y29_FLU__#1_label_A.mp4|0.1585318|(1,3272,0.1585318)
GoldenEye.1995__#01-33-40_01-34-30_label_A.mp4|0.000114504|(1,1201,0.000114504)
v=a0TQkX_zLt0__#1_label_A.mp4|0.43052104|(3,4001,0.43052104,4000,8001,0.00034760038,7764,11764,0.2587108)
Be.with.You.2018__#00-16-18_00-18-09_label_A.mp4|0.061860234|(1,2665,0.061860234)
v=NeAC-MfTZzU__#00-15-00_00-18-00_label_A.mp4|0.00024654364|(2,4001,0.00024654364,322,4322,8.9245026e-05)
About.Time.2013__#00-23-50_00-24-31_label_A.mp4|0.04237439|(1,985,0.04237439)
v=QUlWIIHMIEQ__#1_label_A.mp4|0.9611571|(1,1106,0.9611571)
A.Beautiful.Mind.2001__#01-14-30_01-16-59_label_A.mp4|6.197269e-07|(1,3577,6.197269e-07)
Flipped.2010__#01-07-30_01-09-51_label_A.mp4|0.0061943876|(1,3384,0.0061943876)
v=I7oSupyExVY__#1_label_A.mp4|0.9974214|(2,4001,0.86643267,825,4825,0.9974214)
v=8SC55pYljMM__#1_label_A.mp4|0.12921439|(2,4001,0.008991804,324,4324,0.12921439)
Kingsman.The.Golden.Circle.2017__#00-44-52_00-46-20_label_A.mp4|0.413901|(1,2113,0.413901)
v=vFPQ_NiDBIU__#02-42-00_02-48-00_label_A.mp4|0.00096484|(3,4001,0.00096484,4000,8001,8.53421e-06,4640,8640,4.1002986e-06)
v=lVJVRywgmYM__#1_label_A.mp4|0.3945023|(2,4001,0.22357151,1937,5937,0.3945023)
v=KERh4R2BbS0__#1_label_A.mp4|0.11065811|(6,4001,0.11065811,4000,8001,4.8160753e-05,8000,12001,0.00027873192,12000,16001,0.00030168096,16000,20001,0.018276954,16652,20652,0.051474296)
v=Yr41_8QOTF8__#00-09-00_00-12-00_label_A.mp4|4.0699273e-05|(2,4001,4.0699273e-05,321,4321,1.9910933e-05)
v=rmDBn5Rpd3s__#1_label_A.mp4|0.9405795|(1,707,0.9405795)
v=9eME1y6V-T4__#00-42-00_00-48-00_label_A.mp4|0.93699175|(3,4001,0.41906163,4000,8001,0.36667582,4642,8642,0.93699175)
v=vFPQ_NiDBIU__#01-00-00_01-06-00_label_A.mp4|0.020966316|(3,4001,0.01082049,4000,8001,0.0088395225,4640,8640,0.020966316)
v=GnN9VTh_s2A__#1_label_A.mp4|0.096617304|(1,683,0.096617304)
v=ajnl7P9bf78__#1_label_A.mp4|0.99727803|(1,1624,0.99727803)
Fury.2014__#01-13-32_01-14-43_label_A.mp4|0.050454475|(1,1705,0.050454475)
Desperado.1995__#01-22-10_01-23-17_label_A.mp4|1.4861989e-05|(1,1609,1.4861989e-05)
v=5l-nbDl0qvg__#1_label_A.mp4|0.05800432|(4,4001,0.05800432,4000,8001,0.023807583,8000,12001,0.0027634336,9124,13124,0.003428874)
Before.Sunrise.1995__#00-23-50_00-24-31_label_A.mp4|0.04536217|(1,985,0.04536217)
The.Notebook.2004__#00-20-35_00-23-06_label_A.mp4|0.0009890123|(1,3625,0.0009890123)
v=SdYFFo_tsfk__#00-00-00_00-06-00_label_A.mp4|0.28121164|(3,4001,0.20036076,4000,8001,0.28121164,4642,8642,0.0071910466)
From.Dusk.Till.Dawn.1996__#00-31-52_00-34-21_label_A.mp4|0.053949863|(1,3576,0.053949863)
About.Time.2013__#00-30-50_00-32-31_label_A.mp4|0.65578103|(1,2425,0.65578103)
The.Secret.Life.of.Walter.Mitty.2013__#00-36-52_00-41-00_label_A.mp4|0.0013342053|(2,4001,0.0013342053,1953,5953,0.000311987)
v=plhVMWR33go__#1_label_A.mp4|0.11367725|(3,4001,0.026062585,4000,8001,0.11367725,4047,8047,0.038960893)
v=t_TZYpT6xjY__#1_label_A.mp4|0.0017868986|(2,4001,0.00036316138,741,4741,0.0017868986)
The.Notebook.2004__#00-11-00_00-15-08_label_A.mp4|0.007837595|(2,4001,0.007837595,1954,5954,0.000401236)
v=lyZxvgPD4gM__#1_label_A.mp4|0.33493152|(2,4001,0.1851831,1529,5529,0.33493152)
v=ZpWR_YZNZTM__#1_label_A.mp4|0.39772567|(1,3437,0.39772567)
Taken.2.UNRATED.EXTENDED.2012__#00-17-08_00-17-30_label_A.mp4|0.0806952|(1,529,0.0806952)
Before.Sunrise.1995__#00-42-52_00-45-31_label_A.mp4|5.6517227e-05|(1,3817,5.6517227e-05)
Still.Walking.2008__#01-02-18_01-03-10_label_A.mp4|0.00034038324|(1,1249,0.00034038324)
Love.Me.If.You.Dare.2003__#01-04-40_01-06-59_label_A.mp4|0.00034840906|(1,3338,0.00034840906)
Fast.Furious.6.2013__#01-37-00_01-38-05_label_A.mp4|0.0013162631|(1,1561,0.0013162631)
v=H9Y5_X1sEEA__#00-03-00_00-06-00_label_A.mp4|0.091080084|(2,4001,0.079149045,322,4322,0.091080084)
Deadpool.2.2018__#0-02-35_0-03-12_label_A.mp4|0.9139347|(1,890,0.9139347)
v=fkps18H3SXY__#00-54-00_01-00-00_label_A.mp4|0.32622692|(3,4001,0.32622692,4000,8001,0.14630215,4642,8642,0.07750661)
v=vFPQ_NiDBIU__#01-48-00_01-54-00_label_A.mp4|0.00035928268|(3,4001,6.067204e-06,4000,8001,0.00035928268,4640,8640,0.00018395306)
v=jAvOGTD7_pU__#00-12-00_00-15-00_label_A.mp4|0.0034104525|(2,4001,0.0034104525,322,4322,0.0014716681)
Be.with.You.2018__#00-23-50_00-24-31_label_A.mp4|0.0046498016|(1,985,0.0046498016)
Before.Sunset.2004__#01-14-30_01-16-51_label_A.mp4|0.00078400935|(1,3385,0.00078400935)
Before.Sunrise.1995__#00-04-20_00-05-35_label_A.mp4|0.43880403|(1,1801,0.43880403)
v=7smETZfN0XA__#1_label_A.mp4|0.7231399|(1,3020,0.7231399)
v=9eME1y6V-T4__#01-00-00_01-06-00_label_A.mp4|0.21401864|(3,4001,0.10418822,4000,8001,0.112322435,4642,8642,0.21401864)
Skyfall.2012__#02-14-50_02-16-25_label_A.mp4|0.06944759|(1,2281,0.06944759)
The.Bourne.Identity.2002__#01-09-16_01-11-16_label_A.mp4|0.004470907|(1,2882,0.004470907)
Be.with.You.2018__#01-14-30_01-16-59_label_A.mp4|9.826503e-05|(1,3577,9.826503e-05)
v=6cvZOGzfqWU__#1_label_A.mp4|0.9308794|(2,4001,0.18750799,1594,5594,0.9308794)
v=Yr41_8QOTF8__#00-21-00_00-24-00_label_A.mp4|0.00032590402|(2,4001,0.00032590402,321,4321,0.00024037689)
v=qV4YYnXdQCc__#00-03-00_00-06-00_label_A.mp4|0.0010661291|(2,4001,0.00017931104,322,4322,0.0010661291)
Spectre.2015__#01-17-22_01-18-53_label_A.mp4|0.0015666151|(1,2184,0.0015666151)
v=JzrpCC7XmyE__#00-06-00_00-12-00_label_A.mp4|0.025436563|(3,4001,0.00043380493,4000,8001,0.025436563,4642,8642,0.012121552)
v=g4FnGZ5MAdo__#1_label_A.mp4|0.95782256|(2,4001,0.95782256,958,4958,0.94748205)
The.Pursuit.of.Happyness.2006__#00-30-50_00-32-31_label_A.mp4|0.33945274|(1,2425,0.33945274)
v=rJgg00ic1G8__#1_label_A.mp4|0.23009811|(2,4001,0.02895491,1651,5651,0.23009811)
v=qhUItxoTrmg__#1_label_A.mp4|0.0738464|(2,4001,0.0014642843,571,4571,0.0738464)
v=1202rYvw7go__#1_label_A.mp4|0.055581305|(1,3951,0.055581305)
Be.with.You.2018__#00-04-20_00-05-35_label_A.mp4|0.36154088|(1,1801,0.36154088)
The.Hurt.Locker.2008__#0-29-25_0-30-15_label_A.mp4|0.12838432|(1,1200,0.12838432)
wangted.2008__#0-27-17_0-28-07_label_A.mp4|0.9737344|(1,1200,0.9737344)
Mission.Impossible.II.2000__#00-24-30_00-30-10_label_A.mp4|0.11031823|(3,4001,0.007497864,4000,8001,0.052320488,4160,8160,0.11031823)
v=H9Y5_X1sEEA__#00-36-00_00-39-00_label_A.mp4|0.0042633633|(2,4001,0.0042633633,323,4323,0.0026958073)
v=q2SP66Jb6Cw__#00-00-00_00-06-00_label_A.mp4|0.5985134|(3,4001,0.4848218,4000,8001,0.5715121,4642,8642,0.5985134)
Love.Death.and.Robots.S01E02__#00-03-15_00-04-20_label_A.mp4|0.49143094|(1,1560,0.49143094)
v=Q8b0XbtpFsA__#1_label_A.mp4|0.1848016|(2,4001,0.17708677,633,4633,0.1848016)
v=3ZVcLOjwOMk__#1_label_A.mp4|0.73457825|(1,1885,0.73457825)
Still.Walking.2008__#00-16-18_00-17-27_label_A.mp4|0.0018214353|(1,1657,0.0018214353)
v=f6j3YWgVBto__#00-01-50_00-02-30_label_A.mp4|0.683733|(1,960,0.683733)
Casino.Royale.2006__#00-28-10_00-30-10_label_A.mp4|0.0012030791|(1,2881,0.0012030791)
God.Bless.America.2011__#00-58-09_01-04-00_label_A.mp4|0.0011002854|(3,4001,0.0008085481,4000,8001,0.00058469287,4425,8425,0.0011002854)
v=gxrLosPS27c__#1_label_A.mp4|0.100257695|(1,2219,0.100257695)
v=vFPQ_NiDBIU__#00-42-00_00-48-00_label_A.mp4|0.16145203|(3,4001,0.006268013,4000,8001,0.07058135,4640,8640,0.16145203)
v=L2Qs4KyW-Co__#1_label_A.mp4|0.010435544|(2,4001,0.010435544,426,4426,0.005138134)
Flipped.2010__#00-42-52_00-45-31_label_A.mp4|0.00043672847|(1,3817,0.00043672847)
Still.Walking.2008__#00-51-55_00-55-16_label_A.mp4|0.009074145|(2,4001,0.0028944348,826,4826,0.009074145)
v=DdIA1Owbcdc__#1_label_A.mp4|0.019746039|(1,1064,0.019746039)
v=KEh6EOQvQO0__#1_label_A.mp4|0.044914804|(1,3183,0.044914804)
The.Secret.Life.of.Walter.Mitty.2013__#01-01-20_01-04-00_label_A.mp4|0.050519984|(1,3841,0.050519984)
Young.And.Dangerous.III.1996__#00-15-52_00-17-00_label_A.mp4|0.001280779|(1,1634,0.001280779)
Ip.Man.2008__#00-40-25_00-40-45_label_A.mp4|0.00065539737|(1,481,0.00065539737)
Kill.Bill.Vol.1.2003__#01-08-15_01-09-15_label_A.mp4|0.9384984|(1,1441,0.9384984)
v=Wc2QW06H48M__#1_label_A.mp4|0.59736365|(1,1554,0.59736365)
v=JzrpCC7XmyE__#01-06-00_01-12-00_label_A.mp4|0.006160978|(3,4001,0.0004429053,4000,8001,0.0039409664,4642,8642,0.006160978)
Kingsman.The.Golden.Circle.2017__#02-09-30_02-10-45_label_A.mp4|0.09187583|(1,1801,0.09187583)
Spectre.2015__#00-16-41_00-18-55_label_A.mp4|9.137186e-08|(1,3216,9.137186e-08)
v=0LEefpIPBHA__#1_label_A.mp4|0.9992791|(1,1142,0.9992791)
Bad.Boys.II.2003__#01-11-16_01-14-00_label_A.mp4|7.077176e-05|(1,3937,7.077176e-05)
v=tlFJIG9mTGQ__#00-15-00_00-18-36_label_A.mp4|0.0007185449|(2,4001,0.0004609564,1187,5187,0.0007185449)
The.Hurt.Locker.2008__#0-45-39_0-47-06_label_A.mp4|0.046463355|(1,2089,0.046463355)
v=GrHfWKeTDEI__#1_label_A.mp4|3.0748886e-06|(2,4001,7.615309e-08,1066,5066,3.0748886e-06)
Salt.2010__#00-13-45_00-16-10_label_A.mp4|0.00073832547|(1,3481,0.00073832547)
v=cvEJ5WFk2KE__#00-06-00_00-09-00_label_A.mp4|0.00096917007|(2,4001,0.00096917007,321,4321,0.00064015464)
v=tI7fktKY6OU__#1_label_A.mp4|0.7466903|(4,4001,0.7466903,4000,8001,0.017506128,8000,12001,0.20107937,10916,14916,0.104160786)
v=NbNFfnVSIn8__#1_label_A.mp4|0.010583489|(2,4001,0.010583489,592,4592,0.0002800558)
v=2JJ9d97sd64__#1_label_A.mp4|0.2552733|(1,3140,0.2552733)
v=S1meRf5BsEw__#1_label_A.mp4|0.14649984|(2,4001,0.0848386,104,4104,0.14649984)
The.Secret.Life.of.Walter.Mitty.2013__#00-08-55_00-10-50_label_A.mp4|0.0018432891|(1,2762,0.0018432891)
v=0vVOXlgHC1U__#00-48-00_00-54-00_label_A.mp4|0.97875804|(3,4001,0.97875804,4000,8001,0.93850404,4642,8642,0.92680514)
v=tlFJIG9mTGQ__#00-12-00_00-15-00_label_A.mp4|5.0260875e-05|(2,4001,3.0501387e-05,322,4322,5.0260875e-05)
Operation.Red.Sea.2018__#0-45-54_0-46-33_label_A.mp4|0.10201692|(1,936,0.10201692)
Fast.Five.2011__#01-59-16_02-01-12_label_A.mp4|0.005211882|(1,2785,0.005211882)
Yellow.Sea.2010__#00-10-16_00-11-14_label_A.mp4|0.9385442|(1,1393,0.9385442)
v=vHnAmx0UYbM__#1_label_A.mp4|0.22128491|(6,4001,0.06340457,4000,8001,0.005086114,8000,12001,0.0029831012,12000,16001,0.003753882,16000,20001,0.16888577,16045,20045,0.22128491)
Shoot.Em.Up.2007__#00-25-50_00-27-10_label_A.mp4|0.45366058|(1,1921,0.45366058)
Bad.Boys.1995__#00-10-00_00-11-52_label_A.mp4|0.0279812|(1,2689,0.0279812)
Love.Actually.2003__#01-39-05_01-46-40_label_A.mp4|0.07937617|(3,4001,6.9646007e-06,4000,8001,0.07937617,6921,10921,0.0004427552)
Bullet.in.the.Head.1990__#01-58-25_01-59-30_label_A.mp4|0.35916898|(1,1561,0.35916898)
v=W5qLlC9il3s__#1_label_A.mp4|0.0040077306|(1,1385,0.0040077306)
The.Notebook.2004__#01-30-25_01-33-56_label_A.mp4|2.2359804e-05|(2,4001,3.3042857e-06,1065,5065,2.2359804e-05)
About.Time.2013__#00-40-52_00-42-31_label_A.mp4|0.00046655512|(1,2377,0.00046655512)
Law.Abiding.Citizen.2009__#00-00-35_00-01-31_label_A.mp4|0.018002523|(1,1345,0.018002523)
v=HTEyaXBPf9U__#1_label_A.mp4|0.002074249|(2,4001,0.002074249,1120,5120,0.0013440747)
The.Notebook.2004__#00-25-20_00-29-20_label_A.mp4|0.0002417186|(2,4001,0.0002417186,1761,5761,3.6024503e-06)
v=AqFWYZsOgWY__#00-21-00_00-24-00_label_A.mp4|0.038371455|(2,4001,0.038371455,322,4322,0.036555745)
The.Bourne.Identity.2002__#0-29-16_0-32-00_label_A.mp4|6.9067944e-05|(1,3937,6.9067944e-05)
v=9eME1y6V-T4__#01-18-00_01-24-00_label_A.mp4|0.8178113|(3,4001,0.12703641,4000,8001,0.8178113,4642,8642,0.6091085)
IP.Man.2.2010__#00-02-50_00-06-45_label_A.mp4|0.005687711|(2,4001,0.0054831267,1640,5640,0.005687711)
Rush.Hour.3.2007.BluRay__#01-00-40_01-04-00_label_A.mp4|1.5920139e-05|(2,4001,1.2454429e-05,801,4801,1.5920139e-05)
v=_Hn2Xlt-IWU__#1_label_A.mp4|6.3968924e-05|(1,3943,6.3968924e-05)
v=uyvM-vq5DwA__#1_label_A.mp4|0.022332417|(2,4001,0.004962952,788,4788,0.022332417)
Love.Death.and.Robots.S01E04__#00-14-28_00-15-27_label_A.mp4|0.912192|(1,1416,0.912192)
v=hdy5kZ5dwj8__#1_label_A.mp4|0.012113184|(2,4001,0.012113184,674,4674,0.0012707786)
Love.Actually.2003__#01-17-00_01-19-40_label_A.mp4|0.023567507|(1,3842,0.023567507)
v=fkps18H3SXY__#00-00-00_00-06-00_label_A.mp4|0.6207548|(3,4001,0.04565196,4000,8001,0.61978674,4642,8642,0.6207548)
v=3MUqt3OkxIo__#1_label_A.mp4|0.7800869|(1,2500,0.7800869)
v=p2ggHwtb-Zg__#00-24-00_00-27-00_label_A.mp4|0.033444803|(2,4001,0.033444803,322,4322,0.020101286)
v=eAgqJnO3kr8__#00-06-00_00-12-00_label_A.mp4|0.52108663|(3,4001,0.0037231836,4000,8001,0.52108663,4642,8642,0.0731254)
v=vQ9AwVrM9pU__#1_label_A.mp4|0.63691497|(1,3138,0.63691497)
v=Wp6gzFUaci8__#1_label_A.mp4|0.0005909258|(1,2780,0.0005909258)
Brick.Mansions.2014__#00-08-37_00-10-04_label_A.mp4|0.12659988|(1,2088,0.12659988)
v=VRn8Tc02TbU__#00-18-00_00-21-00_label_A.mp4|0.011701257|(2,4001,0.0022076482,322,4322,0.011701257)
Young.And.Dangerous.IV.1997__#0-10-35_0-11-50_label_A.mp4|0.011922243|(1,1801,0.011922243)
Sin.City.2005__#01-43-21_01-44-21_label_A.mp4|0.00022412236|(1,1441,0.00022412236)
Salt.2010__#01-16-00_01-16-50_label_A.mp4|0.92823845|(1,1201,0.92823845)
v=X60PecZRLGE__#1_label_A.mp4|0.0042493176|(1,2644,0.0042493176)
v=p2ggHwtb-Zg__#00-21-00_00-24-00_label_A.mp4|0.018116016|(2,4001,0.015979795,323,4323,0.018116016)
v=QBfO3qfo7zg__#1_label_A.mp4|0.14951947|(2,4001,0.06251514,661,4661,0.14951947)
Kill.Bill.Vol.1.2003__#00-21-42_00-22-42_label_A.mp4|0.11450533|(1,1441,0.11450533)
GoldenEye.1995__#01-02-11_01-03-43_label_A.mp4|6.951223e-05|(1,2209,6.951223e-05)
v=9eME1y6V-T4__#01-36-00_01-42-00_label_A.mp4|0.98568153|(3,4001,0.00046459393,4000,8001,0.966072,4642,8642,0.98568153)
The.Pursuit.of.Happyness.2006__#01-34-18_01-38-11_label_A.mp4|0.40614286|(2,4001,0.18169263,1593,5593,0.40614286)
v=5AlAh8J3WqE__#1_label_A.mp4|0.7854416|(3,4001,0.7854416,4000,8001,0.0070912526,6885,10885,0.04409899)
Taken.3.2014__#00-36-03_00-36-48_label_A.mp4|0.097561926|(1,1081,0.097561926)
Your.Name.2016__#00-05-52_00-08-22_label_A.mp4|0.12157978|(1,3601,0.12157978)
v=mfFYGFJhBI4__#1_label_A.mp4|0.11898589|(1,255,0.11898589)
v=H9Y5_X1sEEA__#00-30-00_00-33-00_label_A.mp4|0.0015380665|(2,4001,0.00013696463,323,4323,0.0015380665)
Love.Actually.2003__#01-34-18_01-38-11_label_A.mp4|0.0003586294|(2,4001,0.0003569582,1593,5593,0.0003586294)
v=VcsJf1q9QX8__#1_label_A.mp4|0.22534291|(1,2560,0.22534291)
The.Secret.Life.of.Walter.Mitty.2013__#01-23-00_01-29-08_label_A.mp4|0.0019226603|(3,4001,0.0005520005,4000,8001,0.00019917439,4833,8833,0.0019226603)
The.Bourne.Supremacy.2004__#01-34-52_01-35-50_label_A.mp4|0.10721994|(1,1393,0.10721994)
Quantum.Of.Solace.2008__#00-47-29_00-50-52_label_A.mp4|0.011463111|(2,4001,0.011463111,873,4873,0.00070991385)
v=es97CGK_5XQ__#1_label_A.mp4|0.8451877|(1,1633,0.8451877)
v=y7vIfdKwHDk__#1_label_A.mp4|0.14026141|(2,4001,0.14026141,182,4182,0.03958193)
v=NjI-AuzKgMc__#1_label_A.mp4|0.00062099966|(1,2836,0.00062099966)
Salt.2010__#00-02-10_00-03-57_label_A.mp4|0.0025043634|(1,2569,0.0025043634)
The.Bourne.Supremacy.2004__#0-58-18_01-00-58_label_A.mp4|0.010883771|(1,3842,0.010883771)
Shoplifters.2018__#00-17-30_00-19-10_label_A.mp4|0.0010763726|(1,2401,0.0010763726)
Mission.Impossible.Ghost.Protocol.2011__#01-07-24_01-09-09_label_A.mp4|1.4343877e-06|(1,2521,1.4343877e-06)
v=EToznHwS0OA__#1_label_A.mp4|0.10705348|(1,3730,0.10705348)
Before.Sunset.2004__#00-23-50_00-24-31_label_A.mp4|0.06864137|(1,985,0.06864137)
Ip.Man.2008__#01-04-27_01-06-22_label_A.mp4|0.008257255|(1,2761,0.008257255)
A.Beautiful.Mind.2001__#00-40-52_00-42-01_label_A.mp4|0.0057461127|(1,1657,0.0057461127)
IP.Man.2.2010__#00-54-00_00-57-12_label_A.mp4|0.037823316|(2,4001,0.0054791183,608,4608,0.037823316)
The.Bourne.Identity.2002__#0-57-11_0-58-45_label_A.mp4|0.053339634|(1,2257,0.053339634)
Love.Actually.2003__#00-51-55_00-55-16_label_A.mp4|0.023855435|(2,4001,0.023855435,826,4826,0.007630582)
The.Attorney.2013__#00-47-00_00-49-30_label_A.mp4|5.4008455e-05|(1,3601,5.4008455e-05)
v=3lSHv_DUbJs__#1_label_A.mp4|0.43696737|(1,3566,0.43696737)
v=QiLNvC7CIuY__#1_label_A.mp4|0.9736789|(1,1161,0.9736789)
v=ODGDLQ0TT3M__#1_label_A.mp4|0.031637076|(1,2138,0.031637076)
Thelma...Louise.1991__#01-53-54_01-54-50_label_A.mp4|0.004384093|(1,1345,0.004384093)
v=usAvzbDq6-c__#00-21-00_00-24-00_label_A.mp4|0.086199336|(2,4001,0.086199336,322,4322,0.056250226)
The.Notebook.2004__#01-52-20_01-58-00_label_A.mp4|0.0011107129|(3,4001,0.0011107129,4000,8001,0.0010182792,4161,8161,0.0011092066)
Bullet.in.the.Head.1990__#00-25-11_00-26-15_label_A.mp4|0.82524574|(1,1537,0.82524574)
v=yviKz5J-pEA__#1_label_A.mp4|0.21331665|(1,3731,0.21331665)
v=QozLwYYVotY__#1_label_A.mp4|0.41957998|(1,3254,0.41957998)
Before.Sunrise.1995__#00-03-00_00-04-05_label_A.mp4|0.12068474|(1,1561,0.12068474)
v=aBsrZKrRtqU__#1_label_A.mp4|0.40853664|(1,1235,0.40853664)
v=eAgqJnO3kr8__#00-48-00_00-54-00_label_A.mp4|0.00090790645|(3,4001,8.689726e-06,4000,8001,0.00090790645,4642,8642,0.00069460657)
Lord.of.War__#00-59-20_01-00-35_label_A.mp4|0.0018834297|(1,1801,0.0018834297)
The.Intouchables.2011__#00-58-18_01-02-30_label_A.mp4|0.044266604|(2,4001,0.044266604,2049,6049,0.00070173724)
Operation.Red.Sea.2018__#0-12-26_0-13-36_label_A.mp4|0.0003484323|(1,1680,0.0003484323)
The.Intouchables.2011__#00-04-20_00-05-35_label_A.mp4|0.30640092|(1,1801,0.30640092)
v=Ehh8ZdIMMj4__#1_label_A.mp4|0.8054376|(1,2708,0.8054376)
The.Notebook.2004__#00-08-55_00-10-50_label_A.mp4|0.5777415|(1,2762,0.5777415)
Flipped.2010__#00-08-55_00-10-50_label_A.mp4|0.0009935759|(1,2762,0.0009935759)
v=vsI_pKNcgeQ__#00-15-00_00-18-00_label_A.mp4|3.230138e-05|(2,4001,3.230138e-05,322,4322,2.115537e-05)
v=ldnLxTablA8__#1_label_A.mp4|0.001995624|(1,2300,0.001995624)
Love.Actually.2003__#01-04-40_01-06-59_label_A.mp4|0.52297425|(1,3336,0.52297425)
GoldenEye.1995__#00-56-11_00-56-51_label_A.mp4|0.2609971|(1,962,0.2609971)
v=AqFWYZsOgWY__#00-33-00_00-36-00_label_A.mp4|0.017785188|(2,4001,0.012470183,322,4322,0.017785188)
v=MyM5G7fo7Gg__#00-18-00_00-21-00_label_A.mp4|0.38353294|(2,4001,0.08544189,323,4323,0.38353294)
One.Day.2011__#01-02-50_01-07-05_label_A.mp4|8.717943e-05|(2,4001,8.717943e-05,2121,6121,8.880868e-06)
Death.Proof.2007__#00-02-04_00-05-00_label_A.mp4|0.0077665965|(2,4001,0.0023586608,225,4225,0.0077665965)
Fast.Furious.2009__#01-08-33_01-10-18_label_A.mp4|0.057911534|(1,2521,0.057911534)
A.Beautiful.Mind.2001__#00-25-20_00-29-20_label_A.mp4|0.00070130604|(2,4001,0.00070130604,1761,5761,0.00014592266)
Tropa.de.Elite.2.2010__#01-30-51_01-32-30_label_A.mp4|0.44179633|(1,2377,0.44179633)
v=EeUTpfyb0qo__#1_label_A.mp4|0.1500429|(5,4001,0.004610515,4000,8001,0.1500429,8000,12001,0.014390443,12000,16001,0.060398962,14143,18143,0.010302901)
v=HksDvkX6Bjk__#1_label_A.mp4|0.0007331287|(4,4001,0.00010699076,4000,8001,0.00033210078,8000,12001,0.0007331287,11435,15435,2.0436331e-05)
Before.Sunrise.1995__#00-40-52_00-42-01_label_A.mp4|3.521442e-05|(1,1657,3.521442e-05)
v=9FxmNOXF25Q__#1_label_A.mp4|0.019318618|(2,4001,0.0010633781,120,4120,0.019318618)
Your.Name.2016__#01-01-20_01-04-00_label_A.mp4|0.907268|(1,3841,0.907268)
Black.Hawk.Down.2001__#00-06-44_00-07-39_label_A.mp4|0.01643059|(1,1321,0.01643059)
v=SmFpAAHmoII__#1_label_A.mp4|0.0038736996|(1,3951,0.0038736996)
Election.2005__#00-03-35_00-05-05_label_A.mp4|0.2635863|(1,2160,0.2635863)
v=H12BVHrNiXs__#1_label_A.mp4|0.0063269823|(2,4001,0.00013322626,787,4787,0.0063269823)
v=Oh6FDdpH08A__#1_label_A.mp4|0.053723294|(1,3344,0.053723294)
v=RarYGpz-blM__#1_label_A.mp4|0.0007548763|(1,3384,0.0007548763)
The.Pursuit.of.Happyness.2006__#00-17-30_00-19-10_label_A.mp4|0.011246693|(1,2401,0.011246693)
Young.And.Dangerous.II.1996__#0-53-25_0-54-20_label_A.mp4|0.073157996|(1,1322,0.073157996)
v=1EvRIhdsX1s__#1_label_A.mp4|0.27706102|(1,862,0.27706102)
Black.Hawk.Down.2001__#01-36-44_01-37-33_label_A.mp4|0.2947637|(1,1176,0.2947637)
City.of.God.2002__#00-33-10_00-34-50_label_A.mp4|0.5401362|(1,2401,0.5401362)
v=g7fnNf88IOc__#1_label_A.mp4|9.4689975e-05|(1,3635,9.4689975e-05)
Ip.Man.2008__#00-02-56_00-05-24_label_A.mp4|0.003580369|(1,3553,0.003580369)
v=hgoGZZSMhMQ__#1_label_A.mp4|0.9775618|(1,159,0.9775618)
Mission.Impossible.II.2000__#00-11-37_00-15-46_label_A.mp4|0.99972886|(1,693,0.99972886)
Kill.Bill.Vol.2.2004__#01-03-13_01-04-13_label_A.mp4|0.0185823|(1,1441,0.0185823)
v=Pf7WtK-YPDA__#1_label_A.mp4|0.5200539|(1,1954,0.5200539)
Mission.Impossible.Ghost.Protocol.2011__#01-24-59_01-28-30_label_A.mp4|0.00075930404|(2,4001,0.00075930404,1064,5064,7.734853e-05)
v=0vVOXlgHC1U__#00-12-00_00-18-00_label_A.mp4|0.48336598|(3,4001,0.027921896,4000,8001,0.48336598,4642,8642,0.05410696)
Hear.Me.2009__#00-30-50_00-32-31_label_A.mp4|0.0025214998|(1,2425,0.0025214998)
v=H9Y5_X1sEEA__#00-45-00_00-48-00_label_A.mp4|0.004464311|(2,4001,0.0004606193,323,4323,0.004464311)
A.Beautiful.Mind.2001__#00-50-26_00-55-16_label_A.mp4|0.0098037645|(2,4001,6.873149e-06,2962,6962,0.0098037645)
v=9qxJ6bznkNI__#1_label_A.mp4|0.0061661163|(2,4001,0.00035511094,1454,5454,0.0061661163)
Flipped.2010__#01-10-30_01-13-51_label_A.mp4|2.974357e-05|(2,4001,2.974357e-05,825,4825,1.2944057e-05)
v=94zZ9iptP54__#1_label_A.mp4|0.9950664|(1,932,0.9950664)
Love.Me.If.You.Dare.2003__#00-33-52_00-39-00_label_A.mp4|0.041795664|(2,4001,0.041795664,3394,7394,0.014536972)
The.Fast.and.the.Furious.2001__#01-38-50_01-39-59_label_A.mp4|0.025526918|(1,1657,0.025526918)
Taken.3.2014__#01-20-10_01-21-30_label_A.mp4|0.13399035|(1,1921,0.13399035)
v=wQrV75N2BrI__#1_label_A.mp4|0.43360925|(9,4001,0.07200256,4000,8001,0.04194625,8000,12001,0.07517987,12000,16001,0.017512666,16000,20001,0.06479179,20000,24001,0.43360925,24000,28001,0.013144471,28000,32001,0.026741533,29196,33196,0.002557532)
Good.Will.Hunting.1997__#00-08-55_00-10-50_label_A.mp4|0.07504337|(1,2762,0.07504337)
v=vp_W8CqtCug__#1_label_A.mp4|0.00015526918|(1,3806,0.00015526918)
The.Fast.and.the.Furious.2001__#00-26-09_00-26-52_label_A.mp4|0.92267054|(1,1033,0.92267054)
v=SdYFFo_tsfk__#00-18-00_00-24-00_label_A.mp4|0.003702905|(3,4001,0.003702905,4000,8001,2.5726395e-05,4642,8642,7.946768e-05)
v=y7JEq-kf-2I__#00-01-50_00-02-30_label_A.mp4|0.38574052|(1,960,0.38574052)
Mission.Impossible.Ghost.Protocol.2011__#00-49-03_00-51-21_label_A.mp4|0.00041899615|(1,3313,0.00041899615)
Jason.Bourne.2016__#0-51-37_0-53-20_label_A.mp4|0.39772436|(1,2473,0.39772436)
v=usAvzbDq6-c__#00-18-00_00-21-00_label_A.mp4|0.20693205|(2,4001,0.20693205,322,4322,0.18533261)
v=VGP9qh7U4H0__#1_label_A.mp4|0.3785698|(2,4001,0.3785698,1284,5284,0.2073245)
Tropa.de.Elite.2007__#00-10-30_00-12-08_label_A.mp4|0.030522967|(1,2352,0.030522967)
v=n0AhGnEjako__#1_label_A.mp4|0.7655905|(1,2376,0.7655905)
v=5NZxPmTpV6Y__#1_label_A.mp4|0.9858088|(1,2807,0.9858088)
Desperado.1995__#00-19-00_00-20-31_label_A.mp4|0.36298883|(1,2185,0.36298883)
Good.Will.Hunting.1997__#00-58-18_01-02-30_label_A.mp4|0.035666216|(2,4001,0.00061456184,2049,6049,0.035666216)
v=bU86SW6L7Tc__#1_label_A.mp4|0.019184096|(2,4001,0.010565268,250,4250,0.019184096)
v=VNQ1Vkz_cM4__#1_label_A.mp4|0.4212041|(2,4001,0.027958078,1622,5622,0.4212041)
City.Of.Men.2007__#01-36-01_01-37-31_label_A.mp4|0.00204609|(1,2161,0.00204609)
v=BL8ppFg7NKI__#1_label_A.mp4|0.18358411|(2,4001,0.002964679,1470,5470,0.18358411)
Young.And.Dangerous.I.1996__#0-55-09_0-56-59_label_A.mp4|0.0009756269|(1,2641,0.0009756269)
The.Bourne.Ultimatum.2007__#01-32-57_01-33-53_label_A.mp4|0.0053420803|(1,1345,0.0053420803)
v=-tqHsoEoUyY__#1_label_A.mp4|0.33184952|(1,1011,0.33184952)
v=eAgqJnO3kr8__#00-42-00_00-48-00_label_A.mp4|0.00049272407|(3,4001,0.00049272407,4000,8001,0.0003533254,4642,8642,6.902086e-05)
v=ibYV3e17R5c__#1_label_A.mp4|0.084755905|(1,3375,0.084755905)
IP.Man.2.2010__#01-44-00_01-44-42_label_A.mp4|0.008079407|(1,1008,0.008079407)
Tropa.de.Elite.2007__#00-52-33_00-54-35_label_A.mp4|0.8227334|(1,2930,0.8227334)
v=usAvzbDq6-c__#00-03-00_00-06-00_label_A.mp4|0.0016653303|(2,4001,0.0007441052,322,4322,0.0016653303)
v=smnw0Q7AxFQ__#1_label_A.mp4|0.007121668|(2,4001,0.007121668,3956,7956,0.0029855114)
Hear.Me.2009__#00-49-48_00-51-12_label_A.mp4|6.7319444e-05|(1,2017,6.7319444e-05)
Saving.Private.Ryan.1998__#02-00-56_02-03-06_label_A.mp4|0.00072956656|(1,3121,0.00072956656)
Be.with.You.2018__#01-42-06_01-45-53_label_A.mp4|0.025712913|(2,4001,0.025712913,1449,5449,0.0025331804)
Bullet.in.the.Head.1990__#00-03-59_00-04-40_label_A.mp4|0.8877266|(1,985,0.8877266)
