Mission.Impossible.Fallout.2018__#00-31-21_00-32-50_label_B1-0-0.mp4|0.5272727|(1,2136,0.5272727)
v=bhZs3ALdL7Y__#1_label_G-0-0.mp4|0.018351221|(1,81,0.018351221)
Skyfall.2012__#01-55-44_01-56-57_label_B2-G-0.mp4|0.99707544|(1,1753,0.99707544)
v=15wDrZJQpsw__#00-05-20_00-06-20_label_B6-0-0.mp4|0.99998283|(1,1443,0.99998283)
v=gp_D8r-2hwk__#1_label_G-0-0.mp4|0.9986749|(1,2551,0.9986749)
Quantum.Of.Solace.2008__#01-19-30_01-20-05_label_B1-0-0.mp4|0.0040498427|(1,841,0.0040498427)
Saving.Private.Ryan.1998__#02-24-18_02-25-42_label_B1-0-0.mp4|0.01728815|(1,2017,0.01728815)
Rush.Hour.3.2007.BluRay__#00-34-11_00-35-46_label_B1-0-0.mp4|0.41039184|(1,2281,0.41039184)
The.Bourne.Identity.2002__#0-54-45_0-56-25_label_B6-0-0.mp4|0.9994917|(1,2401,0.9994917)
Rush.Hour.1998.BluRay__#00-11-05_00-12-10_label_B2-B1-0.mp4|0.9976126|(1,1562,0.9976126)
v=GN-7_ye5k4E__#1_label_G-0-0.mp4|0.9998186|(1,2681,0.9998186)
v=b0MUjeKAGZw__#1_label_B4-0-0.mp4|0.9974443|(1,2795,0.9974443)
Mission.Impossible.III.2006__#00-56-23_00-56-40_label_G-0-0.mp4|0.5887089|(1,409,0.5887089)
Kingsman.The.Secret.Service.2014__#01-43-40_01-44-50_label_B2-G-0.mp4|0.0038317721|(1,1681,0.0038317721)
v=m5Ya6z6qroo__#1_label_B4-0-0.mp4|0.45897827|(2,4001,0.12538482,1647,5647,0.45897827)
Rush.Hour.3.2007.BluRay__#01-12-16_01-12-36_label_B1-0-0.mp4|0.40802392|(1,481,0.40802392)
Kingsman.The.Secret.Service.2014__#00-22-10_00-23-10_label_B2-0-0.mp4|0.010069332|(1,1441,0.010069332)
v=5BBoVfKOyeM__#00-08-19_00-10-10_label_B6-0-0.mp4|0.999275|(1,2666,0.999275)
v=3xWiBCIxjIk__#1_label_B4-0-0.mp4|0.99994814|(1,3748,0.99994814)
Lord.of.War__#00-50-10_00-50-50_label_G-0-0.mp4|0.24201679|(1,961,0.24201679)
v=3WmMhircZOc__#1_label_B4-0-0.mp4|0.3850248|(2,4001,0.3850248,2025,6025,0.20323758)
v=DVdXoVUNkhg__#1_label_G-0-0.mp4|0.026421556|(1,1146,0.026421556)
v=1GFBuaGCeTo__#1_label_G-0-0.mp4|0.9884045|(1,1253,0.9884045)
v=hAHXCMRvY_I__#1_label_G-0-0.mp4|0.13363604|(1,486,0.13363604)
v=lpkL0Y1MhA8__#1_label_B4-0-0.mp4|1.2015226e-05|(1,2524,1.2015226e-05)
City.of.God.2002__#00-40-16_00-41-30_label_B2-0-0.mp4|5.38251e-08|(1,1778,5.38251e-08)
Mission.Impossible.Ghost.Protocol.2011__#01-54-24_01-54-50_label_B1-0-0.mp4|0.99986863|(1,625,0.99986863)
v=AF9p0YA0hyA__#00-03-03_00-04-20_label_B4-0-0.mp4|0.04059835|(1,1850,0.04059835)
v=fQQzg2VfJME__#1_label_B4-0-0.mp4|0.010806407|(1,1348,0.010806407)
v=pFamvR9CpYw__#00-00-00_00-06-36_label_B4-0-0.mp4|0.9190613|(3,4001,0.5924518,4000,8001,0.9190613,5506,9506,0.48618433)
Ip.Man.2008__#01-40-37_01-42-07_label_B4-0-0.mp4|0.097801134|(1,2161,0.097801134)
v=lcBUb7EOQ4o__#1_label_G-0-0.mp4|0.9998092|(1,2237,0.9998092)
Operation.Red.Sea.2018__#0-25-36_0-26-03_label_G-0-0.mp4|0.93009937|(1,648,0.93009937)
v=q_DhkdHGXos__#1_label_B1-0-0.mp4|0.045105904|(2,4001,0.045105904,638,4638,0.0014644586)
v=7QOdBpDrmKk__#00-01-00_00-02-45_label_B6-0-0.mp4|0.9999987|(1,2522,0.9999987)
Mission.Impossible.V.Rogue.Nation.2015__#01-54-23_01-55-10_label_B2-0-0.mp4|0.31912252|(1,1129,0.31912252)
v=xbPWQKZspfU__#1_label_B1-0-0.mp4|0.8619015|(2,4001,0.8619015,1034,5034,0.10054445)
v=nLAapCIlr-o__#00-07-22_00-08-19_label_B6-0-0.mp4|0.9998869|(1,1370,0.9998869)
Kill.Bill.Vol.1.2003__#01-17-20_01-20-20_label_B1-0-0.mp4|3.0822704e-07|(2,4001,1.0859e-07,321,4321,3.0822704e-07)
v=Dn_SDu22WpM__#00-08-35_00-10-05_label_B6-0-0.mp4|0.9952886|(1,2163,0.9952886)
v=-fOWSLV6Esw__#1_label_B4-0-0.mp4|0.92232776|(1,789,0.92232776)
Election.2005__#00-47-57_00-50-54_label_B5-0-0.mp4|0.00045198074|(2,4001,0.00045198074,248,4248,0.00019435005)
v=-kwNh1lMU-w__#1_label_B4-0-0.mp4|0.9994222|(2,4001,0.9994222,81,4081,0.9987356)
v=6nfo9c7a5pE__#1_label_B1-0-0.mp4|0.29359466|(1,1235,0.29359466)
v=SMy2_qNO2Y0__#00-01-50_00-03-13_label_G-0-0.mp4|0.9758395|(1,1994,0.9758395)
v=Qc3pAEeK16A__#1_label_B1-0-0.mp4|0.9233065|(1,1409,0.9233065)
v=9CWJd1SezkA__#1_label_G-0-0.mp4|0.6634238|(1,700,0.6634238)
Tropa.de.Elite.2.2010__#01-33-01_01-33-30_label_B2-0-0.mp4|0.9998555|(1,698,0.9998555)
Mission.Impossible.V.Rogue.Nation.2015__#00-17-27_00-17-55_label_B2-0-0.mp4|3.8552416e-06|(1,673,3.8552416e-06)
v=tP19WuyY3IY__#00-00-00_00-00-51_label_B6-0-0.mp4|0.99823654|(1,1226,0.99823654)
Operation.Red.Sea.2018__#0-16-06_0-16-46_label_G-0-0.mp4|0.9566071|(1,960,0.9566071)
The.Bourne.Ultimatum.2007__#01-44-02_01-44-11_label_B2-0-0.mp4|0.9919092|(1,217,0.9919092)
Operation.Red.Sea.2018__#0-56-26_0-57-10_label_G-0-0.mp4|0.9971806|(1,1056,0.9971806)
Lord.of.War__#01-41-04_01-41-53_label_B1-0-0.mp4|0.00057392096|(1,1177,0.00057392096)
v=wVey5JDRf_g__#00-01-30_00-02-41_label_B6-0-0.mp4|0.99992645|(1,1706,0.99992645)
v=1io9Uh54Vhg__#1_label_B4-0-0.mp4|0.11483655|(1,1980,0.11483655)
v=Q6zIX29HkSo__#1_label_B4-0-0.mp4|0.9449782|(1,2145,0.9449782)
v=BzwNU2xmT64__#00-04-10_00-06-09_label_B6-0-0.mp4|0.99989736|(1,2858,0.99989736)
v=iHuggczItBk__#00-03-00_00-03-55_label_B6-0-0.mp4|0.9976948|(1,1322,0.9976948)
v=nLAapCIlr-o__#00-16-10_00-18-09_label_B6-0-0.mp4|0.99999|(1,2858,0.99999)
Ip.Man.3.2015__#00-44-45_00-45-08_label_B1-0-0.mp4|0.81690705|(1,552,0.81690705)
Black.Hawk.Down.2001__#01-13-59_01-14-49_label_B2-0-0.mp4|0.1707328|(1,1201,0.1707328)
v=3zgaqeVSXuI__#1_label_B4-0-0.mp4|0.003487888|(1,1953,0.003487888)
Young.And.Dangerous.I.1996__#0-46-57_0-48-57_label_B1-0-0.mp4|0.99986553|(1,2881,0.99986553)
v=8tqeeBGjnPg__#00-03-12_00-04-15_label_B6-0-0.mp4|0.9999882|(1,1515,0.9999882)
v=iWfUqxibqG0__#1_label_G-0-0.mp4|0.9988625|(1,631,0.9988625)
v=Ia9ATKNeUbY__#00-04-19_00-05-11_label_B6-0-0.mp4|0.9999213|(1,1250,0.9999213)
v=UK2w9Sh47fM__#1_label_G-0-0.mp4|0.9897501|(1,1198,0.9897501)
Salt.2010__#00-17-40_00-18-16_label_B1-0-0.mp4|0.9466253|(1,865,0.9466253)
v=2Rr21qkZEDQ__#00-03-00_00-04-09_label_B6-0-0.mp4|0.9987923|(1,1658,0.9987923)
Skyfall.2012__#01-20-05_01-20-20_label_B1-B2-0.mp4|0.99909985|(1,361,0.99909985)
Bullet.in.the.Head.1990__#00-41-30_00-44-16_label_B4-G-0.mp4|0.9989706|(1,3986,0.9989706)
v=5Tnl7_8RqlA__#00-11-00_00-12-45_label_B6-0-0.mp4|0.99997354|(1,2522,0.99997354)
v=BXR3d22BhHs__#00-06-00_00-07-00_label_B4-0-0.mp4|0.8445173|(1,1443,0.8445173)
The.Fast.and.the.Furious.2001__#00-52-18_00-53-36_label_B1-0-0.mp4|0.0012462587|(1,1873,0.0012462587)
v=gENp4SyNxkI__#1_label_B1-0-0.mp4|0.9292216|(1,1275,0.9292216)
v=YANmwpkuWRo__#1_label_G-0-0.mp4|0.9893574|(1,1080,0.9893574)
v=96N4XAJ7FKM__#1_label_B1-0-0.mp4|0.87083644|(2,4001,0.037538704,860,4860,0.87083644)
Mission.Impossible.II.2000__#01-38-25_01-38-41_label_B2-B5-0.mp4|0.98713094|(1,385,0.98713094)
v=15wDrZJQpsw__#00-00-00_00-00-51_label_B6-0-0.mp4|0.9996394|(1,1226,0.9996394)
Skyfall.2012__#01-57-40_01-58-00_label_B2-0-0.mp4|0.99895275|(1,481,0.99895275)
Spectre.2015__#02-15-30_02-16-05_label_G-0-0.mp4|0.9999199|(1,842,0.9999199)
GoldenEye.1995__#00-10-00_00-10-40_label_G-0-0.mp4|0.25732243|(1,961,0.25732243)
v=0yHBkMBE8r4__#1_label_B1-0-0.mp4|0.9872487|(2,4001,0.9872487,1162,5162,0.985061)
Bad.Boys.1995__#01-33-51_01-34-37_label_B2-0-0.mp4|0.9999865|(1,1104,0.9999865)
v=YKtw6uLEGps__#1_label_B4-0-0.mp4|0.9806733|(1,2934,0.9806733)
v=cO1UefhG7AY__#1_label_G-0-0.mp4|0.9999294|(2,4001,0.99899596,574,4574,0.9999294)
v=Lt9M_tSij_4__#00-00-00_00-04-24_label_B6-0-0.mp4|0.9995468|(2,4001,0.9995468,2336,6336,0.988108)
v=kVl-6-A9ZO4__#00-08-01_00-09-35_label_B6-0-0.mp4|0.9992126|(1,2259,0.9992126)
v=X6Tbn8_X-Os__#1_label_B1-0-0.mp4|0.98672014|(2,4001,0.98672014,899,4899,0.05094919)
v=BQjKQbYgUBA__#1_label_B1-0-0.mp4|0.005493855|(1,3423,0.005493855)
Skyfall.2012__#02-08-44_02-09-17_label_B1-0-0.mp4|0.99999964|(1,793,0.99999964)
Deadpool.2016__#0-18-58_0-19-20_label_B1-0-0.mp4|0.9997986|(1,529,0.9997986)
v=zQbnQBCTSiA__#1_label_B1-0-0.mp4|0.9980129|(2,4001,0.9980129,1695,5695,0.99630296)
v=Hnfy9XhlIPM__#1_label_B4-0-0.mp4|0.98883677|(2,4001,0.98883677,661,4661,0.3629774)
v=ZkUciDD55kA__#00-00-00_00-00-30_label_G-0-0.mp4|0.9734746|(1,722,0.9734746)
v=MqrNCb2N5to__#1_label_B1-0-0.mp4|0.025724139|(1,2533,0.025724139)
v=_5Kmb4tqMxs__#1_label_B4-0-0.mp4|0.008498437|(1,1305,0.008498437)
Taken.2.UNRATED.EXTENDED.2012__#01-06-28_01-06-49_label_B2-0-0.mp4|0.99951005|(1,505,0.99951005)
Mission.Impossible.V.Rogue.Nation.2015__#01-19-48_01-20-20_label_B6-0-0.mp4|0.009257323|(1,770,0.009257323)
Yellow.Sea.2010__#01-04-00_01-04-50_label_B1-0-0.mp4|0.016820578|(1,1200,0.016820578)
v=HSisjzLESak__#00-00-00_00-00-51_label_B6-0-0.mp4|0.99860483|(1,1226,0.99860483)
Operation.Red.Sea.2018__#01-37-22_01-37-36_label_G-B2-0.mp4|0.98174554|(1,336,0.98174554)
Shoot.Em.Up.2007__#00-56-56_00-57-15_label_B2-0-0.mp4|0.9032271|(1,457,0.9032271)
v=jYENhkzdpO8__#00-00-00_00-01-31_label_B6-0-0.mp4|0.9967818|(1,2186,0.9967818)
New.Kids.Turbo.2010__#00-50-13_00-50-34_label_B1-0-0.mp4|0.9129924|(1,504,0.9129924)
v=bDm2-1NZBLw__#1_label_B4-0-0.mp4|0.99019206|(1,2210,0.99019206)
Bullet.in.the.Head.1990__#00-23-31_00-24-40_label_G-0-0.mp4|0.053837933|(1,1657,0.053837933)
v=ZnFlL84K7HE__#00-27-53_00-34-45_label_B4-0-0.mp4|0.9999732|(3,4001,0.99991167,4000,8001,0.9998901,5890,9890,0.9999732)
City.of.God.2002__#01-24-10_01-25-10_label_B2-0-0.mp4|0.99991786|(1,1441,0.99991786)
v=ICnreR1hxP0__#1_label_B4-0-0.mp4|0.8174439|(2,4001,0.0002838095,328,4328,0.8174439)
v=2al4t5inObA__#1_label_B4-0-0.mp4|0.9994342|(1,3582,0.9994342)
v=3wxWNAM8Cso__#1_label_G-0-0.mp4|0.99372476|(2,4001,0.090289205,2063,6063,0.99372476)
v=pMtu7fOHdII__#1_label_B1-0-0.mp4|0.9666263|(1,1252,0.9666263)
Black.Hawk.Down.2001__#01-42-58_01-43-58_label_G-0-0.mp4|5.129036e-06|(1,1441,5.129036e-06)
v=ZoS8gm5OcOM__#00-07-50_00-08-55_label_B6-0-0.mp4|0.9985311|(1,1562,0.9985311)
v=tP19WuyY3IY__#00-06-10_00-07-51_label_B6-0-0.mp4|0.98877907|(1,2426,0.98877907)
v=CvMpD1yqfxI__#1_label_G-0-0.mp4|0.99294126|(1,873,0.99294126)
v=-etV57xZ4_I__#1_label_B4-0-0.mp4|0.007267971|(1,265,0.007267971)
Taken.Extended.Cut.2008__#00-50-45_00-51-04_label_B2-B6-0.mp4|0.9999572|(1,456,0.9999572)
v=UzxuX79xq4s__#1_label_B4-0-0.mp4|0.52437305|(2,4001,0.0006004368,1286,5286,0.52437305)
v=EH_QB6cm6BE__#1_label_G-0-0.mp4|0.0018312486|(1,658,0.0018312486)
Salt.2010__#01-12-05_01-12-32_label_B2-G-0.mp4|0.9999851|(1,649,0.9999851)
v=y1z12D5bx7c__#1_label_B4-0-0.mp4|0.54924816|(2,4001,0.54924816,850,4850,0.21553567)
v=1q5V6DKH3bw__#1_label_B4-0-0.mp4|0.99959785|(1,3029,0.99959785)
v=v-Plzx73K68__#1_label_B4-0-0.mp4|0.06975463|(1,1016,0.06975463)
Mission.Impossible.Fallout.2018__#02-03-50_02-04-35_label_B1-0-0.mp4|0.9973049|(1,1080,0.9973049)
v=ZCjNPgNu42g__#1_label_B4-0-0.mp4|0.9950864|(1,3483,0.9950864)
v=7QOdBpDrmKk__#00-10-30_00-10-51_label_B6-0-0.mp4|0.99784195|(1,506,0.99784195)
v=OE9t3XImErk__#1_label_B1-0-0.mp4|0.9971603|(1,557,0.9971603)
Sin.City.2005__#0-10-40_0-11-40_label_B2-0-0.mp4|0.06484471|(1,1441,0.06484471)
v=_YobflFU_HU__#00-06-10_00-07-51_label_B6-0-0.mp4|0.99986327|(1,2426,0.99986327)
Casino.Royale.2006__#01-17-29_01-17-46_label_B1-0-0.mp4|0.7887908|(1,409,0.7887908)
The.Fast.and.the.Furious.2001__#00-29-00_00-29-52_label_B2-G-0.mp4|0.3732879|(1,1249,0.3732879)
v=2jwO15SMyuo__#1_label_B4-0-0.mp4|0.9998698|(1,2376,0.9998698)
Rush.Hour.3.2007.BluRay__#00-40-56_00-41-52_label_B2-0-0.mp4|0.96709365|(1,1345,0.96709365)
v=uQY15O3LKI0__#1_label_B6-0-0.mp4|0.0016642459|(1,3970,0.0016642459)
v=iegHZ_UWWsA__#00-14-05_00-20-33_label_B4-0-0.mp4|0.9998776|(3,4001,0.99774665,4000,8001,0.9998776,5314,9314,0.9994512)
God.Bless.America.2011__#00-38-25_00-39-37_label_B2-B5-0.mp4|1.0191668e-06|(1,1729,1.0191668e-06)
Bullet.in.the.Head.1990__#01-45-21_01-46-20_label_B2-0-0.mp4|0.9909204|(1,1417,0.9909204)
Taken.2.UNRATED.EXTENDED.2012__#01-00-00_01-00-16_label_B2-0-0.mp4|0.8675421|(1,385,0.8675421)
v=Ia9ATKNeUbY__#00-05-19_00-06-09_label_B6-0-0.mp4|0.99999475|(1,1202,0.99999475)
v=Q-u3Y9TkZhQ__#1_label_B4-0-0.mp4|0.6954434|(1,1036,0.6954434)
v=uprb6aBzymw__#00-03-03_00-05-13_label_B4-0-0.mp4|0.5691033|(1,3121,0.5691033)
v=cuUK-3MNqtw__#1_label_B1-0-0.mp4|0.2717817|(1,2063,0.2717817)
Fast.Five.2011__#00-32-05_00-32-24_label_B1-B2-0.mp4|0.99763095|(1,457,0.99763095)
Kingsman.The.Golden.Circle.2017__#00-35-55_00-36-35_label_B1-0-0.mp4|0.95585006|(1,962,0.95585006)
The.Hurt.Locker.2008__#01-27-42_01-28-09_label_G-0-0.mp4|0.99967897|(1,649,0.99967897)
Fast.Furious.6.2013__#01-38-33_01-39-20_label_B1-0-0.mp4|0.9998092|(1,1129,0.9998092)
v=u5SF4SlqNDQ__#00-02-39_00-03-41_label_G-0-0.mp4|0.99993885|(1,1491,0.99993885)
Tropa.de.Elite.2.2010__#00-13-41_00-14-56_label_B4-0-0.mp4|0.9998491|(1,1801,0.9998491)
Fast.Five.2011__#00-01-41_00-01-57_label_B6-0-0.mp4|0.9998642|(1,385,0.9998642)
Taken.Extended.Cut.2008__#00-33-51_00-34-03_label_B1-0-0.mp4|0.9995333|(1,289,0.9995333)
Taken.2.UNRATED.EXTENDED.2012__#00-45-50_00-46-20_label_G-0-0.mp4|0.9073664|(1,722,0.9073664)
Shoot.Em.Up.2007__#00-32-40_00-35-10_label_B2-0-0.mp4|0.9882676|(1,3601,0.9882676)
Saving.Private.Ryan.1998__#02-23-00_02-23-28_label_B1-0-0.mp4|0.9999082|(1,673,0.9999082)
The.World.Is.Not.Enough.1999__#00-10-22_00-10-40_label_G-0-0.mp4|0.99801874|(1,433,0.99801874)
Skyfall.2012__#00-06-10_00-06-25_label_B6-0-0.mp4|0.99876827|(1,361,0.99876827)
v=9Ydg5IeZpFI__#1_label_B1-0-0.mp4|0.9748043|(2,4001,0.9748043,621,4621,0.7324482)
Taken.3.2014__#01-19-13_01-19-30_label_B1-0-0.mp4|0.71510065|(1,409,0.71510065)
v=oipd63DGadU__#1_label_B1-0-0.mp4|0.8317495|(1,1398,0.8317495)
Mission.Impossible.III.2006__#00-19-56_00-20-26_label_B2-0-0.mp4|0.99993336|(1,721,0.99993336)
v=m8EkFsaGPzU__#1_label_B4-0-0.mp4|0.9975376|(2,4001,0.9338588,1703,5703,0.9975376)
Sin.City.2005__#0-29-34_0-29-56_label_B2-0-0.mp4|0.03836573|(1,529,0.03836573)
Sin.City.2005__#01-51-59_01-52-29_label_B2-0-0.mp4|0.20169969|(1,721,0.20169969)
Death.Proof.2007__#01-40-41_01-42-17_label_B5-B6-0.mp4|0.008651676|(1,2305,0.008651676)
v=k98yVPXiYoU__#1_label_G-0-0.mp4|0.9964154|(1,736,0.9964154)
Young.And.Dangerous.IV.1997__#01-32-04_01-32-58_label_B1-0-0.mp4|0.92551744|(1,1297,0.92551744)
v=V7FtjJStY1M__#1_label_G-0-0.mp4|0.9991155|(1,360,0.9991155)
v=CczYDDDf22A__#1_label_G-0-0.mp4|0.98839766|(1,679,0.98839766)
v=2WkuPNLfl5s__#1_label_B4-0-0.mp4|0.9997156|(1,1242,0.9997156)
Fast.Furious.2009__#01-18-00_01-19-00_label_B2-B6-0.mp4|1.336943e-06|(1,1441,1.336943e-06)
v=GI49YSCruwY__#1_label_B4-0-0.mp4|0.01440491|(1,3032,0.01440491)
Salt.2010__#01-06-27_01-07-07_label_G-B2-0.mp4|0.999225|(1,962,0.999225)
v=CcD-YNlkMPY__#1_label_G-0-0.mp4|2.1269037e-05|(1,1996,2.1269037e-05)
v=zoIn2hOrUIM__#00-01-00_00-02-45_label_B6-0-0.mp4|0.99997294|(1,2522,0.99997294)
v=TsuuRo6PEXM__#1_label_B1-0-0.mp4|0.40253416|(2,4001,0.40253416,343,4343,0.07670563)
v=bfOlheR5nUQ__#00-04-33_00-06-02_label_B4-0-0.mp4|0.99762315|(1,2138,0.99762315)
Spectre.2015__#00-44-05_00-44-40_label_B1-B2-0.mp4|0.9999316|(1,841,0.9999316)
Haywire.2011__#01-20-20_01-21-57_label_B1-0-0.mp4|0.9773877|(1,2329,0.9773877)
v=osjdmjNJUdg__#1_label_B1-0-0.mp4|0.99527586|(1,2320,0.99527586)
Saving.Private.Ryan.1998__#02-23-58_02-24-18_label_G-0-0.mp4|0.99858356|(1,481,0.99858356)
Jason.Bourne.2016__#0-29-48_0-30-29_label_B4-0-0.mp4|0.99997985|(1,985,0.99997985)
Braveheart.1995__#01-26-50_01-32-30_label_B1-0-0.mp4|0.9995536|(3,4001,0.99928445,4000,8001,0.9995536,4161,8161,0.9986511)
v=wG-2t0M8CPc__#1_label_B1-0-0.mp4|0.042355526|(1,2073,0.042355526)
v=FRj2K0ulD8Q__#00-00-00_00-00-57_label_B4-0-0.mp4|0.9998944|(1,1370,0.9998944)
v=15wDrZJQpsw__#00-09-00_00-10-55_label_B6-0-0.mp4|0.008063922|(1,2762,0.008063922)
v=OOjjPGN8jSU__#1_label_B6-0-0.mp4|0.11607978|(2,4001,1.701084e-05,1918,5918,0.11607978)
The.Hurt.Locker.2008__#0-19-22_0-22-32_label_B2-B1-0.mp4|0.9997607|(2,4001,0.9997607,561,4561,0.9976052)
Bullet.in.the.Head.1990__#01-26-30_01-27-34_label_B2-0-0.mp4|0.0004459709|(1,1537,0.0004459709)
Fast.Furious.2009__#00-42-10_00-42-41_label_B6-0-0.mp4|0.9999722|(1,745,0.9999722)
Taken.3.2014__#01-12-48_01-14-30_label_B2-B1-0.mp4|0.97967654|(1,2449,0.97967654)
v=g2v3EkBj9Zc__#1_label_B4-0-0.mp4|0.99989593|(1,764,0.99989593)
v=UYFR-XbyZQc__#00-01-19_00-02-42_label_G-0-0.mp4|0.9918429|(1,1992,0.9918429)
Haywire.2011__#00-16-07_00-16-49_label_B1-0-0.mp4|0.08408499|(1,1008,0.08408499)
v=ntaXjnpusxM__#1_label_G-0-0.mp4|0.9915473|(1,688,0.9915473)
v=3xkwZk44VQs__#1_label_B4-0-0.mp4|0.99846846|(1,2517,0.99846846)
Brick.Mansions.2014__#01-02-00_01-02-43_label_B2-0-0.mp4|0.99974173|(1,1032,0.99974173)
v=rAlZRFZTwxM__#00-03-13_00-07-08_label_G-0-0.mp4|0.9999933|(2,4001,0.9999933,1641,5641,0.9999924)
v=UK--hvgP2uY__#1_label_G-0-0.mp4|5.4008353e-07|(1,2605,5.4008353e-07)
v=yy-KIWDcBr4__#00-16-10_00-17-19_label_B6-0-0.mp4|0.9946955|(1,1658,0.9946955)
v=k_cvJa1kNaM__#1_label_B4-0-0.mp4|0.022536144|(2,4001,0.0003280459,1628,5628,0.022536144)
Deadpool.2.2018__#0-50-30_0-51-20_label_B1-0-0.mp4|0.9963883|(1,1201,0.9963883)
v=9Jk2sIp5MRQ__#1_label_G-0-0.mp4|0.85637164|(1,568,0.85637164)
v=Q7NpJXOTiMY__#1_label_G-0-0.mp4|0.13579261|(1,1628,0.13579261)
IP.Man.2.2010__#01-35-55_01-39-11_label_B1-0-0.mp4|0.20944102|(2,4001,0.03151588,704,4704,0.20944102)
The.World.Is.Not.Enough.1999__#00-07-04_00-07-45_label_G-B2-0.mp4|0.99234205|(1,984,0.99234205)
Desperado.1995__#01-14-11_01-17-28_label_B2-G-0.mp4|0.99116814|(2,4001,0.96435857,729,4729,0.99116814)
City.Of.Men.2007__#00-57-37_00-58-27_label_B2-0-0.mp4|0.99076146|(1,1200,0.99076146)
v=eqtJjxsTgtg__#1_label_G-0-0.mp4|0.66967154|(1,1194,0.66967154)
v=BXR3d22BhHs__#00-07-00_00-08-00_label_B4-0-0.mp4|0.9706012|(1,1443,0.9706012)
v=yvnj5VIDsNI__#1_label_B4-0-0.mp4|0.90674096|(2,4001,0.90674096,890,4890,1.6661716e-05)
v=ONsmJAyFAAw__#1_label_G-0-0.mp4|0.99997866|(1,1563,0.99997866)
v=qqsd-cZr01k__#00-06-10_00-07-19_label_B6-0-0.mp4|0.9973362|(1,1658,0.9973362)
Rush.Hour.1998.BluRay__#00-08-08_00-09-15_label_B2-B6-G.mp4|0.99712163|(1,1609,0.99712163)
Sin.City.2005__#0-43-45_0-44-01_label_B2-0-0.mp4|0.9960217|(1,385,0.9960217)
v=rJz4NXm6vis__#1_label_B4-0-0.mp4|0.9989794|(1,1892,0.9989794)
The.Bourne.Ultimatum.2007__#01-26-27_01-28-03_label_B2-B6-0.mp4|0.9998109|(1,2305,0.9998109)
v=73uRcX0Dvfc__#00-00-00_00-01-51_label_B6-G-0.mp4|0.9975569|(1,2666,0.9975569)
GoldenEye.1995__#00-24-53_00-25-06_label_B1-0-0.mp4|0.9965468|(1,313,0.9965468)
v=gsz_P8t-KM4__#1_label_B4-0-0.mp4|0.27843472|(3,4001,1.2120345e-06,4000,8001,0.27843472,5741,9741,0.21541898)
v=PWBZiM-rkoE__#1_label_G-0-0.mp4|2.4414712e-05|(1,2711,2.4414712e-05)
v=J_ZsNd97wXw__#1_label_G-0-0.mp4|0.9996555|(1,1204,0.9996555)
Saving.Private.Ryan.1998__#02-16-58_02-17-13_label_G-0-0.mp4|0.99684936|(1,361,0.99684936)
v=CoxsDkB-rWU__#00-07-06_00-10-30_label_B4-0-0.mp4|0.9990885|(2,4001,0.997924,898,4898,0.9990885)
Fast.Furious.2009__#00-21-06_00-21-57_label_B6-B2-0.mp4|0.946306|(1,1225,0.946306)
v=wVey5JDRf_g__#00-00-00_00-01-20_label_B6-0-0.mp4|0.99990535|(1,1922,0.99990535)
Shoot.Em.Up.2007__#00-53-25_00-56-47_label_B2-0-0.mp4|0.0001720312|(2,4001,1.5948274e-06,850,4850,0.0001720312)
Deadpool.2.2018__#0-04-46_0-05-01_label_B2-0-0.mp4|0.83411103|(1,361,0.83411103)
v=0qtIjyt-7wg__#00-01-00_00-02-45_label_B6-0-0.mp4|0.99932265|(1,2522,0.99932265)
v=wnd3IYH7x1o__#1_label_G-0-0.mp4|0.99502397|(1,1139,0.99502397)
v=Dh-3BlhAOnE__#00-00-00_00-13-36_label_B4-0-0.mp4|0.99994636|(5,4001,0.99738127,4000,8001,0.3494983,8000,12001,0.14519763,12000,16001,0.9868644,15586,19586,0.99994636)
v=waIS8TaJxts__#00-09-00_00-10-45_label_B6-0-0.mp4|0.7941333|(1,2522,0.7941333)
Ip.Man.2008__#01-14-31_01-15-24_label_B1-0-0.mp4|0.0032112265|(1,1274,0.0032112265)
v=8oTjTufJnXI__#1_label_G-0-0.mp4|0.9948107|(1,2694,0.9948107)
v=3y2OOc6WTrg__#1_label_B1-0-0.mp4|0.85723317|(2,4001,0.85723317,352,4352,0.53950596)
v=k7R_Qo-BiAw__#00-10-30_00-10-51_label_B6-0-0.mp4|0.9999162|(1,506,0.9999162)
Love.Death.and.Robots.S01E13__#0-11-48_0-12-07_label_G-0-0.mp4|0.9999596|(1,456,0.9999596)
Braveheart.1995__#02-07-00_02-08-15_label_B1-0-0.mp4|0.98261917|(1,1802,0.98261917)
Saving.Private.Ryan.1998__#02-20-00_02-20-13_label_G-0-0.mp4|0.021594983|(1,313,0.021594983)
v=yy-KIWDcBr4__#00-08-35_00-10-25_label_B6-0-0.mp4|0.9999316|(1,2642,0.9999316)
v=vhACO_m5pH0__#00-14-42_00-15-40_label_B6-0-0.mp4|0.9992662|(1,1394,0.9992662)
v=7zEFHKKBA0g__#1_label_B4-0-0.mp4|0.091135934|(2,4001,0.091135934,420,4420,0.0016170818)
Saving.Private.Ryan.1998__#00-47-50_00-49-35_label_B2-0-0.mp4|0.9439716|(1,2521,0.9439716)
v=cEOM18n8fhU__#1_label_G-0-0.mp4|0.98871803|(1,2831,0.98871803)
v=aWPWHU8x6kE__#1_label_B4-0-0.mp4|0.98366135|(2,4001,0.8581874,829,4829,0.98366135)
v=yrpZJ8Vr3aA__#1_label_B1-0-0.mp4|0.9370499|(1,2354,0.9370499)
v=w16YmhAZ1_Y__#1_label_G-0-0.mp4|0.9999918|(1,1480,0.9999918)
v=1djrJ0wxlYo__#1_label_B4-0-0.mp4|0.9960652|(1,1536,0.9960652)
Casino.Royale.2006__#00-50-05_00-51-16_label_B1-B2-B6.mp4|0.9996216|(1,1705,0.9996216)
v=SE5fxK7SasU__#00-03-23_00-04-08_label_B4-0-0.mp4|0.9972319|(1,1082,0.9972319)
Operation.Red.Sea.2018__#0-29-36_0-30-20_label_B2-G-0.mp4|0.9799697|(1,1056,0.9799697)
v=7rDRFFSUrPI__#00-01-50_00-02-32_label_G-0-0.mp4|0.74194187|(1,1010,0.74194187)
Casino.Royale.2006__#01-46-40_01-47-14_label_B6-0-0.mp4|0.9948777|(1,817,0.9948777)
v=u0Tnw01PNxc__#1_label_B4-0-0.mp4|0.7019963|(1,1377,0.7019963)
v=ZoS8gm5OcOM__#00-06-20_00-07-30_label_B6-0-0.mp4|0.9997937|(1,1682,0.9997937)
Rush.Hour.1998.BluRay__#01-25-21_01-25-46_label_B2-0-0.mp4|0.0007202571|(1,602,0.0007202571)
Fast.Furious.6.2013__#01-03-25_01-04-59_label_B1-0-0.mp4|0.9953542|(1,2256,0.9953542)
Brick.Mansions.2014__#00-16-26_00-17-12_label_B1-0-0.mp4|0.9541826|(1,1104,0.9541826)
v=fIlmgvc-bUk__#1_label_B4-0-0.mp4|0.99970335|(1,1415,0.99970335)
v=GqMh_HBNWZE__#00-01-00_00-02-45_label_B6-0-0.mp4|0.9861667|(1,2522,0.9861667)
v=PuZy1PQIgrA__#1_label_B1-0-0.mp4|0.70718557|(1,2816,0.70718557)
v=OFxPTJxA5pg__#1_label_B4-0-0.mp4|0.4721755|(5,4001,0.008441451,4000,8001,0.001232344,8000,12001,0.005168518,12000,16001,0.2063858,13542,17542,0.4721755)
v=vhACO_m5pH0__#00-20-42_00-22-40_label_B6-0-0.mp4|0.99998844|(1,2834,0.99998844)
Mindhunters.2004__#01-19-00_01-20-05_label_B2-0-0.mp4|0.99900645|(1,1561,0.99900645)
v=RUjrMYWhLng__#1_label_B6-0-0.mp4|0.9640909|(3,4001,0.0005606162,4000,8001,0.9640909,6434,10434,0.079666145)
v=iHuggczItBk__#00-01-00_00-02-45_label_B6-0-0.mp4|0.0924137|(1,2522,0.0924137)
v=GbMQ2CxeNHU__#1_label_B4-0-0.mp4|0.99756634|(2,4001,0.99756634,1490,5490,0.99633396)
v=ROrpKx3aIjA__#1_label_G-0-0.mp4|0.9998524|(1,1300,0.9998524)
v=abATVcjFumY__#1_label_G-0-0.mp4|0.017156258|(1,1835,0.017156258)
v=T-LH8Gv5zzY__#1_label_B4-0-0.mp4|0.9593401|(1,2426,0.9593401)
Sin.City.2005__#0-06-42_0-07-06_label_B1-0-0.mp4|0.3188397|(1,577,0.3188397)
Fast.Furious.6.2013__#00-45-40_00-47-13_label_B2-0-0.mp4|0.99981934|(1,2233,0.99981934)
v=X4I8FhpGJwo__#00-09-00_00-10-45_label_B6-0-0.mp4|0.99980694|(1,2522,0.99980694)
v=zI0q5UDP47g__#1_label_B4-0-0.mp4|0.9993356|(1,3603,0.9993356)
v=HSisjzLESak__#00-01-00_00-02-45_label_B6-0-0.mp4|0.99949|(1,2522,0.99949)
v=gbRIKogNZvE__#1_label_B4-0-0.mp4|0.170129|(1,2990,0.170129)
Fury.2014__#00-07-30_00-07-58_label_G-0-0.mp4|0.99988616|(1,673,0.99988616)
Haywire.2011__#00-03-51_00-05-12_label_B1-B2-0.mp4|0.00023212578|(1,1945,0.00023212578)
v=8ewWXhYRUNs__#1_label_B1-0-0.mp4|0.9967901|(1,1369,0.9967901)
v=JfLYNEsrTew__#1_label_G-0-0.mp4|0.88646954|(1,750,0.88646954)
GoldenEye.1995__#02-03-40_02-04-13_label_G-0-0.mp4|0.9800135|(1,794,0.9800135)
Deadpool.2.2018__#01-03-09_01-03-54_label_B4-0-0.mp4|0.20075992|(1,1081,0.20075992)
v=sE-DC2trBkI__#00-01-00_00-02-45_label_B6-0-0.mp4|0.999087|(1,2522,0.999087)
v=QWwDsPSe7iM__#1_label_B4-0-0.mp4|0.093330696|(1,2334,0.093330696)
v=rKpXqwE2rg8__#00-01-57_00-03-06_label_B4-0-0.mp4|0.9969739|(1,1658,0.9969739)
v=qqsd-cZr01k__#00-01-00_00-02-45_label_B6-0-0.mp4|0.99992394|(1,2522,0.99992394)
v=waIS8TaJxts__#00-07-40_00-08-50_label_B6-0-0.mp4|0.748028|(1,1682,0.748028)
Jason.Bourne.2016__#0-50-20_0-50-30_label_G-0-0.mp4|0.9979206|(1,241,0.9979206)
v=8oJMGgaww70__#1_label_B4-0-0.mp4|0.9963014|(1,3595,0.9963014)
Mission.Impossible.Ghost.Protocol.2011__#01-12-38_01-13-43_label_B1-0-0.mp4|0.016532177|(1,1561,0.016532177)
v=3e3C-LQWF2s__#1_label_B1-0-0.mp4|0.7306489|(2,4001,0.5955992,421,4421,0.7306489)
v=yDqThVpu1AM__#1_label_B4-0-0.mp4|0.09732907|(1,744,0.09732907)
v=u5SF4SlqNDQ__#00-00-00_00-01-00_label_G-0-0.mp4|0.9972179|(1,1442,0.9972179)
v=DD3jfKr8e-k__#00-00-00_00-01-40_label_B4-0-0.mp4|0.08525934|(1,2402,0.08525934)
Bullet.in.the.Head.1990__#00-17-20_00-18-55_label_B1-0-0.mp4|0.9848183|(1,2281,0.9848183)
v=CFfc4UWzVB8__#00-00-00_00-00-30_label_B4-0-0.mp4|0.026126483|(1,722,0.026126483)
v=251___mEwZA__#1_label_B1-0-0.mp4|0.056506835|(2,4001,0.056506835,577,4577,0.011900536)
v=FRj2K0ulD8Q__#00-04-16_00-06-05_label_B4-0-0.mp4|0.99911433|(1,2618,0.99911433)
v=_BgJEXQkjNQ__#1_label_G-0-0.mp4|0.9474034|(3,4001,0.00010278955,4000,8001,0.9474034,4139,8139,0.32882464)
v=waIS8TaJxts__#00-01-30_00-02-45_label_B6-0-0.mp4|0.99538946|(1,1802,0.99538946)
v=Y43UkfAe_bc__#00-00-00_00-01-40_label_B4-0-0.mp4|0.93983245|(1,2402,0.93983245)
v=tT-SrQC6Ddw__#00-04-00_00-05-15_label_B6-0-0.mp4|0.018257473|(1,1800,0.018257473)
v=qrKfaX1lCUM__#1_label_G-0-0.mp4|1.3553289e-06|(2,4001,1.3553289e-06,3409,7409,1.1518358e-06)
The.Bourne.Identity.2002__#0-19-53_0-21-48_label_B1-0-0.mp4|0.04276899|(1,2761,0.04276899)
Desperado.1995__#00-38-36_00-39-21_label_B1-B2-0.mp4|0.67373586|(1,1081,0.67373586)
Spectre.2015__#02-02-57_02-03-27_label_B1-B2-0.mp4|0.027539229|(1,722,0.027539229)
v=PRH5rYUHoVU__#00-00-25_00-02-50_label_B6-0-0.mp4|0.9999472|(1,3480,0.9999472)
Fast.Furious.2009__#01-29-10_01-29-55_label_B2-0-0.mp4|0.0004701376|(1,1080,0.0004701376)
The.Bourne.Identity.2002__#01-45-00_01-45-46_label_B1-0-0.mp4|0.9999982|(1,1104,0.9999982)
v=KUeUxbsBO6s__#1_label_B1-0-0.mp4|0.025509628|(1,2748,0.025509628)
Spectre.2015__#01-32-55_01-35-40_label_B1-B2-0.mp4|0.99999464|(1,3962,0.99999464)
v=2Rr21qkZEDQ__#00-14-10_00-16-09_label_B6-0-0.mp4|0.9769395|(1,2858,0.9769395)
v=J67oj92maC0__#1_label_G-0-0.mp4|0.9997185|(2,4001,0.9976076,673,4673,0.9997185)
v=aQ3qMpgZjwg__#00-00-00_00-01-48_label_B4-0-0.mp4|0.0009824843|(1,2593,0.0009824843)
Quantum.Of.Solace.2008__#01-30-26_01-30-42_label_B2-B1-0.mp4|0.15502419|(1,384,0.15502419)
Sin.City.2005__#0-22-04_0-22-18_label_B5-0-0.mp4|0.9111303|(1,337,0.9111303)
Fast.Five.2011__#01-29-27_01-32-05_label_B1-0-0.mp4|0.99957114|(1,3793,0.99957114)
Taken.3.2014__#01-09-26_01-09-54_label_G-0-0.mp4|0.8549273|(1,674,0.8549273)
God.Bless.America.2011__#01-32-00_01-32-50_label_B2-0-0.mp4|0.0034163469|(1,1201,0.0034163469)
v=afhttnv46Y4__#1_label_B1-0-0.mp4|0.9737568|(1,2500,0.9737568)
v=EOAfl8yMiN8__#00-00-00_00-00-51_label_B6-0-0.mp4|0.9999124|(1,1226,0.9999124)
Black.Hawk.Down.2001__#01-32-40_01-34-00_label_B4-0-0.mp4|0.9885499|(1,1921,0.9885499)
v=35zynOrkvMk__#1_label_G-0-0.mp4|0.29664463|(1,365,0.29664463)
Mission.Impossible.II.2000__#01-18-55_01-20-53_label_B2-0-0.mp4|2.804703e-07|(1,2833,2.804703e-07)
Young.And.Dangerous.IV.1997__#01-07-50_01-09-45_label_B1-0-0.mp4|0.9975706|(1,2761,0.9975706)
v=vaSOMEIe1Bg__#1_label_G-0-0.mp4|0.7750949|(1,1385,0.7750949)
Sin.City.2005__#0-32-00_0-32-16_label_B2-0-0.mp4|1.1290468e-06|(1,384,1.1290468e-06)
Kill.Bill.Vol.1.2003__#01-21-39_01-26-55_label_B1-0-0.mp4|7.248782e-05|(2,4001,5.4745826e-05,3585,7585,7.248782e-05)
Mission.Impossible.II.2000__#01-29-30_01-29-44_label_B1-0-0.mp4|0.99813324|(1,337,0.99813324)
v=38GQ9L2meyE__#1_label_B6-0-0.mp4|0.99991393|(2,4001,0.99991393,650,4650,0.9998778)
v=HSisjzLESak__#00-07-40_00-08-50_label_B6-0-0.mp4|0.999803|(1,1682,0.999803)
Spectre.2015__#01-10-35_01-10-53_label_B2-0-0.mp4|0.9988663|(1,433,0.9988663)
Ip.Man.2008__#00-48-57_00-50-47_label_B1-0-0.mp4|0.004707832|(1,2641,0.004707832)
Yellow.Sea.2010__#01-58-30_01-59-27_label_B5-0-0.mp4|0.99651307|(1,1369,0.99651307)
City.of.God.2002__#00-37-20_00-38-02_label_B5-0-0.mp4|3.8604147e-05|(1,1009,3.8604147e-05)
v=BFPkt0AuSFA__#1_label_B4-0-0.mp4|0.9999964|(1,3380,0.9999964)
Haywire.2011__#00-39-07_00-41-48_label_B1-B2-0.mp4|0.08629864|(1,3865,0.08629864)
v=Z12t5h2mBJc__#1_label_B1-0-0.mp4|0.95114726|(2,4001,0.84184885,1047,5047,0.95114726)
Taken.2.UNRATED.EXTENDED.2012__#00-13-42_00-14-16_label_B5-0-0.mp4|0.00012677668|(1,818,0.00012677668)
v=fhiAyxpDQMU__#1_label_B4-0-0.mp4|0.6832377|(1,3985,0.6832377)
Jason.Bourne.2016__#0-17-25_0-18-53_label_B4-0-0.mp4|0.9995639|(1,2112,0.9995639)
Ip.Man.3.2015__#00-17-51_00-18-51_label_B1-0-0.mp4|0.08697214|(1,1440,0.08697214)
Death.Proof.2007__#00-45-05_00-47-36_label_B5-0-0.mp4|0.006469832|(1,3625,0.006469832)
v=nLAapCIlr-o__#00-08-35_00-10-25_label_B6-0-0.mp4|0.79340595|(1,2642,0.79340595)
v=CUr-Mg8Hmh0__#1_label_G-0-0.mp4|0.34941995|(2,4001,0.032475885,1043,5043,0.34941995)
The.Bourne.Legacy.2012__#0-39-56_0-40-15_label_G-0-0.mp4|0.0042027645|(1,457,0.0042027645)
v=0qtIjyt-7wg__#00-04-00_00-05-15_label_B6-0-0.mp4|0.6066022|(1,1802,0.6066022)
v=DtxU8UYiFws__#1_label_G-0-0.mp4|0.0009022786|(1,1450,0.0009022786)
v=f6j3YWgVBto__#00-06-16_00-06-51_label_B6-0-0.mp4|0.45726192|(1,840,0.45726192)
Black.Hawk.Down.2001__#02-00-12_02-01-29_label_B2-0-0.mp4|0.8811249|(1,1850,0.8811249)
v=X1arMZmYhsk__#00-13-00_00-14-09_label_B6-0-0.mp4|0.9997682|(1,1658,0.9997682)
Saving.Private.Ryan.1998__#02-25-42_02-26-03_label_B2-0-0.mp4|0.009741628|(1,505,0.009741628)
v=LJ0Pu5_Mefs__#1_label_G-0-0.mp4|0.9999939|(1,984,0.9999939)
The.Hurt.Locker.2008__#01-02-10_01-03-55_label_B2-0-0.mp4|0.0076826806|(1,2521,0.0076826806)
v=rXWOpZ7W2fA__#1_label_B1-0-0.mp4|0.9968264|(1,2796,0.9968264)
Casino.Royale.2006__#00-51-16_00-52-41_label_B1-B6-0.mp4|0.9939878|(1,2041,0.9939878)
Brick.Mansions.2014__#00-11-57_00-12-12_label_B2-0-0.mp4|0.038333636|(1,360,0.038333636)
The.Bourne.Identity.2002__#01-27-39_01-29-19_label_B2-0-0.mp4|0.9991431|(1,2400,0.9991431)
v=xe4ee56aHSg__#1_label_G-0-0.mp4|0.72783434|(1,532,0.72783434)
Desperado.1995__#00-16-48_00-18-52_label_B1-0-0.mp4|0.0004390426|(1,2977,0.0004390426)
v=6TR2rcgHm4g__#1_label_B4-0-0.mp4|0.057231944|(1,1621,0.057231944)
v=w2NgAYJHnS0__#1_label_G-0-0.mp4|0.96358025|(1,1011,0.96358025)
Sin.City.2005__#01-19-08_01-19-23_label_G-0-0.mp4|0.35722575|(1,361,0.35722575)
Braveheart.1995__#02-05-34_02-06-40_label_B1-0-0.mp4|0.9994147|(1,1585,0.9994147)
v=uBXprlsmd18__#00-06-10_00-07-19_label_B6-0-0.mp4|0.99994063|(1,1658,0.99994063)
Fast.Five.2011__#00-32-56_00-33-26_label_B2-0-0.mp4|0.99830306|(1,721,0.99830306)
v=YhCSFZNwfHc__#00-01-15_00-01-42_label_G-B2-0.mp4|0.9394573|(1,648,0.9394573)
Bullet.in.the.Head.1990__#02-02-00_02-05-22_label_B2-B6-G.mp4|0.9991616|(2,4001,0.9991616,849,4849,0.98332155)
v=7isLhaNYgkU__#1_label_B4-0-0.mp4|0.9998373|(2,4001,0.9998373,1706,5706,0.9756756)
City.Of.Men.2007__#00-51-50_00-53-31_label_B2-0-0.mp4|0.99298614|(1,2425,0.99298614)
wangted.2008__#0-22-55_0-23-40_label_B2-0-0.mp4|0.06236813|(1,1081,0.06236813)
v=CLFYvG6MsZU__#00-02-16_00-05-06_label_B2-0-0.mp4|0.00019892027|(2,4001,4.00962e-07,83,4083,0.00019892027)
Bad.Boys.1995__#01-11-55_01-12-40_label_G-B2-B6.mp4|0.9998472|(1,1081,0.9998472)
GoldenEye.1995__#01-17-05_01-19-57_label_B2-B1-0.mp4|0.9997111|(2,4001,0.99968255,129,4129,0.9997111)
Kill.Bill.Vol.2.2004__#0-25-20_0-26-20_label_B2-0-0.mp4|9.486194e-12|(1,1441,9.486194e-12)
v=wVey5JDRf_g__#00-04-09_00-05-06_label_B6-0-0.mp4|0.9997179|(1,1371,0.9997179)
v=tv0rI-5ycBU__#1_label_B4-0-0.mp4|0.99999356|(1,3249,0.99999356)
Yellow.Sea.2010__#01-05-40_01-06-47_label_B1-B2-0.mp4|0.99800664|(1,1609,0.99800664)
v=YdrISbwy_zI__#1_label_G-0-0.mp4|0.9999691|(1,1723,0.9999691)
v=pL2HjXvWuPc__#1_label_B1-0-0.mp4|0.014022655|(2,4001,0.0054969853,836,4836,0.014022655)
v=7xQr5wYwNPg__#1_label_B4-0-0.mp4|0.9820077|(1,1121,0.9820077)
v=vv-MFJPi4Qs__#1_label_G-0-0.mp4|0.9999765|(1,1004,0.9999765)
Mission.Impossible.III.2006__#01-06-52_01-07-15_label_G-0-0.mp4|0.99859184|(1,553,0.99859184)
Mission.Impossible.V.Rogue.Nation.2015__#01-15-52_01-16-48_label_B6-B2-0.mp4|0.6093127|(1,1344,0.6093127)
Spectre.2015__#01-08-58_01-09-20_label_B1-B2-0.mp4|0.94068646|(1,529,0.94068646)
v=OB0-MXNPUIU__#1_label_B4-0-0.mp4|0.4230931|(2,4001,0.02840078,21,4021,0.4230931)
Kill.Bill.Vol.1.2003__#01-26-56_01-28-18_label_B1-0-0.mp4|1.3268044e-06|(1,1969,1.3268044e-06)
v=wPkBaI6vOv0__#00-00-00_00-01-00_label_G-0-0.mp4|0.4856623|(1,1442,0.4856623)
v=0qtIjyt-7wg__#00-00-00_00-00-51_label_B6-0-0.mp4|0.99970055|(1,1226,0.99970055)
v=S-7rRLrxnVQ__#1_label_B4-0-0.mp4|0.9992736|(1,3273,0.9992736)
Ip.Man.2008__#00-46-51_00-47-30_label_B1-0-0.mp4|0.9959372|(1,937,0.9959372)
City.of.God.2002__#01-52-20_01-54-32_label_B2-0-0.mp4|0.99919957|(1,3169,0.99919957)
v=vhACO_m5pH0__#00-09-42_00-10-40_label_B6-0-0.mp4|0.00013421368|(1,1394,0.00013421368)
Mission.Impossible.II.2000__#01-25-08_01-25-31_label_B2-0-0.mp4|0.9999635|(1,553,0.9999635)
Taken.2.UNRATED.EXTENDED.2012__#01-18-40_01-19-00_label_B1-0-0.mp4|0.9972065|(1,481,0.9972065)
v=bfOlheR5nUQ__#00-00-00_00-04-33_label_B4-0-0.mp4|0.9966342|(2,4001,0.00021848023,2554,6554,0.9966342)
The.Fast.and.the.Furious.2001__#01-14-04_01-15-20_label_B1-0-0.mp4|0.59827185|(1,1825,0.59827185)
v=zoIn2hOrUIM__#00-06-10_00-07-19_label_B6-0-0.mp4|0.99980515|(1,1658,0.99980515)
Ip.Man.3.2015__#00-46-08_00-54-20_label_B1-0-0.mp4|0.99336916|(3,4001,3.3475776e-06,4000,8001,0.0019124673,7808,11808,0.99336916)
v=D1eP4Bn4hDQ__#00-09-20_00-10-45_label_B6-0-0.mp4|0.9993662|(1,2040,0.9993662)
v=ADQNFs9bfFk__#00-00-00_00-00-58_label_B4-0-0.mp4|5.5519096e-05|(1,1394,5.5519096e-05)
Young.And.Dangerous.I.1996__#0-46-25_0-46-55_label_B6-0-0.mp4|0.99850273|(1,722,0.99850273)
v=NnmqkS1e88s__#1_label_B4-0-0.mp4|0.70314854|(1,1752,0.70314854)
v=hxyhulJYz5I__#00-06-09_00-07-00_label_B6-0-0.mp4|0.89345026|(1,1226,0.89345026)
v=Rc9EOFjtj0c__#1_label_B6-0-0.mp4|0.9998734|(1,3365,0.9998734)
Rush.Hour.3.2007.BluRay__#00-04-59_00-05-31_label_B2-0-0.mp4|0.17127608|(1,769,0.17127608)
v=WiS3TIvykeY__#1_label_B4-0-0.mp4|0.15298851|(1,1562,0.15298851)
Taken.3.2014__#01-04-50_01-05-05_label_B1-0-0.mp4|0.23350835|(1,361,0.23350835)
Young.And.Dangerous.III.1996__#00-23-00_00-25-54_label_B4-0-0.mp4|1.1637935e-07|(2,4001,1.1637935e-07,178,4178,4.5933263e-08)
v=78u9uBJBqIw__#1_label_B4-B5-0.mp4|3.4348474e-07|(1,3486,3.4348474e-07)
v=FRj2K0ulD8Q__#00-06-05_00-08-25_label_B4-0-0.mp4|0.9984627|(1,3339,0.9984627)
The.Hurt.Locker.2008__#0-08-45_0-09-57_label_G-0-0.mp4|0.97582304|(1,1729,0.97582304)
Bad.Boys.II.2003__#00-06-42_00-10-00_label_B2-G-0.mp4|0.99342537|(2,4001,0.97411287,753,4753,0.99342537)
v=EOAfl8yMiN8__#00-03-00_00-04-09_label_B6-0-0.mp4|0.9999845|(1,1658,0.9999845)
v=v_LxqgpRouM__#1_label_G-0-0.mp4|0.98856723|(1,889,0.98856723)
The.Bourne.Legacy.2012__#0-59-18_01-01-52_label_B2-B1-0.mp4|0.9998975|(1,3697,0.9998975)
v=p7kvQ4OpDgU__#1_label_B4-0-0.mp4|0.9989692|(1,1889,0.9989692)
v=sE-DC2trBkI__#00-09-00_00-10-05_label_B6-0-0.mp4|0.3753317|(1,1563,0.3753317)
v=vhACO_m5pH0__#00-17-42_00-18-40_label_B6-0-0.mp4|0.997131|(1,1394,0.997131)
wangted.2008__#0-45-25_0-47-01_label_B1-0-0.mp4|0.8234524|(1,2305,0.8234524)
v=AF9p0YA0hyA__#00-00-45_00-01-44_label_B4-0-0.mp4|0.88535833|(1,1418,0.88535833)
Tropa.de.Elite.2.2010__#00-42-00_00-43-00_label_B2-0-0.mp4|1.2086774e-07|(1,1441,1.2086774e-07)
v=DRGMajXo_PI__#00-02-15_00-03-02_label_G-0-0.mp4|0.9999498|(1,1130,0.9999498)
New.Kids.Turbo.2010__#00-22-35_00-23-14_label_B1-0-0.mp4|0.0010197422|(1,936,0.0010197422)
v=uBXprlsmd18__#00-03-00_00-04-09_label_B6-0-0.mp4|0.9970626|(1,1658,0.9970626)
Mission.Impossible.Ghost.Protocol.2011__#01-56-52_01-57-03_label_B1-0-0.mp4|0.99085426|(1,264,0.99085426)
v=pFamvR9CpYw__#00-06-36_00-15-20_label_B4-0-0.mp4|0.99986947|(4,4001,0.999223,4000,8001,0.09948143,8000,12001,0.99986947,8579,12579,0.99595684)
v=tivXK3PGByk__#1_label_B1-0-0.mp4|0.99880207|(1,3690,0.99880207)
v=nLAapCIlr-o__#00-11-00_00-12-45_label_B6-0-0.mp4|0.99741167|(1,2522,0.99741167)
Mission.Impossible.II.2000__#01-32-56_01-33-25_label_B1-0-0.mp4|0.99834824|(1,697,0.99834824)
Mission.Impossible.Ghost.Protocol.2011__#00-01-18_00-01-40_label_B2-0-0.mp4|0.96871656|(1,529,0.96871656)
v=FfrXebzAwOg__#00-06-10_00-07-19_label_B6-0-0.mp4|0.998089|(1,1658,0.998089)
Mission.Impossible.Fallout.2018__#00-39-18_00-40-36_label_B1-0-0.mp4|0.99760723|(1,1873,0.99760723)
v=Q9Re4CnFJRg__#00-01-21_00-01-47_label_G-0-0.mp4|0.96343195|(1,624,0.96343195)
v=sE-DC2trBkI__#00-03-00_00-04-09_label_B6-0-0.mp4|0.99886024|(1,1658,0.99886024)
v=utQ5AvXtNLA__#1_label_B4-0-0.mp4|0.9998317|(1,1076,0.9998317)
v=waIS8TaJxts__#00-05-50_00-06-20_label_B6-0-0.mp4|0.0033068543|(1,723,0.0033068543)
Fast.Furious.2009__#00-25-59_00-26-25_label_B1-0-0.mp4|0.8781265|(1,625,0.8781265)
Love.Death.and.Robots.S01E15__#0-05-38_0-06-18_label_G-0-0.mp4|0.9985049|(1,960,0.9985049)
The.Fast.and.the.Furious.2001__#01-37-40_01-38-30_label_B6-0-0.mp4|0.7050869|(1,1201,0.7050869)
v=BpargJW29Wo__#00-00-50_00-01-30_label_B1-0-0.mp4|0.0016984666|(1,962,0.0016984666)
Operation.Red.Sea.2018__#01-20-58_01-22-00_label_B5-0-0.mp4|0.005683573|(1,1488,0.005683573)
v=O9g1uuI62m0__#1_label_B4-0-0.mp4|0.9166547|(2,4001,0.72619677,545,4545,0.9166547)
v=U6MC8JJJZSY__#1_label_G-0-0.mp4|0.9997981|(1,1045,0.9997981)
Mission.Impossible.III.2006__#01-54-02_01-54-40_label_B2-0-0.mp4|0.992618|(1,913,0.992618)
v=qmsQ-obL1Z4__#00-03-26_00-04-04_label_B6-0-0.mp4|0.9986665|(1,912,0.9986665)
v=Ia9ATKNeUbY__#00-01-52_00-03-10_label_B6-0-0.mp4|0.99980897|(1,1874,0.99980897)
v=_tsSKAsVZfo__#1_label_B4-0-0.mp4|0.00082617457|(1,2534,0.00082617457)
v=iHuggczItBk__#00-04-00_00-04-55_label_B6-0-0.mp4|0.99983525|(1,1322,0.99983525)
v=sbEHU4GskX4__#1_label_B1-0-0.mp4|0.93095493|(1,2832,0.93095493)
IP.Man.2.2010__#00-07-14_00-09-13_label_B1-0-0.mp4|0.0008167549|(1,2856,0.0008167549)
Young.And.Dangerous.I.1996__#0-20-50_0-22-15_label_B1-0-0.mp4|0.021597885|(1,2041,0.021597885)
v=X4I8FhpGJwo__#00-07-40_00-08-50_label_B6-0-0.mp4|0.9999242|(1,1682,0.9999242)
v=qyTGi0N4OVg__#1_label_G-0-0.mp4|0.9804984|(1,1248,0.9804984)
v=vhACO_m5pH0__#00-10-42_00-11-40_label_B6-0-0.mp4|0.7942836|(1,1394,0.7942836)
Tropa.de.Elite.2.2010__#00-46-11_00-46-50_label_B2-0-0.mp4|0.38565767|(1,937,0.38565767)
v=5Ftl4nOSytc__#1_label_G-0-0.mp4|0.9994019|(1,2282,0.9994019)
GoldenEye.1995__#02-02-15_02-02-47_label_B1-0-0.mp4|0.990333|(1,770,0.990333)
Casino.Royale.2006__#00-18-30_00-19-20_label_G-B2-0.mp4|0.014087674|(1,1201,0.014087674)
Braveheart.1995__#00-56-30_00-57-20_label_B1-0-0.mp4|0.00025303234|(1,1200,0.00025303234)
v=0W8LohxH9nI__#1_label_B1-0-0.mp4|0.0067501287|(1,1413,0.0067501287)
Operation.Red.Sea.2018__#0-02-17_0-02-37_label_B2-0-0.mp4|0.48162338|(1,480,0.48162338)
v=pHZ9gOfmY_k__#1_label_B4-0-0.mp4|0.9933235|(2,4001,0.9933235,1179,5179,0.9918406)
v=waIS8TaJxts__#00-00-00_00-00-51_label_B6-0-0.mp4|0.999951|(1,1226,0.999951)
v=6KQFxxHmVMc__#1_label_B1-0-0.mp4|0.7818267|(1,3654,0.7818267)
Skyfall.2012__#00-03-22_00-03-40_label_B6-0-0.mp4|0.7626048|(1,433,0.7626048)
Fury.2014__#00-39-36_00-40-44_label_B1-B2-0.mp4|1.7241222e-05|(1,1634,1.7241222e-05)
v=MJLylzPRvyw__#1_label_B4-0-0.mp4|0.025767876|(1,3587,0.025767876)
v=Q8K7roZu3WU__#1_label_B1-0-0.mp4|0.9335441|(1,1295,0.9335441)
v=BzwNU2xmT64__#00-01-00_00-02-45_label_B6-0-0.mp4|0.99959725|(1,2522,0.99959725)
v=FW_qbiPH7UA__#1_label_B1-0-0.mp4|6.081879e-07|(1,3283,6.081879e-07)
v=TOEVc-pOEwM__#00-08-40_00-10-40_label_B6-0-0.mp4|0.99971586|(1,2883,0.99971586)
v=HUL83wCQATc__#1_label_B1-0-0.mp4|0.42436776|(1,2103,0.42436776)
v=IWzI9V3WSnc__#1_label_B4-0-0.mp4|0.88617885|(1,2689,0.88617885)
v=0N0PbzjEg0U__#1_label_B4-0-0.mp4|0.96089923|(1,1518,0.96089923)
v=TfS-MJoVNjM__#1_label_B4-0-0.mp4|0.98823583|(1,1311,0.98823583)
v=m5zK-tzYCQM__#1_label_B4-0-0.mp4|0.7012185|(1,1755,0.7012185)
v=Y1hxr1MWLjM__#1_label_B1-0-0.mp4|1.0159614e-05|(1,3071,1.0159614e-05)
Love.Death.and.Robots.S01E10__#0-01-00_0-02-13_label_B2-G-0.mp4|0.99749005|(1,1752,0.99749005)
v=H5W58Loofks__#00-05-50_00-06-20_label_B6-0-0.mp4|0.6738485|(1,723,0.6738485)
v=d5lTTPvJLpw__#1_label_B4-0-0.mp4|0.001223186|(2,4001,0.00025034067,2277,6277,0.001223186)
Crank.Dircut.2006__#0-27-42_0-29-01_label_B1-0-0.mp4|0.74207807|(1,1898,0.74207807)
Mission.Impossible.V.Rogue.Nation.2015__#00-14-40_00-17-12_label_B1-0-0.mp4|0.11936784|(1,3649,0.11936784)
Kingsman.The.Golden.Circle.2017__#00-41-22_00-41-32_label_B2-0-0.mp4|0.0005972651|(1,241,0.0005972651)
v=Ia9ATKNeUbY__#00-06-19_00-06-50_label_B6-0-0.mp4|0.99996305|(1,746,0.99996305)
Gladiator.2000__#01-10-27_01-11-59_label_B1-0-0.mp4|0.0070624645|(1,2208,0.0070624645)
City.Of.Men.2007__#01-35-30_01-36-00_label_B2-0-0.mp4|0.81994593|(1,721,0.81994593)
v=ovQ1VTJ_IUI__#1_label_B1-0-0.mp4|0.59137297|(1,1688,0.59137297)
The.Fast.and.the.Furious.2001__#01-24-18_01-25-05_label_B6-0-0.mp4|0.99819237|(1,1128,0.99819237)
City.Of.Men.2007__#01-17-27_01-17-59_label_B2-0-0.mp4|0.7275957|(1,769,0.7275957)
Brick.Mansions.2014__#00-41-25_00-42-36_label_B1-0-0.mp4|0.51312387|(1,1704,0.51312387)
Mission.Impossible.II.2000__#01-46-20_01-47-11_label_B2-B6-0.mp4|0.9998068|(1,1225,0.9998068)
Taken.2.UNRATED.EXTENDED.2012__#01-18-25_01-18-40_label_B2-0-0.mp4|0.9999579|(1,361,0.9999579)
Rush.Hour.1998.BluRay__#01-20-28_01-21-38_label_B2-0-0.mp4|0.16341738|(1,1682,0.16341738)
v=kPWdgckIhLI__#1_label_B4-0-0.mp4|0.9998683|(1,793,0.9998683)
wangted.2008__#0-48-30_0-49-00_label_B2-0-0.mp4|0.9890035|(1,721,0.9890035)
Taken.3.2014__#00-03-58_00-04-16_label_B2-0-0.mp4|0.9796943|(1,433,0.9796943)
Law.Abiding.Citizen.2009__#01-26-34_01-27-25_label_B2-0-0.mp4|0.30731827|(1,1225,0.30731827)
God.Bless.America.2011__#00-12-40_00-13-12_label_B2-0-0.mp4|0.05974058|(1,769,0.05974058)
v=JHsfKFF9Oag__#1_label_A.mp4|1.8307744e-06|(1,2699,1.8307744e-06)
v=fkps18H3SXY__#00-36-00_00-42-00_label_A.mp4|0.46851954|(3,4001,0.0040760934,4000,8001,0.46851954,4643,8643,0.23403646)
Flipped.2010__#00-45-40_00-47-30_label_A.mp4|0.012426629|(1,2641,0.012426629)
Tropa.de.Elite.2.2010__#01-33-31_01-34-20_label_A.mp4|2.0047638e-07|(1,1177,2.0047638e-07)
Gladiator.2000__#02-43-00_02-43-59_label_A.mp4|0.9943005|(1,1417,0.9943005)
Mission.Impossible.V.Rogue.Nation.2015__#01-29-39_01-33-39_label_A.mp4|0.00067635963|(2,4001,0.00067635963,1762,5762,3.8969347e-07)
v=RRiN5W9XwJE__#1_label_A.mp4|0.9017503|(1,2616,0.9017503)
v=-5RWxUUJ7lQ__#1_label_A.mp4|0.14494413|(5,4001,2.3812363e-06,4000,8001,0.14494413,8000,12001,0.002512184,12000,16001,0.0025648419,15123,19123,0.11867687)
v=9eME1y6V-T4__#02-00-00_02-06-00_label_A.mp4|0.003096666|(3,4001,2.8857633e-06,4000,8001,0.000692917,4642,8642,0.003096666)
v=enYITYwvPAQ__#00-27-00_00-30-00_label_A.mp4|3.1696384e-08|(2,4001,3.1696384e-08,321,4321,2.42593e-08)
Bullet.in.the.Head.1990__#00-51-46_00-52-50_label_A.mp4|1.3366205e-06|(1,1537,1.3366205e-06)
Deadpool.2016__#0-18-35_0-18-55_label_A.mp4|0.00055526453|(1,481,0.00055526453)
New.Kids.Turbo.2010__#00-41-30_00-42-05_label_A.mp4|0.0051188506|(1,840,0.0051188506)
v=4jVgDKbu_TI__#1_label_A.mp4|0.00013060594|(5,4001,3.696535e-07,4000,8001,2.9666288e-07,8000,12001,3.248706e-08,12000,16001,1.733303e-07,14974,18974,0.00013060594)
Haywire.2011__#00-02-06_00-03-29_label_A.mp4|6.8556315e-06|(1,1993,6.8556315e-06)
God.Bless.America.2011__#00-51-00_00-52-00_label_A.mp4|2.1100473e-06|(1,1441,2.1100473e-06)
Kingsman.The.Secret.Service.2014__#00-25-29_00-26-24_label_A.mp4|6.731667e-07|(1,1321,6.731667e-07)
v=x0-z4h6mFoU__#1_label_A.mp4|1.0095478e-07|(2,4001,1.0095478e-07,610,4610,3.117666e-08)
Love.Me.If.You.Dare.2003__#00-11-20_00-15-08_label_A.mp4|0.00015228445|(2,4001,0.00015228445,1474,5474,1.3475062e-08)
v=H9Y5_X1sEEA__#00-42-00_00-45-00_label_A.mp4|1.547605e-06|(2,4001,3.5886347e-07,322,4322,1.547605e-06)
The.Bourne.Ultimatum.2007__#0-55-55_0-56-10_label_A.mp4|0.9888466|(1,361,0.9888466)
Hot.Fuzz.2007__#00-19-20_00-22-06_label_A.mp4|5.6425248e-05|(1,3986,5.6425248e-05)
The.Intouchables.2011__#00-51-55_00-55-16_label_A.mp4|1.488171e-09|(2,4001,6.6015277e-10,826,4826,1.488171e-09)
Tropa.de.Elite.2.2010__#00-05-30_00-06-30_label_A.mp4|1.8554489e-05|(1,1441,1.8554489e-05)
v=yZ2wlTAN49g__#00-03-00_00-06-00_label_A.mp4|3.9642288e-08|(2,4001,1.08906475e-08,322,4322,3.9642288e-08)
v=gGlqujwrhbI__#00-12-00_00-15-00_label_A.mp4|4.4361177e-06|(2,4001,3.0073795e-06,322,4322,4.4361177e-06)
v=LYzmr5ORvCg__#1_label_A.mp4|1.18274976e-07|(1,3925,1.18274976e-07)
v=MyM5G7fo7Gg__#00-06-00_00-09-00_label_A.mp4|0.0003372054|(2,4001,3.4084314e-05,322,4322,0.0003372054)
Before.Sunrise.1995__#01-36-45_01-38-10_label_A.mp4|0.0032001934|(1,2040,0.0032001934)
v=ErOcW_CSOyQ__#1_label_A.mp4|0.00026114873|(5,4001,1.8522513e-07,4000,8001,0.00026114873,8000,12001,6.561633e-05,12000,16001,3.2577636e-09,13477,17477,2.8912104e-09)
v=9eME1y6V-T4__#01-06-00_01-12-00_label_A.mp4|0.0005129185|(3,4001,0.0005129185,4000,8001,4.8750667e-06,4642,8642,0.000120187935)
God.Bless.America.2011__#01-23-13_01-25-31_label_A.mp4|0.0022709018|(1,3313,0.0022709018)
v=pCyCi-q4MqY__#1_label_A.mp4|0.6771264|(2,4001,0.6771264,714,4714,0.032055557)
v=Hd_2Y29_FLU__#1_label_A.mp4|9.514369e-07|(1,3272,9.514369e-07)
GoldenEye.1995__#01-33-40_01-34-30_label_A.mp4|0.0027572787|(1,1201,0.0027572787)
v=a0TQkX_zLt0__#1_label_A.mp4|0.7397365|(3,4001,0.7397365,4000,8001,3.0090672e-07,7764,11764,0.033340465)
Be.with.You.2018__#00-16-18_00-18-09_label_A.mp4|0.0010805716|(1,2665,0.0010805716)
v=NeAC-MfTZzU__#00-15-00_00-18-00_label_A.mp4|1.93959e-07|(2,4001,1.93959e-07,322,4322,3.7188208e-10)
About.Time.2013__#00-23-50_00-24-31_label_A.mp4|5.132686e-06|(1,985,5.132686e-06)
v=QUlWIIHMIEQ__#1_label_A.mp4|0.99259275|(1,1106,0.99259275)
A.Beautiful.Mind.2001__#01-14-30_01-16-59_label_A.mp4|2.078215e-09|(1,3577,2.078215e-09)
Flipped.2010__#01-07-30_01-09-51_label_A.mp4|2.4022812e-08|(1,3384,2.4022812e-08)
v=I7oSupyExVY__#1_label_A.mp4|0.9993469|(2,4001,0.9083755,825,4825,0.9993469)
v=8SC55pYljMM__#1_label_A.mp4|0.00046235404|(2,4001,7.024824e-05,324,4324,0.00046235404)
Kingsman.The.Golden.Circle.2017__#00-44-52_00-46-20_label_A.mp4|4.5231973e-05|(1,2113,4.5231973e-05)
v=vFPQ_NiDBIU__#02-42-00_02-48-00_label_A.mp4|0.00012608552|(3,4001,0.00012608552,4000,8001,2.3023172e-06,4640,8640,1.7522112e-08)
v=lVJVRywgmYM__#1_label_A.mp4|0.26258624|(2,4001,0.26258624,1937,5937,0.1625871)
v=KERh4R2BbS0__#1_label_A.mp4|0.00014187854|(6,4001,1.943834e-07,4000,8001,1.5718983e-06,8000,12001,3.6089205e-08,12000,16001,2.532418e-06,16000,20001,3.359246e-07,16652,20652,0.00014187854)
v=Yr41_8QOTF8__#00-09-00_00-12-00_label_A.mp4|1.6558873e-08|(2,4001,1.6558873e-08,321,4321,8.42473e-09)
v=rmDBn5Rpd3s__#1_label_A.mp4|0.9777524|(1,707,0.9777524)
v=9eME1y6V-T4__#00-42-00_00-48-00_label_A.mp4|0.89303714|(3,4001,4.2503398e-06,4000,8001,0.0044849575,4642,8642,0.89303714)
v=vFPQ_NiDBIU__#01-00-00_01-06-00_label_A.mp4|2.5121665e-06|(3,4001,2.9180038e-08,4000,8001,4.8087367e-07,4640,8640,2.5121665e-06)
v=GnN9VTh_s2A__#1_label_A.mp4|0.95747983|(1,683,0.95747983)
v=ajnl7P9bf78__#1_label_A.mp4|0.9989697|(1,1624,0.9989697)
Fury.2014__#01-13-32_01-14-43_label_A.mp4|0.0012779423|(1,1705,0.0012779423)
Desperado.1995__#01-22-10_01-23-17_label_A.mp4|0.00020376651|(1,1609,0.00020376651)
v=5l-nbDl0qvg__#1_label_A.mp4|0.0010194427|(4,4001,7.2590694e-07,4000,8001,3.1129042e-07,8000,12001,7.435537e-05,9124,13124,0.0010194427)
Before.Sunrise.1995__#00-23-50_00-24-31_label_A.mp4|0.9861691|(1,985,0.9861691)
The.Notebook.2004__#00-20-35_00-23-06_label_A.mp4|9.358888e-07|(1,3625,9.358888e-07)
v=SdYFFo_tsfk__#00-00-00_00-06-00_label_A.mp4|0.00673495|(3,4001,2.9205508e-05,4000,8001,0.00673495,4642,8642,0.0024787749)
From.Dusk.Till.Dawn.1996__#00-31-52_00-34-21_label_A.mp4|2.5750664e-06|(1,3576,2.5750664e-06)
About.Time.2013__#00-30-50_00-32-31_label_A.mp4|0.73148054|(1,2425,0.73148054)
The.Secret.Life.of.Walter.Mitty.2013__#00-36-52_00-41-00_label_A.mp4|7.086482e-05|(2,4001,7.086482e-05,1953,5953,1.2566591e-05)
v=plhVMWR33go__#1_label_A.mp4|0.13081487|(3,4001,6.875448e-05,4000,8001,0.13081487,4047,8047,0.014164699)
v=t_TZYpT6xjY__#1_label_A.mp4|0.14453515|(2,4001,0.098205686,741,4741,0.14453515)
The.Notebook.2004__#00-11-00_00-15-08_label_A.mp4|6.320165e-05|(2,4001,6.320165e-05,1954,5954,3.030448e-09)
v=lyZxvgPD4gM__#1_label_A.mp4|0.38360345|(2,4001,0.38360345,1529,5529,0.0020551241)
v=ZpWR_YZNZTM__#1_label_A.mp4|7.239635e-05|(1,3437,7.239635e-05)
Taken.2.UNRATED.EXTENDED.2012__#00-17-08_00-17-30_label_A.mp4|0.11146313|(1,529,0.11146313)
Before.Sunrise.1995__#00-42-52_00-45-31_label_A.mp4|5.5195716e-07|(1,3817,5.5195716e-07)
Still.Walking.2008__#01-02-18_01-03-10_label_A.mp4|1.7592493e-09|(1,1249,1.7592493e-09)
Love.Me.If.You.Dare.2003__#01-04-40_01-06-59_label_A.mp4|0.00022187708|(1,3338,0.00022187708)
Fast.Furious.6.2013__#01-37-00_01-38-05_label_A.mp4|7.0240458e-06|(1,1561,7.0240458e-06)
v=H9Y5_X1sEEA__#00-03-00_00-06-00_label_A.mp4|0.0010550603|(2,4001,1.4949198e-05,322,4322,0.0010550603)
Deadpool.2.2018__#0-02-35_0-03-12_label_A.mp4|0.9259691|(1,890,0.9259691)
v=fkps18H3SXY__#00-54-00_01-00-00_label_A.mp4|0.010451445|(3,4001,0.005705526,4000,8001,0.010451445,4642,8642,0.0052446374)
v=vFPQ_NiDBIU__#01-48-00_01-54-00_label_A.mp4|1.8118337e-07|(3,4001,1.8118337e-07,4000,8001,1.0029332e-09,4640,8640,1.5529705e-09)
v=jAvOGTD7_pU__#00-12-00_00-15-00_label_A.mp4|0.041345824|(2,4001,0.01666486,322,4322,0.041345824)
Be.with.You.2018__#00-23-50_00-24-31_label_A.mp4|8.825684e-06|(1,985,8.825684e-06)
Before.Sunset.2004__#01-14-30_01-16-51_label_A.mp4|0.0002173827|(1,3385,0.0002173827)
Before.Sunrise.1995__#00-04-20_00-05-35_label_A.mp4|1.0784188e-09|(1,1801,1.0784188e-09)
v=7smETZfN0XA__#1_label_A.mp4|0.04052352|(1,3020,0.04052352)
v=9eME1y6V-T4__#01-00-00_01-06-00_label_A.mp4|0.0003730795|(3,4001,0.0003730795,4000,8001,1.4913329e-05,4642,8642,5.959071e-07)
Skyfall.2012__#02-14-50_02-16-25_label_A.mp4|1.2052123e-05|(1,2281,1.2052123e-05)
The.Bourne.Identity.2002__#01-09-16_01-11-16_label_A.mp4|3.3677125e-06|(1,2882,3.3677125e-06)
Be.with.You.2018__#01-14-30_01-16-59_label_A.mp4|5.8019896e-09|(1,3577,5.8019896e-09)
v=6cvZOGzfqWU__#1_label_A.mp4|0.44746307|(2,4001,2.8903443e-05,1594,5594,0.44746307)
v=Yr41_8QOTF8__#00-21-00_00-24-00_label_A.mp4|7.355752e-06|(2,4001,7.355752e-06,321,4321,2.5091524e-06)
v=qV4YYnXdQCc__#00-03-00_00-06-00_label_A.mp4|2.3426066e-09|(2,4001,7.54485e-10,322,4322,2.3426066e-09)
Spectre.2015__#01-17-22_01-18-53_label_A.mp4|8.9604197e-07|(1,2184,8.9604197e-07)
v=JzrpCC7XmyE__#00-06-00_00-12-00_label_A.mp4|2.8277973e-05|(3,4001,1.0972584e-09,4000,8001,2.8277973e-05,4642,8642,1.2912417e-06)
v=g4FnGZ5MAdo__#1_label_A.mp4|0.13345632|(2,4001,0.00058011716,958,4958,0.13345632)
The.Pursuit.of.Happyness.2006__#00-30-50_00-32-31_label_A.mp4|0.24420455|(1,2425,0.24420455)
v=rJgg00ic1G8__#1_label_A.mp4|3.0905034e-05|(2,4001,3.0905034e-05,1651,5651,1.786397e-05)
v=qhUItxoTrmg__#1_label_A.mp4|0.0009121491|(2,4001,0.0009121491,571,4571,3.1487712e-06)
v=1202rYvw7go__#1_label_A.mp4|0.0044717304|(1,3951,0.0044717304)
Be.with.You.2018__#00-04-20_00-05-35_label_A.mp4|0.001968892|(1,1801,0.001968892)
The.Hurt.Locker.2008__#0-29-25_0-30-15_label_A.mp4|0.1213219|(1,1200,0.1213219)
wangted.2008__#0-27-17_0-28-07_label_A.mp4|0.9775258|(1,1200,0.9775258)
Mission.Impossible.II.2000__#00-24-30_00-30-10_label_A.mp4|6.412008e-05|(3,4001,6.412008e-05,4000,8001,5.068177e-09,4160,8160,1.9127093e-09)
v=H9Y5_X1sEEA__#00-36-00_00-39-00_label_A.mp4|0.020165574|(2,4001,0.00026405527,323,4323,0.020165574)
v=q2SP66Jb6Cw__#00-00-00_00-06-00_label_A.mp4|0.98536694|(3,4001,0.98536694,4000,8001,0.0659903,4642,8642,0.03773733)
Love.Death.and.Robots.S01E02__#00-03-15_00-04-20_label_A.mp4|4.834947e-07|(1,1560,4.834947e-07)
v=Q8b0XbtpFsA__#1_label_A.mp4|0.5858469|(2,4001,0.5858469,633,4633,0.07108208)
v=3ZVcLOjwOMk__#1_label_A.mp4|0.02395559|(1,1885,0.02395559)
Still.Walking.2008__#00-16-18_00-17-27_label_A.mp4|6.8526773e-10|(1,1657,6.8526773e-10)
v=f6j3YWgVBto__#00-01-50_00-02-30_label_A.mp4|0.0048390264|(1,960,0.0048390264)
Casino.Royale.2006__#00-28-10_00-30-10_label_A.mp4|0.12013917|(1,2881,0.12013917)
God.Bless.America.2011__#00-58-09_01-04-00_label_A.mp4|0.0003474917|(3,4001,0.00013733827,4000,8001,0.0003474917,4425,8425,1.322759e-06)
v=gxrLosPS27c__#1_label_A.mp4|0.0008763929|(1,2219,0.0008763929)
v=vFPQ_NiDBIU__#00-42-00_00-48-00_label_A.mp4|2.5583845e-06|(3,4001,6.568803e-08,4000,8001,2.5583845e-06,4640,8640,3.225146e-08)
v=L2Qs4KyW-Co__#1_label_A.mp4|0.010469535|(2,4001,0.010469535,426,4426,0.005771279)
Flipped.2010__#00-42-52_00-45-31_label_A.mp4|2.09775e-12|(1,3817,2.09775e-12)
Still.Walking.2008__#00-51-55_00-55-16_label_A.mp4|6.038659e-06|(2,4001,6.038659e-06,826,4826,2.435265e-07)
v=DdIA1Owbcdc__#1_label_A.mp4|0.26967415|(1,1064,0.26967415)
v=KEh6EOQvQO0__#1_label_A.mp4|0.031137113|(1,3183,0.031137113)
The.Secret.Life.of.Walter.Mitty.2013__#01-01-20_01-04-00_label_A.mp4|0.14559142|(1,3841,0.14559142)
Young.And.Dangerous.III.1996__#00-15-52_00-17-00_label_A.mp4|2.2026493e-06|(1,1634,2.2026493e-06)
Ip.Man.2008__#00-40-25_00-40-45_label_A.mp4|7.942377e-06|(1,481,7.942377e-06)
Kill.Bill.Vol.1.2003__#01-08-15_01-09-15_label_A.mp4|0.9620519|(1,1441,0.9620519)
v=Wc2QW06H48M__#1_label_A.mp4|0.08679868|(1,1554,0.08679868)
v=JzrpCC7XmyE__#01-06-00_01-12-00_label_A.mp4|0.0001988884|(3,4001,8.796868e-05,4000,8001,0.0001988884,4642,8642,4.3382952e-05)
Kingsman.The.Golden.Circle.2017__#02-09-30_02-10-45_label_A.mp4|8.114102e-07|(1,1801,8.114102e-07)
Spectre.2015__#00-16-41_00-18-55_label_A.mp4|8.33201e-05|(1,3216,8.33201e-05)
v=0LEefpIPBHA__#1_label_A.mp4|0.11575013|(1,1142,0.11575013)
Bad.Boys.II.2003__#01-11-16_01-14-00_label_A.mp4|2.5167997e-06|(1,3937,2.5167997e-06)
v=tlFJIG9mTGQ__#00-15-00_00-18-36_label_A.mp4|0.00044506523|(2,4001,3.3348003e-06,1187,5187,0.00044506523)
The.Hurt.Locker.2008__#0-45-39_0-47-06_label_A.mp4|0.0043105152|(1,2089,0.0043105152)
v=GrHfWKeTDEI__#1_label_A.mp4|7.3817255e-09|(2,4001,2.1784564e-10,1066,5066,7.3817255e-09)
Salt.2010__#00-13-45_00-16-10_label_A.mp4|7.44978e-06|(1,3481,7.44978e-06)
v=cvEJ5WFk2KE__#00-06-00_00-09-00_label_A.mp4|2.4018665e-10|(2,4001,2.0634725e-11,321,4321,2.4018665e-10)
v=tI7fktKY6OU__#1_label_A.mp4|3.5723846e-05|(4,4001,6.464539e-07,4000,8001,2.422031e-07,8000,12001,3.5723846e-05,10916,14916,4.2594816e-06)
v=NbNFfnVSIn8__#1_label_A.mp4|0.6371288|(2,4001,0.6371288,592,4592,0.52289855)
v=2JJ9d97sd64__#1_label_A.mp4|0.07779511|(1,3140,0.07779511)
v=S1meRf5BsEw__#1_label_A.mp4|0.0038201173|(2,4001,0.0010690159,104,4104,0.0038201173)
The.Secret.Life.of.Walter.Mitty.2013__#00-08-55_00-10-50_label_A.mp4|2.2835005e-09|(1,2762,2.2835005e-09)
v=0vVOXlgHC1U__#00-48-00_00-54-00_label_A.mp4|0.09791724|(3,4001,0.09791724,4000,8001,0.0003587785,4642,8642,0.054907177)
v=tlFJIG9mTGQ__#00-12-00_00-15-00_label_A.mp4|3.2125425e-07|(2,4001,9.250956e-09,322,4322,3.2125425e-07)
Operation.Red.Sea.2018__#0-45-54_0-46-33_label_A.mp4|0.00035926557|(1,936,0.00035926557)
Fast.Five.2011__#01-59-16_02-01-12_label_A.mp4|2.5960464e-10|(1,2785,2.5960464e-10)
Yellow.Sea.2010__#00-10-16_00-11-14_label_A.mp4|0.8404802|(1,1393,0.8404802)
v=vHnAmx0UYbM__#1_label_A.mp4|0.008042727|(6,4001,0.008042727,4000,8001,6.360366e-08,8000,12001,7.4756276e-06,12000,16001,2.9042947e-06,16000,20001,8.893251e-06,16045,20045,2.3658486e-06)
Shoot.Em.Up.2007__#00-25-50_00-27-10_label_A.mp4|0.0002710585|(1,1921,0.0002710585)
Bad.Boys.1995__#00-10-00_00-11-52_label_A.mp4|5.8043387e-08|(1,2689,5.8043387e-08)
Love.Actually.2003__#01-39-05_01-46-40_label_A.mp4|4.2406305e-06|(3,4001,5.6461396e-08,4000,8001,4.854982e-08,6921,10921,4.2406305e-06)
Bullet.in.the.Head.1990__#01-58-25_01-59-30_label_A.mp4|2.4134167e-07|(1,1561,2.4134167e-07)
v=W5qLlC9il3s__#1_label_A.mp4|0.08884711|(1,1385,0.08884711)
The.Notebook.2004__#01-30-25_01-33-56_label_A.mp4|2.96025e-07|(2,4001,2.7531345e-07,1065,5065,2.96025e-07)
About.Time.2013__#00-40-52_00-42-31_label_A.mp4|2.9808232e-11|(1,2377,2.9808232e-11)
Law.Abiding.Citizen.2009__#00-00-35_00-01-31_label_A.mp4|3.763695e-05|(1,1345,3.763695e-05)
v=HTEyaXBPf9U__#1_label_A.mp4|0.0878634|(2,4001,0.054125104,1120,5120,0.0878634)
The.Notebook.2004__#00-25-20_00-29-20_label_A.mp4|5.5832317e-09|(2,4001,3.7590295e-09,1761,5761,5.5832317e-09)
v=AqFWYZsOgWY__#00-21-00_00-24-00_label_A.mp4|0.00085464114|(2,4001,0.00012504707,322,4322,0.00085464114)
The.Bourne.Identity.2002__#0-29-16_0-32-00_label_A.mp4|4.452002e-06|(1,3937,4.452002e-06)
v=9eME1y6V-T4__#01-18-00_01-24-00_label_A.mp4|0.10494799|(3,4001,0.10494799,4000,8001,4.1052044e-05,4642,8642,0.0006000129)
IP.Man.2.2010__#00-02-50_00-06-45_label_A.mp4|0.0001142281|(2,4001,3.568414e-07,1640,5640,0.0001142281)
Rush.Hour.3.2007.BluRay__#01-00-40_01-04-00_label_A.mp4|0.0001350041|(2,4001,0.0001350041,801,4801,8.328968e-05)
v=_Hn2Xlt-IWU__#1_label_A.mp4|1.1798925e-05|(1,3943,1.1798925e-05)
v=uyvM-vq5DwA__#1_label_A.mp4|6.555322e-05|(2,4001,6.555322e-05,788,4788,6.5177055e-09)
Love.Death.and.Robots.S01E04__#00-14-28_00-15-27_label_A.mp4|0.00024483338|(1,1416,0.00024483338)
v=hdy5kZ5dwj8__#1_label_A.mp4|0.00024876746|(2,4001,2.2176368e-05,674,4674,0.00024876746)
Love.Actually.2003__#01-17-00_01-19-40_label_A.mp4|1.2400234e-05|(1,3842,1.2400234e-05)
v=fkps18H3SXY__#00-00-00_00-06-00_label_A.mp4|0.09236329|(3,4001,0.09236329,4000,8001,0.0032887391,4642,8642,0.004099579)
v=3MUqt3OkxIo__#1_label_A.mp4|0.0018871947|(1,2500,0.0018871947)
v=p2ggHwtb-Zg__#00-24-00_00-27-00_label_A.mp4|1.4070064e-09|(2,4001,1.2883715e-09,322,4322,1.4070064e-09)
v=eAgqJnO3kr8__#00-06-00_00-12-00_label_A.mp4|2.5779339e-06|(3,4001,2.5779339e-06,4000,8001,3.9514381e-07,4642,8642,1.2790582e-08)
v=vQ9AwVrM9pU__#1_label_A.mp4|6.115273e-05|(1,3138,6.115273e-05)
v=Wp6gzFUaci8__#1_label_A.mp4|0.042108282|(1,2780,0.042108282)
Brick.Mansions.2014__#00-08-37_00-10-04_label_A.mp4|0.00023213307|(1,2088,0.00023213307)
v=VRn8Tc02TbU__#00-18-00_00-21-00_label_A.mp4|2.9401432e-05|(2,4001,4.3005725e-06,322,4322,2.9401432e-05)
Young.And.Dangerous.IV.1997__#0-10-35_0-11-50_label_A.mp4|6.24525e-08|(1,1801,6.24525e-08)
Sin.City.2005__#01-43-21_01-44-21_label_A.mp4|0.030850532|(1,1441,0.030850532)
Salt.2010__#01-16-00_01-16-50_label_A.mp4|0.0002975636|(1,1201,0.0002975636)
v=X60PecZRLGE__#1_label_A.mp4|0.0003535018|(1,2644,0.0003535018)
v=p2ggHwtb-Zg__#00-21-00_00-24-00_label_A.mp4|7.719359e-08|(2,4001,1.583897e-08,323,4323,7.719359e-08)
v=QBfO3qfo7zg__#1_label_A.mp4|0.9939393|(2,4001,0.9939393,661,4661,0.9867404)
Kill.Bill.Vol.1.2003__#00-21-42_00-22-42_label_A.mp4|2.6438715e-06|(1,1441,2.6438715e-06)
GoldenEye.1995__#01-02-11_01-03-43_label_A.mp4|5.523144e-13|(1,2209,5.523144e-13)
v=9eME1y6V-T4__#01-36-00_01-42-00_label_A.mp4|0.8354015|(3,4001,7.471438e-05,4000,8001,0.64621043,4642,8642,0.8354015)
The.Pursuit.of.Happyness.2006__#01-34-18_01-38-11_label_A.mp4|0.0019210873|(2,4001,1.8918616e-05,1593,5593,0.0019210873)
v=5AlAh8J3WqE__#1_label_A.mp4|0.5769317|(3,4001,0.5769317,4000,8001,6.3443026e-06,6885,10885,0.00455927)
Taken.3.2014__#00-36-03_00-36-48_label_A.mp4|7.167179e-05|(1,1081,7.167179e-05)
Your.Name.2016__#00-05-52_00-08-22_label_A.mp4|0.08486578|(1,3601,0.08486578)
v=mfFYGFJhBI4__#1_label_A.mp4|9.9938414e-05|(1,255,9.9938414e-05)
v=H9Y5_X1sEEA__#00-30-00_00-33-00_label_A.mp4|0.00012848059|(2,4001,0.00012848059,323,4323,1.8727282e-05)
Love.Actually.2003__#01-34-18_01-38-11_label_A.mp4|4.2751588e-05|(2,4001,1.9466279e-07,1593,5593,4.2751588e-05)
v=VcsJf1q9QX8__#1_label_A.mp4|0.0019263956|(1,2560,0.0019263956)
The.Secret.Life.of.Walter.Mitty.2013__#01-23-00_01-29-08_label_A.mp4|0.0039865184|(3,4001,1.2238372e-07,4000,8001,0.0039865184,4833,8833,0.00019388623)
The.Bourne.Supremacy.2004__#01-34-52_01-35-50_label_A.mp4|0.0018172693|(1,1393,0.0018172693)
Quantum.Of.Solace.2008__#00-47-29_00-50-52_label_A.mp4|2.2170423e-07|(2,4001,2.2170423e-07,873,4873,8.856672e-08)
v=es97CGK_5XQ__#1_label_A.mp4|0.06936541|(1,1633,0.06936541)
v=y7vIfdKwHDk__#1_label_A.mp4|0.0005714383|(2,4001,0.0005714383,182,4182,2.9345716e-05)
v=NjI-AuzKgMc__#1_label_A.mp4|3.8047241e-07|(1,2836,3.8047241e-07)
Salt.2010__#00-02-10_00-03-57_label_A.mp4|0.00091318827|(1,2569,0.00091318827)
The.Bourne.Supremacy.2004__#0-58-18_01-00-58_label_A.mp4|0.9101349|(1,3842,0.9101349)
Shoplifters.2018__#00-17-30_00-19-10_label_A.mp4|3.0209964e-08|(1,2401,3.0209964e-08)
Mission.Impossible.Ghost.Protocol.2011__#01-07-24_01-09-09_label_A.mp4|5.9483362e-05|(1,2521,5.9483362e-05)
v=EToznHwS0OA__#1_label_A.mp4|5.9679266e-08|(1,3730,5.9679266e-08)
Before.Sunset.2004__#00-23-50_00-24-31_label_A.mp4|5.579334e-06|(1,985,5.579334e-06)
Ip.Man.2008__#01-04-27_01-06-22_label_A.mp4|6.0127514e-11|(1,2761,6.0127514e-11)
A.Beautiful.Mind.2001__#00-40-52_00-42-01_label_A.mp4|0.42950284|(1,1657,0.42950284)
IP.Man.2.2010__#00-54-00_00-57-12_label_A.mp4|0.0004735635|(2,4001,1.0724383e-05,608,4608,0.0004735635)
The.Bourne.Identity.2002__#0-57-11_0-58-45_label_A.mp4|1.6823462e-07|(1,2257,1.6823462e-07)
Love.Actually.2003__#00-51-55_00-55-16_label_A.mp4|3.2252177e-07|(2,4001,6.7362045e-09,826,4826,3.2252177e-07)
The.Attorney.2013__#00-47-00_00-49-30_label_A.mp4|2.171163e-07|(1,3601,2.171163e-07)
v=3lSHv_DUbJs__#1_label_A.mp4|0.9375711|(1,3566,0.9375711)
v=QiLNvC7CIuY__#1_label_A.mp4|0.814997|(1,1161,0.814997)
v=ODGDLQ0TT3M__#1_label_A.mp4|0.42998418|(1,2138,0.42998418)
Thelma...Louise.1991__#01-53-54_01-54-50_label_A.mp4|6.147384e-05|(1,1345,6.147384e-05)
v=usAvzbDq6-c__#00-21-00_00-24-00_label_A.mp4|0.002861361|(2,4001,7.2691887e-06,322,4322,0.002861361)
The.Notebook.2004__#01-52-20_01-58-00_label_A.mp4|7.525065e-07|(3,4001,2.2804635e-08,4000,8001,3.6671173e-07,4161,8161,7.525065e-07)
Bullet.in.the.Head.1990__#00-25-11_00-26-15_label_A.mp4|7.9691476e-05|(1,1537,7.9691476e-05)
v=yviKz5J-pEA__#1_label_A.mp4|0.9913521|(1,3731,0.9913521)
v=QozLwYYVotY__#1_label_A.mp4|0.0006695233|(1,3254,0.0006695233)
Before.Sunrise.1995__#00-03-00_00-04-05_label_A.mp4|4.3394618e-08|(1,1561,4.3394618e-08)
v=aBsrZKrRtqU__#1_label_A.mp4|4.1020187e-09|(1,1235,4.1020187e-09)
v=eAgqJnO3kr8__#00-48-00_00-54-00_label_A.mp4|7.4725e-09|(3,4001,2.6852993e-09,4000,8001,7.324587e-09,4642,8642,7.4725e-09)
Lord.of.War__#00-59-20_01-00-35_label_A.mp4|0.00034947076|(1,1801,0.00034947076)
The.Intouchables.2011__#00-58-18_01-02-30_label_A.mp4|7.211715e-05|(2,4001,6.139797e-05,2049,6049,7.211715e-05)
Operation.Red.Sea.2018__#0-12-26_0-13-36_label_A.mp4|6.636748e-11|(1,1680,6.636748e-11)
The.Intouchables.2011__#00-04-20_00-05-35_label_A.mp4|9.757983e-05|(1,1801,9.757983e-05)
v=Ehh8ZdIMMj4__#1_label_A.mp4|0.10270067|(1,2708,0.10270067)
The.Notebook.2004__#00-08-55_00-10-50_label_A.mp4|7.6226697e-10|(1,2762,7.6226697e-10)
Flipped.2010__#00-08-55_00-10-50_label_A.mp4|3.4043651e-07|(1,2762,3.4043651e-07)
v=vsI_pKNcgeQ__#00-15-00_00-18-00_label_A.mp4|5.916121e-06|(2,4001,3.0966044e-07,322,4322,5.916121e-06)
v=ldnLxTablA8__#1_label_A.mp4|0.015266167|(1,2300,0.015266167)
Love.Actually.2003__#01-04-40_01-06-59_label_A.mp4|3.7133225e-09|(1,3336,3.7133225e-09)
GoldenEye.1995__#00-56-11_00-56-51_label_A.mp4|0.022458749|(1,962,0.022458749)
v=AqFWYZsOgWY__#00-33-00_00-36-00_label_A.mp4|0.00010829536|(2,4001,6.2996885e-05,322,4322,0.00010829536)
v=MyM5G7fo7Gg__#00-18-00_00-21-00_label_A.mp4|2.2400078e-05|(2,4001,2.0011425e-05,323,4323,2.2400078e-05)
One.Day.2011__#01-02-50_01-07-05_label_A.mp4|0.00033779454|(2,4001,0.00033779454,2121,6121,9.338267e-07)
Death.Proof.2007__#00-02-04_00-05-00_label_A.mp4|6.719322e-05|(2,4001,2.2526961e-05,225,4225,6.719322e-05)
Fast.Furious.2009__#01-08-33_01-10-18_label_A.mp4|9.371293e-09|(1,2521,9.371293e-09)
A.Beautiful.Mind.2001__#00-25-20_00-29-20_label_A.mp4|2.7630254e-05|(2,4001,2.7630254e-05,1761,5761,6.9627276e-06)
Tropa.de.Elite.2.2010__#01-30-51_01-32-30_label_A.mp4|0.027926276|(1,2377,0.027926276)
v=EeUTpfyb0qo__#1_label_A.mp4|0.9435203|(5,4001,0.9435203,4000,8001,0.9145037,8000,12001,0.00016153147,12000,16001,0.00046771616,14143,18143,0.02216619)
v=HksDvkX6Bjk__#1_label_A.mp4|5.9254035e-06|(4,4001,4.1649295e-10,4000,8001,5.9254035e-06,8000,12001,1.0129768e-08,11435,15435,4.259784e-08)
Before.Sunrise.1995__#00-40-52_00-42-01_label_A.mp4|3.4383664e-08|(1,1657,3.4383664e-08)
v=9FxmNOXF25Q__#1_label_A.mp4|0.051272046|(2,4001,0.045349237,120,4120,0.051272046)
Your.Name.2016__#01-01-20_01-04-00_label_A.mp4|0.99849164|(1,3841,0.99849164)
Black.Hawk.Down.2001__#00-06-44_00-07-39_label_A.mp4|0.00016108972|(1,1321,0.00016108972)
v=SmFpAAHmoII__#1_label_A.mp4|0.0011531657|(1,3951,0.0011531657)
Election.2005__#00-03-35_00-05-05_label_A.mp4|0.24436851|(1,2160,0.24436851)
v=H12BVHrNiXs__#1_label_A.mp4|4.5781526e-06|(2,4001,7.070535e-08,787,4787,4.5781526e-06)
v=Oh6FDdpH08A__#1_label_A.mp4|1.5972179e-05|(1,3344,1.5972179e-05)
v=RarYGpz-blM__#1_label_A.mp4|2.9642269e-08|(1,3384,2.9642269e-08)
The.Pursuit.of.Happyness.2006__#00-17-30_00-19-10_label_A.mp4|0.0006591411|(1,2401,0.0006591411)
Young.And.Dangerous.II.1996__#0-53-25_0-54-20_label_A.mp4|0.00053432654|(1,1322,0.00053432654)
v=1EvRIhdsX1s__#1_label_A.mp4|0.9789067|(1,862,0.9789067)
Black.Hawk.Down.2001__#01-36-44_01-37-33_label_A.mp4|0.9669067|(1,1176,0.9669067)
City.of.God.2002__#00-33-10_00-34-50_label_A.mp4|5.0680997e-09|(1,2401,5.0680997e-09)
v=g7fnNf88IOc__#1_label_A.mp4|3.4829145e-07|(1,3635,3.4829145e-07)
Ip.Man.2008__#00-02-56_00-05-24_label_A.mp4|7.9227895e-09|(1,3553,7.9227895e-09)
v=hgoGZZSMhMQ__#1_label_A.mp4|0.118720554|(1,159,0.118720554)
Mission.Impossible.II.2000__#00-11-37_00-15-46_label_A.mp4|0.9405546|(1,693,0.9405546)
Kill.Bill.Vol.2.2004__#01-03-13_01-04-13_label_A.mp4|0.0026229923|(1,1441,0.0026229923)
v=Pf7WtK-YPDA__#1_label_A.mp4|0.0061906045|(1,1954,0.0061906045)
Mission.Impossible.Ghost.Protocol.2011__#01-24-59_01-28-30_label_A.mp4|8.478754e-06|(2,4001,8.478754e-06,1064,5064,3.223375e-08)
v=0vVOXlgHC1U__#00-12-00_00-18-00_label_A.mp4|0.0006574302|(3,4001,0.0001790348,4000,8001,2.7095879e-05,4642,8642,0.0006574302)
Hear.Me.2009__#00-30-50_00-32-31_label_A.mp4|4.2118254e-06|(1,2425,4.2118254e-06)
v=H9Y5_X1sEEA__#00-45-00_00-48-00_label_A.mp4|8.324854e-05|(2,4001,1.5318158e-06,323,4323,8.324854e-05)
A.Beautiful.Mind.2001__#00-50-26_00-55-16_label_A.mp4|4.3681606e-08|(2,4001,7.688465e-10,2962,6962,4.3681606e-08)
v=9qxJ6bznkNI__#1_label_A.mp4|4.370367e-06|(2,4001,6.129942e-07,1454,5454,4.370367e-06)
Flipped.2010__#01-10-30_01-13-51_label_A.mp4|2.1203919e-10|(2,4001,2.1203919e-10,825,4825,6.6541134e-11)
v=94zZ9iptP54__#1_label_A.mp4|0.008863653|(1,932,0.008863653)
Love.Me.If.You.Dare.2003__#00-33-52_00-39-00_label_A.mp4|3.0531282e-06|(2,4001,4.549434e-08,3394,7394,3.0531282e-06)
The.Fast.and.the.Furious.2001__#01-38-50_01-39-59_label_A.mp4|6.598875e-05|(1,1657,6.598875e-05)
Taken.3.2014__#01-20-10_01-21-30_label_A.mp4|0.0120164445|(1,1921,0.0120164445)
v=wQrV75N2BrI__#1_label_A.mp4|1.2617447e-05|(9,4001,6.306823e-09,4000,8001,2.6162636e-06,8000,12001,3.202368e-08,12000,16001,9.120893e-06,16000,20001,1.5023977e-08,20000,24001,1.2617447e-05,24000,28001,5.282869e-10,28000,32001,5.80963e-09,29196,33196,1.0614085e-08)
Good.Will.Hunting.1997__#00-08-55_00-10-50_label_A.mp4|0.00028378674|(1,2762,0.00028378674)
v=vp_W8CqtCug__#1_label_A.mp4|5.640711e-05|(1,3806,5.640711e-05)
The.Fast.and.the.Furious.2001__#00-26-09_00-26-52_label_A.mp4|0.0010810682|(1,1033,0.0010810682)
v=SdYFFo_tsfk__#00-18-00_00-24-00_label_A.mp4|0.0010008528|(3,4001,0.0010008528,4000,8001,1.4129838e-05,4642,8642,9.766467e-07)
v=y7JEq-kf-2I__#00-01-50_00-02-30_label_A.mp4|0.0073668784|(1,960,0.0073668784)
Mission.Impossible.Ghost.Protocol.2011__#00-49-03_00-51-21_label_A.mp4|6.481089e-08|(1,3313,6.481089e-08)
Jason.Bourne.2016__#0-51-37_0-53-20_label_A.mp4|0.0002387802|(1,2473,0.0002387802)
v=usAvzbDq6-c__#00-18-00_00-21-00_label_A.mp4|3.1711545e-05|(2,4001,5.3393064e-06,322,4322,3.1711545e-05)
v=VGP9qh7U4H0__#1_label_A.mp4|6.075618e-05|(2,4001,6.075618e-05,1284,5284,1.9847263e-07)
Tropa.de.Elite.2007__#00-10-30_00-12-08_label_A.mp4|2.1852593e-07|(1,2352,2.1852593e-07)
v=n0AhGnEjako__#1_label_A.mp4|0.56757474|(1,2376,0.56757474)
v=5NZxPmTpV6Y__#1_label_A.mp4|0.0017166432|(1,2807,0.0017166432)
Desperado.1995__#00-19-00_00-20-31_label_A.mp4|0.0002543763|(1,2185,0.0002543763)
Good.Will.Hunting.1997__#00-58-18_01-02-30_label_A.mp4|0.0040197703|(2,4001,6.917859e-06,2049,6049,0.0040197703)
v=bU86SW6L7Tc__#1_label_A.mp4|0.0033832781|(2,4001,0.0033832781,250,4250,0.0013071053)
v=VNQ1Vkz_cM4__#1_label_A.mp4|0.0038791425|(2,4001,0.00038717483,1622,5622,0.0038791425)
City.Of.Men.2007__#01-36-01_01-37-31_label_A.mp4|2.8091787e-07|(1,2161,2.8091787e-07)
v=BL8ppFg7NKI__#1_label_A.mp4|0.9970868|(2,4001,0.00038864106,1470,5470,0.9970868)
Young.And.Dangerous.I.1996__#0-55-09_0-56-59_label_A.mp4|4.776534e-05|(1,2641,4.776534e-05)
The.Bourne.Ultimatum.2007__#01-32-57_01-33-53_label_A.mp4|8.053941e-05|(1,1345,8.053941e-05)
v=-tqHsoEoUyY__#1_label_A.mp4|0.38446558|(1,1011,0.38446558)
v=eAgqJnO3kr8__#00-42-00_00-48-00_label_A.mp4|2.4916353e-06|(3,4001,1.3629819e-12,4000,8001,3.585597e-07,4642,8642,2.4916353e-06)
v=ibYV3e17R5c__#1_label_A.mp4|0.009519738|(1,3375,0.009519738)
IP.Man.2.2010__#01-44-00_01-44-42_label_A.mp4|4.0524526e-05|(1,1008,4.0524526e-05)
Tropa.de.Elite.2007__#00-52-33_00-54-35_label_A.mp4|8.3693885e-05|(1,2930,8.3693885e-05)
v=usAvzbDq6-c__#00-03-00_00-06-00_label_A.mp4|3.2730563e-07|(2,4001,3.2730563e-07,322,4322,1.8773281e-07)
v=smnw0Q7AxFQ__#1_label_A.mp4|0.0011786602|(2,4001,3.3975535e-05,3956,7956,0.0011786602)
Hear.Me.2009__#00-49-48_00-51-12_label_A.mp4|2.1979827e-06|(1,2017,2.1979827e-06)
Saving.Private.Ryan.1998__#02-00-56_02-03-06_label_A.mp4|0.00025049824|(1,3121,0.00025049824)
Be.with.You.2018__#01-42-06_01-45-53_label_A.mp4|0.00068922684|(2,4001,8.7863464e-07,1449,5449,0.00068922684)
Bullet.in.the.Head.1990__#00-03-59_00-04-40_label_A.mp4|0.013149514|(1,985,0.013149514)
