Mission.Impossible.Fallout.2018__#00-31-21_00-32-50_label_B1-0-0.mp4|0.5001923|(1,2136,0.5001923)
v=bhZs3ALdL7Y__#1_label_G-0-0.mp4|0.4995906|(1,81,0.4995906)
Skyfall.2012__#01-55-44_01-56-57_label_B2-G-0.mp4|0.49948508|(1,1753,0.49948508)
v=15wDrZJQpsw__#00-05-20_00-06-20_label_B6-0-0.mp4|0.4977346|(1,1443,0.4977346)
v=gp_D8r-2hwk__#1_label_G-0-0.mp4|0.49771643|(1,2551,0.49771643)
Quantum.Of.Solace.2008__#01-19-30_01-20-05_label_B1-0-0.mp4|0.49902284|(1,841,0.49902284)
Saving.Private.Ryan.1998__#02-24-18_02-25-42_label_B1-0-0.mp4|0.50253785|(1,2017,0.50253785)
Rush.Hour.3.2007.BluRay__#00-34-11_00-35-46_label_B1-0-0.mp4|0.50277126|(1,2281,0.50277126)
The.Bourne.Identity.2002__#0-54-45_0-56-25_label_B6-0-0.mp4|0.5001455|(1,2401,0.5001455)
Rush.Hour.1998.BluRay__#00-11-05_00-12-10_label_B2-B1-0.mp4|0.4997857|(1,1562,0.4997857)
v=GN-7_ye5k4E__#1_label_G-0-0.mp4|0.49827003|(1,2681,0.49827003)
v=b0MUjeKAGZw__#1_label_B4-0-0.mp4|0.49886757|(1,2795,0.49886757)
Mission.Impossible.III.2006__#00-56-23_00-56-40_label_G-0-0.mp4|0.50108093|(1,409,0.50108093)
Kingsman.The.Secret.Service.2014__#01-43-40_01-44-50_label_B2-G-0.mp4|0.49887192|(1,1681,0.49887192)
v=m5Ya6z6qroo__#1_label_B4-0-0.mp4|0.49995732|(2,4001,0.49995732,1647,5647,0.49921808)
Rush.Hour.3.2007.BluRay__#01-12-16_01-12-36_label_B1-0-0.mp4|0.50203085|(1,481,0.50203085)
Kingsman.The.Secret.Service.2014__#00-22-10_00-23-10_label_B2-0-0.mp4|0.50023335|(1,1441,0.50023335)
v=5BBoVfKOyeM__#00-08-19_00-10-10_label_B6-0-0.mp4|0.49691954|(1,2666,0.49691954)
v=3xWiBCIxjIk__#1_label_B4-0-0.mp4|0.49897608|(1,3748,0.49897608)
Lord.of.War__#00-50-10_00-50-50_label_G-0-0.mp4|0.4975439|(1,961,0.4975439)
v=3WmMhircZOc__#1_label_B4-0-0.mp4|0.50320625|(2,4001,0.50320625,2025,6025,0.5028923)
v=DVdXoVUNkhg__#1_label_G-0-0.mp4|0.5022204|(1,1146,0.5022204)
v=1GFBuaGCeTo__#1_label_G-0-0.mp4|0.49984705|(1,1253,0.49984705)
v=hAHXCMRvY_I__#1_label_G-0-0.mp4|0.5009004|(1,486,0.5009004)
v=lpkL0Y1MhA8__#1_label_B4-0-0.mp4|0.4987978|(1,2524,0.4987978)
City.of.God.2002__#00-40-16_00-41-30_label_B2-0-0.mp4|0.50258553|(1,1778,0.50258553)
Mission.Impossible.Ghost.Protocol.2011__#01-54-24_01-54-50_label_B1-0-0.mp4|0.50080955|(1,625,0.50080955)
v=AF9p0YA0hyA__#00-03-03_00-04-20_label_B4-0-0.mp4|0.5007558|(1,1850,0.5007558)
v=fQQzg2VfJME__#1_label_B4-0-0.mp4|0.50112855|(1,1348,0.50112855)
v=pFamvR9CpYw__#00-00-00_00-06-36_label_B4-0-0.mp4|0.50264674|(3,4001,0.50264674,4000,8001,0.4985898,5506,9506,0.5004011)
Ip.Man.2008__#01-40-37_01-42-07_label_B4-0-0.mp4|0.5019599|(1,2161,0.5019599)
v=lcBUb7EOQ4o__#1_label_G-0-0.mp4|0.50107044|(1,2237,0.50107044)
Operation.Red.Sea.2018__#0-25-36_0-26-03_label_G-0-0.mp4|0.49989125|(1,648,0.49989125)
v=q_DhkdHGXos__#1_label_B1-0-0.mp4|0.49976188|(2,4001,0.49953657,638,4638,0.49976188)
v=7QOdBpDrmKk__#00-01-00_00-02-45_label_B6-0-0.mp4|0.4991474|(1,2522,0.4991474)
Mission.Impossible.V.Rogue.Nation.2015__#01-54-23_01-55-10_label_B2-0-0.mp4|0.5010205|(1,1129,0.5010205)
v=xbPWQKZspfU__#1_label_B1-0-0.mp4|0.5001345|(2,4001,0.4991591,1034,5034,0.5001345)
v=nLAapCIlr-o__#00-07-22_00-08-19_label_B6-0-0.mp4|0.4983217|(1,1370,0.4983217)
Kill.Bill.Vol.1.2003__#01-17-20_01-20-20_label_B1-0-0.mp4|0.50320935|(2,4001,0.50286907,321,4321,0.50320935)
v=Dn_SDu22WpM__#00-08-35_00-10-05_label_B6-0-0.mp4|0.5004575|(1,2163,0.5004575)
v=-fOWSLV6Esw__#1_label_B4-0-0.mp4|0.49893486|(1,789,0.49893486)
Election.2005__#00-47-57_00-50-54_label_B5-0-0.mp4|0.50010455|(2,4001,0.50010455,248,4248,0.49960607)
v=-kwNh1lMU-w__#1_label_B4-0-0.mp4|0.49825007|(2,4001,0.4980299,81,4081,0.49825007)
v=6nfo9c7a5pE__#1_label_B1-0-0.mp4|0.4990625|(1,1235,0.4990625)
v=SMy2_qNO2Y0__#00-01-50_00-03-13_label_G-0-0.mp4|0.49792665|(1,1994,0.49792665)
v=Qc3pAEeK16A__#1_label_B1-0-0.mp4|0.5038469|(1,1409,0.5038469)
v=9CWJd1SezkA__#1_label_G-0-0.mp4|0.49893665|(1,700,0.49893665)
Tropa.de.Elite.2.2010__#01-33-01_01-33-30_label_B2-0-0.mp4|0.501429|(1,698,0.501429)
Mission.Impossible.V.Rogue.Nation.2015__#00-17-27_00-17-55_label_B2-0-0.mp4|0.5009835|(1,673,0.5009835)
v=tP19WuyY3IY__#00-00-00_00-00-51_label_B6-0-0.mp4|0.49829495|(1,1226,0.49829495)
Operation.Red.Sea.2018__#0-16-06_0-16-46_label_G-0-0.mp4|0.5001938|(1,960,0.5001938)
The.Bourne.Ultimatum.2007__#01-44-02_01-44-11_label_B2-0-0.mp4|0.5008126|(1,217,0.5008126)
Operation.Red.Sea.2018__#0-56-26_0-57-10_label_G-0-0.mp4|0.50240844|(1,1056,0.50240844)
Lord.of.War__#01-41-04_01-41-53_label_B1-0-0.mp4|0.500257|(1,1177,0.500257)
v=wVey5JDRf_g__#00-01-30_00-02-41_label_B6-0-0.mp4|0.49844927|(1,1706,0.49844927)
v=1io9Uh54Vhg__#1_label_B4-0-0.mp4|0.49980006|(1,1980,0.49980006)
v=Q6zIX29HkSo__#1_label_B4-0-0.mp4|0.4997481|(1,2145,0.4997481)
v=BzwNU2xmT64__#00-04-10_00-06-09_label_B6-0-0.mp4|0.49788746|(1,2858,0.49788746)
v=iHuggczItBk__#00-03-00_00-03-55_label_B6-0-0.mp4|0.49883038|(1,1322,0.49883038)
v=nLAapCIlr-o__#00-16-10_00-18-09_label_B6-0-0.mp4|0.50149435|(1,2858,0.50149435)
Ip.Man.3.2015__#00-44-45_00-45-08_label_B1-0-0.mp4|0.5005438|(1,552,0.5005438)
Black.Hawk.Down.2001__#01-13-59_01-14-49_label_B2-0-0.mp4|0.5007323|(1,1201,0.5007323)
v=3zgaqeVSXuI__#1_label_B4-0-0.mp4|0.5014243|(1,1953,0.5014243)
Young.And.Dangerous.I.1996__#0-46-57_0-48-57_label_B1-0-0.mp4|0.4997115|(1,2881,0.4997115)
v=8tqeeBGjnPg__#00-03-12_00-04-15_label_B6-0-0.mp4|0.49820635|(1,1515,0.49820635)
v=iWfUqxibqG0__#1_label_G-0-0.mp4|0.49972585|(1,631,0.49972585)
v=Ia9ATKNeUbY__#00-04-19_00-05-11_label_B6-0-0.mp4|0.5008305|(1,1250,0.5008305)
v=UK2w9Sh47fM__#1_label_G-0-0.mp4|0.49914208|(1,1198,0.49914208)
Salt.2010__#00-17-40_00-18-16_label_B1-0-0.mp4|0.50039506|(1,865,0.50039506)
v=2Rr21qkZEDQ__#00-03-00_00-04-09_label_B6-0-0.mp4|0.5000376|(1,1658,0.5000376)
Skyfall.2012__#01-20-05_01-20-20_label_B1-B2-0.mp4|0.49934295|(1,361,0.49934295)
Bullet.in.the.Head.1990__#00-41-30_00-44-16_label_B4-G-0.mp4|0.4999693|(1,3986,0.4999693)
v=5Tnl7_8RqlA__#00-11-00_00-12-45_label_B6-0-0.mp4|0.50208205|(1,2522,0.50208205)
v=BXR3d22BhHs__#00-06-00_00-07-00_label_B4-0-0.mp4|0.5020933|(1,1443,0.5020933)
The.Fast.and.the.Furious.2001__#00-52-18_00-53-36_label_B1-0-0.mp4|0.49987188|(1,1873,0.49987188)
v=gENp4SyNxkI__#1_label_B1-0-0.mp4|0.49898854|(1,1275,0.49898854)
v=YANmwpkuWRo__#1_label_G-0-0.mp4|0.49956396|(1,1080,0.49956396)
v=96N4XAJ7FKM__#1_label_B1-0-0.mp4|0.49907315|(2,4001,0.49907315,860,4860,0.4990366)
Mission.Impossible.II.2000__#01-38-25_01-38-41_label_B2-B5-0.mp4|0.5001487|(1,385,0.5001487)
v=15wDrZJQpsw__#00-00-00_00-00-51_label_B6-0-0.mp4|0.50010645|(1,1226,0.50010645)
Skyfall.2012__#01-57-40_01-58-00_label_B2-0-0.mp4|0.49995315|(1,481,0.49995315)
Spectre.2015__#02-15-30_02-16-05_label_G-0-0.mp4|0.5012652|(1,842,0.5012652)
GoldenEye.1995__#00-10-00_00-10-40_label_G-0-0.mp4|0.4973748|(1,961,0.4973748)
v=0yHBkMBE8r4__#1_label_B1-0-0.mp4|0.4982425|(2,4001,0.49795803,1162,5162,0.4982425)
Bad.Boys.1995__#01-33-51_01-34-37_label_B2-0-0.mp4|0.5003333|(1,1104,0.5003333)
v=YKtw6uLEGps__#1_label_B4-0-0.mp4|0.5001802|(1,2934,0.5001802)
v=cO1UefhG7AY__#1_label_G-0-0.mp4|0.49994415|(2,4001,0.49994415,574,4574,0.49877718)
v=Lt9M_tSij_4__#00-00-00_00-04-24_label_B6-0-0.mp4|0.49793544|(2,4001,0.49793544,2336,6336,0.4972696)
v=kVl-6-A9ZO4__#00-08-01_00-09-35_label_B6-0-0.mp4|0.49778327|(1,2259,0.49778327)
v=X6Tbn8_X-Os__#1_label_B1-0-0.mp4|0.49928832|(2,4001,0.49928832,899,4899,0.49915552)
v=BQjKQbYgUBA__#1_label_B1-0-0.mp4|0.4983312|(1,3423,0.4983312)
Skyfall.2012__#02-08-44_02-09-17_label_B1-0-0.mp4|0.5004182|(1,793,0.5004182)
Deadpool.2016__#0-18-58_0-19-20_label_B1-0-0.mp4|0.50197494|(1,529,0.50197494)
v=zQbnQBCTSiA__#1_label_B1-0-0.mp4|0.5017765|(2,4001,0.50144994,1695,5695,0.5017765)
v=Hnfy9XhlIPM__#1_label_B4-0-0.mp4|0.5010396|(2,4001,0.5006816,661,4661,0.5010396)
v=ZkUciDD55kA__#00-00-00_00-00-30_label_G-0-0.mp4|0.49912202|(1,722,0.49912202)
v=MqrNCb2N5to__#1_label_B1-0-0.mp4|0.50511074|(1,2533,0.50511074)
v=_5Kmb4tqMxs__#1_label_B4-0-0.mp4|0.5005346|(1,1305,0.5005346)
Taken.2.UNRATED.EXTENDED.2012__#01-06-28_01-06-49_label_B2-0-0.mp4|0.5006927|(1,505,0.5006927)
Mission.Impossible.V.Rogue.Nation.2015__#01-19-48_01-20-20_label_B6-0-0.mp4|0.49948543|(1,770,0.49948543)
Yellow.Sea.2010__#01-04-00_01-04-50_label_B1-0-0.mp4|0.49830726|(1,1200,0.49830726)
v=HSisjzLESak__#00-00-00_00-00-51_label_B6-0-0.mp4|0.49938|(1,1226,0.49938)
Operation.Red.Sea.2018__#01-37-22_01-37-36_label_G-B2-0.mp4|0.5009615|(1,336,0.5009615)
Shoot.Em.Up.2007__#00-56-56_00-57-15_label_B2-0-0.mp4|0.5017795|(1,457,0.5017795)
v=jYENhkzdpO8__#00-00-00_00-01-31_label_B6-0-0.mp4|0.5006801|(1,2186,0.5006801)
New.Kids.Turbo.2010__#00-50-13_00-50-34_label_B1-0-0.mp4|0.50043327|(1,504,0.50043327)
v=bDm2-1NZBLw__#1_label_B4-0-0.mp4|0.50068504|(1,2210,0.50068504)
Bullet.in.the.Head.1990__#00-23-31_00-24-40_label_G-0-0.mp4|0.4977821|(1,1657,0.4977821)
v=ZnFlL84K7HE__#00-27-53_00-34-45_label_B4-0-0.mp4|0.4990229|(3,4001,0.4985713,4000,8001,0.49822167,5890,9890,0.4990229)
City.of.God.2002__#01-24-10_01-25-10_label_B2-0-0.mp4|0.49977586|(1,1441,0.49977586)
v=ICnreR1hxP0__#1_label_B4-0-0.mp4|0.50109655|(2,4001,0.50109655,328,4328,0.50067097)
v=2al4t5inObA__#1_label_B4-0-0.mp4|0.50231034|(1,3582,0.50231034)
v=3wxWNAM8Cso__#1_label_G-0-0.mp4|0.4986374|(2,4001,0.4979867,2063,6063,0.4986374)
v=pMtu7fOHdII__#1_label_B1-0-0.mp4|0.49888504|(1,1252,0.49888504)
Black.Hawk.Down.2001__#01-42-58_01-43-58_label_G-0-0.mp4|0.50113404|(1,1441,0.50113404)
v=ZoS8gm5OcOM__#00-07-50_00-08-55_label_B6-0-0.mp4|0.4981152|(1,1562,0.4981152)
v=tP19WuyY3IY__#00-06-10_00-07-51_label_B6-0-0.mp4|0.49869308|(1,2426,0.49869308)
v=CvMpD1yqfxI__#1_label_G-0-0.mp4|0.49761155|(1,873,0.49761155)
v=-etV57xZ4_I__#1_label_B4-0-0.mp4|0.5013352|(1,265,0.5013352)
Taken.Extended.Cut.2008__#00-50-45_00-51-04_label_B2-B6-0.mp4|0.5003251|(1,456,0.5003251)
v=UzxuX79xq4s__#1_label_B4-0-0.mp4|0.49811143|(2,4001,0.49811143,1286,5286,0.49755108)
v=EH_QB6cm6BE__#1_label_G-0-0.mp4|0.5040144|(1,658,0.5040144)
Salt.2010__#01-12-05_01-12-32_label_B2-G-0.mp4|0.50026387|(1,649,0.50026387)
v=y1z12D5bx7c__#1_label_B4-0-0.mp4|0.498778|(2,4001,0.498778,850,4850,0.498171)
v=1q5V6DKH3bw__#1_label_B4-0-0.mp4|0.49691248|(1,3029,0.49691248)
v=v-Plzx73K68__#1_label_B4-0-0.mp4|0.49774376|(1,1016,0.49774376)
Mission.Impossible.Fallout.2018__#02-03-50_02-04-35_label_B1-0-0.mp4|0.50059825|(1,1080,0.50059825)
v=ZCjNPgNu42g__#1_label_B4-0-0.mp4|0.50169986|(1,3483,0.50169986)
v=7QOdBpDrmKk__#00-10-30_00-10-51_label_B6-0-0.mp4|0.49791986|(1,506,0.49791986)
v=OE9t3XImErk__#1_label_B1-0-0.mp4|0.49994874|(1,557,0.49994874)
Sin.City.2005__#0-10-40_0-11-40_label_B2-0-0.mp4|0.5011409|(1,1441,0.5011409)
v=_YobflFU_HU__#00-06-10_00-07-51_label_B6-0-0.mp4|0.49873114|(1,2426,0.49873114)
Casino.Royale.2006__#01-17-29_01-17-46_label_B1-0-0.mp4|0.5010524|(1,409,0.5010524)
The.Fast.and.the.Furious.2001__#00-29-00_00-29-52_label_B2-G-0.mp4|0.50066656|(1,1249,0.50066656)
v=2jwO15SMyuo__#1_label_B4-0-0.mp4|0.49949685|(1,2376,0.49949685)
Rush.Hour.3.2007.BluRay__#00-40-56_00-41-52_label_B2-0-0.mp4|0.50268626|(1,1345,0.50268626)
v=uQY15O3LKI0__#1_label_B6-0-0.mp4|0.5057261|(1,3970,0.5057261)
v=iegHZ_UWWsA__#00-14-05_00-20-33_label_B4-0-0.mp4|0.50206786|(3,4001,0.50206786,4000,8001,0.50027466,5314,9314,0.5010261)
God.Bless.America.2011__#00-38-25_00-39-37_label_B2-B5-0.mp4|0.50030196|(1,1729,0.50030196)
Bullet.in.the.Head.1990__#01-45-21_01-46-20_label_B2-0-0.mp4|0.49987122|(1,1417,0.49987122)
Taken.2.UNRATED.EXTENDED.2012__#01-00-00_01-00-16_label_B2-0-0.mp4|0.5003123|(1,385,0.5003123)
v=Ia9ATKNeUbY__#00-05-19_00-06-09_label_B6-0-0.mp4|0.49937078|(1,1202,0.49937078)
v=Q-u3Y9TkZhQ__#1_label_B4-0-0.mp4|0.50033927|(1,1036,0.50033927)
v=uprb6aBzymw__#00-03-03_00-05-13_label_B4-0-0.mp4|0.5017654|(1,3121,0.5017654)
v=cuUK-3MNqtw__#1_label_B1-0-0.mp4|0.5021644|(1,2063,0.5021644)
Fast.Five.2011__#00-32-05_00-32-24_label_B1-B2-0.mp4|0.5008846|(1,457,0.5008846)
Kingsman.The.Golden.Circle.2017__#00-35-55_00-36-35_label_B1-0-0.mp4|0.50170374|(1,962,0.50170374)
The.Hurt.Locker.2008__#01-27-42_01-28-09_label_G-0-0.mp4|0.50015986|(1,649,0.50015986)
Fast.Furious.6.2013__#01-38-33_01-39-20_label_B1-0-0.mp4|0.50020546|(1,1129,0.50020546)
v=u5SF4SlqNDQ__#00-02-39_00-03-41_label_G-0-0.mp4|0.49782163|(1,1491,0.49782163)
Tropa.de.Elite.2.2010__#00-13-41_00-14-56_label_B4-0-0.mp4|0.50052094|(1,1801,0.50052094)
Fast.Five.2011__#00-01-41_00-01-57_label_B6-0-0.mp4|0.50010693|(1,385,0.50010693)
Taken.Extended.Cut.2008__#00-33-51_00-34-03_label_B1-0-0.mp4|0.49887115|(1,289,0.49887115)
Taken.2.UNRATED.EXTENDED.2012__#00-45-50_00-46-20_label_G-0-0.mp4|0.4985241|(1,722,0.4985241)
Shoot.Em.Up.2007__#00-32-40_00-35-10_label_B2-0-0.mp4|0.50197506|(1,3601,0.50197506)
Saving.Private.Ryan.1998__#02-23-00_02-23-28_label_B1-0-0.mp4|0.50140655|(1,673,0.50140655)
The.World.Is.Not.Enough.1999__#00-10-22_00-10-40_label_G-0-0.mp4|0.49803248|(1,433,0.49803248)
Skyfall.2012__#00-06-10_00-06-25_label_B6-0-0.mp4|0.49922314|(1,361,0.49922314)
v=9Ydg5IeZpFI__#1_label_B1-0-0.mp4|0.5007114|(2,4001,0.5007114,621,4621,0.5005792)
Taken.3.2014__#01-19-13_01-19-30_label_B1-0-0.mp4|0.5007064|(1,409,0.5007064)
v=oipd63DGadU__#1_label_B1-0-0.mp4|0.49836144|(1,1398,0.49836144)
Mission.Impossible.III.2006__#00-19-56_00-20-26_label_B2-0-0.mp4|0.5020027|(1,721,0.5020027)
v=m8EkFsaGPzU__#1_label_B4-0-0.mp4|0.5002341|(2,4001,0.4995184,1703,5703,0.5002341)
Sin.City.2005__#0-29-34_0-29-56_label_B2-0-0.mp4|0.5023915|(1,529,0.5023915)
Sin.City.2005__#01-51-59_01-52-29_label_B2-0-0.mp4|0.502002|(1,721,0.502002)
Death.Proof.2007__#01-40-41_01-42-17_label_B5-B6-0.mp4|0.4996818|(1,2305,0.4996818)
v=k98yVPXiYoU__#1_label_G-0-0.mp4|0.49889037|(1,736,0.49889037)
Young.And.Dangerous.IV.1997__#01-32-04_01-32-58_label_B1-0-0.mp4|0.5006822|(1,1297,0.5006822)
v=V7FtjJStY1M__#1_label_G-0-0.mp4|0.5000115|(1,360,0.5000115)
v=CczYDDDf22A__#1_label_G-0-0.mp4|0.49962798|(1,679,0.49962798)
v=2WkuPNLfl5s__#1_label_B4-0-0.mp4|0.50011843|(1,1242,0.50011843)
Fast.Furious.2009__#01-18-00_01-19-00_label_B2-B6-0.mp4|0.50006324|(1,1441,0.50006324)
v=GI49YSCruwY__#1_label_B4-0-0.mp4|0.5011473|(1,3032,0.5011473)
Salt.2010__#01-06-27_01-07-07_label_G-B2-0.mp4|0.50023204|(1,962,0.50023204)
v=CcD-YNlkMPY__#1_label_G-0-0.mp4|0.50069684|(1,1996,0.50069684)
v=zoIn2hOrUIM__#00-01-00_00-02-45_label_B6-0-0.mp4|0.50090235|(1,2522,0.50090235)
v=TsuuRo6PEXM__#1_label_B1-0-0.mp4|0.49963614|(2,4001,0.49901277,343,4343,0.49963614)
v=bfOlheR5nUQ__#00-04-33_00-06-02_label_B4-0-0.mp4|0.5008604|(1,2138,0.5008604)
Spectre.2015__#00-44-05_00-44-40_label_B1-B2-0.mp4|0.50025654|(1,841,0.50025654)
Haywire.2011__#01-20-20_01-21-57_label_B1-0-0.mp4|0.50125605|(1,2329,0.50125605)
v=osjdmjNJUdg__#1_label_B1-0-0.mp4|0.49906638|(1,2320,0.49906638)
Saving.Private.Ryan.1998__#02-23-58_02-24-18_label_G-0-0.mp4|0.50018275|(1,481,0.50018275)
Jason.Bourne.2016__#0-29-48_0-30-29_label_B4-0-0.mp4|0.5012421|(1,985,0.5012421)
Braveheart.1995__#01-26-50_01-32-30_label_B1-0-0.mp4|0.5025717|(3,4001,0.5025717,4000,8001,0.498806,4161,8161,0.4990662)
v=wG-2t0M8CPc__#1_label_B1-0-0.mp4|0.50462705|(1,2073,0.50462705)
v=FRj2K0ulD8Q__#00-00-00_00-00-57_label_B4-0-0.mp4|0.49934557|(1,1370,0.49934557)
v=15wDrZJQpsw__#00-09-00_00-10-55_label_B6-0-0.mp4|0.4999926|(1,2762,0.4999926)
v=OOjjPGN8jSU__#1_label_B6-0-0.mp4|0.5010105|(2,4001,0.5010105,1918,5918,0.50081104)
The.Hurt.Locker.2008__#0-19-22_0-22-32_label_B2-B1-0.mp4|0.50062543|(2,4001,0.50062543,561,4561,0.50014013)
Bullet.in.the.Head.1990__#01-26-30_01-27-34_label_B2-0-0.mp4|0.49924204|(1,1537,0.49924204)
Fast.Furious.2009__#00-42-10_00-42-41_label_B6-0-0.mp4|0.5012651|(1,745,0.5012651)
Taken.3.2014__#01-12-48_01-14-30_label_B2-B1-0.mp4|0.50147235|(1,2449,0.50147235)
v=g2v3EkBj9Zc__#1_label_B4-0-0.mp4|0.49984527|(1,764,0.49984527)
v=UYFR-XbyZQc__#00-01-19_00-02-42_label_G-0-0.mp4|0.50015557|(1,1992,0.50015557)
Haywire.2011__#00-16-07_00-16-49_label_B1-0-0.mp4|0.50143856|(1,1008,0.50143856)
v=ntaXjnpusxM__#1_label_G-0-0.mp4|0.49845436|(1,688,0.49845436)
v=3xkwZk44VQs__#1_label_B4-0-0.mp4|0.5004645|(1,2517,0.5004645)
Brick.Mansions.2014__#01-02-00_01-02-43_label_B2-0-0.mp4|0.50082576|(1,1032,0.50082576)
v=rAlZRFZTwxM__#00-03-13_00-07-08_label_G-0-0.mp4|0.49863705|(2,4001,0.49860665,1641,5641,0.49863705)
v=UK--hvgP2uY__#1_label_G-0-0.mp4|0.49929634|(1,2605,0.49929634)
v=yy-KIWDcBr4__#00-16-10_00-17-19_label_B6-0-0.mp4|0.49710882|(1,1658,0.49710882)
v=k_cvJa1kNaM__#1_label_B4-0-0.mp4|0.5012877|(2,4001,0.5012877,1628,5628,0.50094986)
Deadpool.2.2018__#0-50-30_0-51-20_label_B1-0-0.mp4|0.50154674|(1,1201,0.50154674)
v=9Jk2sIp5MRQ__#1_label_G-0-0.mp4|0.49899268|(1,568,0.49899268)
v=Q7NpJXOTiMY__#1_label_G-0-0.mp4|0.49950382|(1,1628,0.49950382)
IP.Man.2.2010__#01-35-55_01-39-11_label_B1-0-0.mp4|0.501995|(2,4001,0.50116694,704,4704,0.501995)
The.World.Is.Not.Enough.1999__#00-07-04_00-07-45_label_G-B2-0.mp4|0.4995937|(1,984,0.4995937)
Desperado.1995__#01-14-11_01-17-28_label_B2-G-0.mp4|0.50140285|(2,4001,0.50140285,729,4729,0.5010073)
City.Of.Men.2007__#00-57-37_00-58-27_label_B2-0-0.mp4|0.50039816|(1,1200,0.50039816)
v=eqtJjxsTgtg__#1_label_G-0-0.mp4|0.4983993|(1,1194,0.4983993)
v=BXR3d22BhHs__#00-07-00_00-08-00_label_B4-0-0.mp4|0.499535|(1,1443,0.499535)
v=yvnj5VIDsNI__#1_label_B4-0-0.mp4|0.5037049|(2,4001,0.50264066,890,4890,0.5037049)
v=ONsmJAyFAAw__#1_label_G-0-0.mp4|0.49917358|(1,1563,0.49917358)
v=qqsd-cZr01k__#00-06-10_00-07-19_label_B6-0-0.mp4|0.50053805|(1,1658,0.50053805)
Rush.Hour.1998.BluRay__#00-08-08_00-09-15_label_B2-B6-G.mp4|0.50104856|(1,1609,0.50104856)
Sin.City.2005__#0-43-45_0-44-01_label_B2-0-0.mp4|0.50169414|(1,385,0.50169414)
v=rJz4NXm6vis__#1_label_B4-0-0.mp4|0.49788693|(1,1892,0.49788693)
The.Bourne.Ultimatum.2007__#01-26-27_01-28-03_label_B2-B6-0.mp4|0.5010175|(1,2305,0.5010175)
v=73uRcX0Dvfc__#00-00-00_00-01-51_label_B6-G-0.mp4|0.4992898|(1,2666,0.4992898)
GoldenEye.1995__#00-24-53_00-25-06_label_B1-0-0.mp4|0.50019443|(1,313,0.50019443)
v=gsz_P8t-KM4__#1_label_B4-0-0.mp4|0.5018869|(3,4001,0.5001042,4000,8001,0.50158453,5741,9741,0.5018869)
v=PWBZiM-rkoE__#1_label_G-0-0.mp4|0.49936172|(1,2711,0.49936172)
v=J_ZsNd97wXw__#1_label_G-0-0.mp4|0.49830168|(1,1204,0.49830168)
Saving.Private.Ryan.1998__#02-16-58_02-17-13_label_G-0-0.mp4|0.502062|(1,361,0.502062)
v=CoxsDkB-rWU__#00-07-06_00-10-30_label_B4-0-0.mp4|0.498632|(2,4001,0.498632,898,4898,0.4986096)
Fast.Furious.2009__#00-21-06_00-21-57_label_B6-B2-0.mp4|0.4987137|(1,1225,0.4987137)
v=wVey5JDRf_g__#00-00-00_00-01-20_label_B6-0-0.mp4|0.5003394|(1,1922,0.5003394)
Shoot.Em.Up.2007__#00-53-25_00-56-47_label_B2-0-0.mp4|0.49974185|(2,4001,0.49974185,850,4850,0.49932653)
Deadpool.2.2018__#0-04-46_0-05-01_label_B2-0-0.mp4|0.50124484|(1,361,0.50124484)
v=0qtIjyt-7wg__#00-01-00_00-02-45_label_B6-0-0.mp4|0.4976426|(1,2522,0.4976426)
v=wnd3IYH7x1o__#1_label_G-0-0.mp4|0.4978404|(1,1139,0.4978404)
v=Dh-3BlhAOnE__#00-00-00_00-13-36_label_B4-0-0.mp4|0.502003|(5,4001,0.49965298,4000,8001,0.50186974,8000,12001,0.50103027,12000,16001,0.502003,15586,19586,0.5019005)
v=waIS8TaJxts__#00-09-00_00-10-45_label_B6-0-0.mp4|0.5011366|(1,2522,0.5011366)
Ip.Man.2008__#01-14-31_01-15-24_label_B1-0-0.mp4|0.49921563|(1,1274,0.49921563)
v=8oTjTufJnXI__#1_label_G-0-0.mp4|0.4991618|(1,2694,0.4991618)
v=3y2OOc6WTrg__#1_label_B1-0-0.mp4|0.49830917|(2,4001,0.49830917,352,4352,0.49787202)
v=k7R_Qo-BiAw__#00-10-30_00-10-51_label_B6-0-0.mp4|0.4982203|(1,506,0.4982203)
Love.Death.and.Robots.S01E13__#0-11-48_0-12-07_label_G-0-0.mp4|0.50110906|(1,456,0.50110906)
Braveheart.1995__#02-07-00_02-08-15_label_B1-0-0.mp4|0.50153875|(1,1802,0.50153875)
Saving.Private.Ryan.1998__#02-20-00_02-20-13_label_G-0-0.mp4|0.50048876|(1,313,0.50048876)
v=yy-KIWDcBr4__#00-08-35_00-10-25_label_B6-0-0.mp4|0.49804902|(1,2642,0.49804902)
v=vhACO_m5pH0__#00-14-42_00-15-40_label_B6-0-0.mp4|0.5003673|(1,1394,0.5003673)
v=7zEFHKKBA0g__#1_label_B4-0-0.mp4|0.50145924|(2,4001,0.50145924,420,4420,0.500787)
Saving.Private.Ryan.1998__#00-47-50_00-49-35_label_B2-0-0.mp4|0.499339|(1,2521,0.499339)
v=cEOM18n8fhU__#1_label_G-0-0.mp4|0.49887612|(1,2831,0.49887612)
v=aWPWHU8x6kE__#1_label_B4-0-0.mp4|0.49923357|(2,4001,0.49923357,829,4829,0.49884576)
v=yrpZJ8Vr3aA__#1_label_B1-0-0.mp4|0.5038724|(1,2354,0.5038724)
v=w16YmhAZ1_Y__#1_label_G-0-0.mp4|0.49862975|(1,1480,0.49862975)
v=1djrJ0wxlYo__#1_label_B4-0-0.mp4|0.5009305|(1,1536,0.5009305)
Casino.Royale.2006__#00-50-05_00-51-16_label_B1-B2-B6.mp4|0.5017543|(1,1705,0.5017543)
v=SE5fxK7SasU__#00-03-23_00-04-08_label_B4-0-0.mp4|0.50057477|(1,1082,0.50057477)
Operation.Red.Sea.2018__#0-29-36_0-30-20_label_B2-G-0.mp4|0.5001513|(1,1056,0.5001513)
v=7rDRFFSUrPI__#00-01-50_00-02-32_label_G-0-0.mp4|0.501003|(1,1010,0.501003)
Casino.Royale.2006__#01-46-40_01-47-14_label_B6-0-0.mp4|0.49963763|(1,817,0.49963763)
v=u0Tnw01PNxc__#1_label_B4-0-0.mp4|0.5008703|(1,1377,0.5008703)
v=ZoS8gm5OcOM__#00-06-20_00-07-30_label_B6-0-0.mp4|0.49868038|(1,1682,0.49868038)
Rush.Hour.1998.BluRay__#01-25-21_01-25-46_label_B2-0-0.mp4|0.49867943|(1,602,0.49867943)
Fast.Furious.6.2013__#01-03-25_01-04-59_label_B1-0-0.mp4|0.49951798|(1,2256,0.49951798)
Brick.Mansions.2014__#00-16-26_00-17-12_label_B1-0-0.mp4|0.49980405|(1,1104,0.49980405)
v=fIlmgvc-bUk__#1_label_B4-0-0.mp4|0.50129586|(1,1415,0.50129586)
v=GqMh_HBNWZE__#00-01-00_00-02-45_label_B6-0-0.mp4|0.50084955|(1,2522,0.50084955)
v=PuZy1PQIgrA__#1_label_B1-0-0.mp4|0.49874774|(1,2816,0.49874774)
v=OFxPTJxA5pg__#1_label_B4-0-0.mp4|0.49932736|(5,4001,0.49912387,4000,8001,0.49932736,8000,12001,0.4980734,12000,16001,0.4978608,13542,17542,0.49918878)
v=vhACO_m5pH0__#00-20-42_00-22-40_label_B6-0-0.mp4|0.49866924|(1,2834,0.49866924)
Mindhunters.2004__#01-19-00_01-20-05_label_B2-0-0.mp4|0.4997364|(1,1561,0.4997364)
v=RUjrMYWhLng__#1_label_B6-0-0.mp4|0.49889833|(3,4001,0.49804017,4000,8001,0.49741927,6434,10434,0.49889833)
v=iHuggczItBk__#00-01-00_00-02-45_label_B6-0-0.mp4|0.49728176|(1,2522,0.49728176)
v=GbMQ2CxeNHU__#1_label_B4-0-0.mp4|0.5001845|(2,4001,0.5001845,1490,5490,0.4994124)
v=ROrpKx3aIjA__#1_label_G-0-0.mp4|0.5001296|(1,1300,0.5001296)
v=abATVcjFumY__#1_label_G-0-0.mp4|0.49804336|(1,1835,0.49804336)
v=T-LH8Gv5zzY__#1_label_B4-0-0.mp4|0.50174373|(1,2426,0.50174373)
Sin.City.2005__#0-06-42_0-07-06_label_B1-0-0.mp4|0.5026452|(1,577,0.5026452)
Fast.Furious.6.2013__#00-45-40_00-47-13_label_B2-0-0.mp4|0.5011945|(1,2233,0.5011945)
v=X4I8FhpGJwo__#00-09-00_00-10-45_label_B6-0-0.mp4|0.49977407|(1,2522,0.49977407)
v=zI0q5UDP47g__#1_label_B4-0-0.mp4|0.49740282|(1,3603,0.49740282)
v=HSisjzLESak__#00-01-00_00-02-45_label_B6-0-0.mp4|0.4989268|(1,2522,0.4989268)
v=gbRIKogNZvE__#1_label_B4-0-0.mp4|0.49960116|(1,2990,0.49960116)
Fury.2014__#00-07-30_00-07-58_label_G-0-0.mp4|0.5004718|(1,673,0.5004718)
Haywire.2011__#00-03-51_00-05-12_label_B1-B2-0.mp4|0.49984735|(1,1945,0.49984735)
v=8ewWXhYRUNs__#1_label_B1-0-0.mp4|0.49994624|(1,1369,0.49994624)
v=JfLYNEsrTew__#1_label_G-0-0.mp4|0.4980895|(1,750,0.4980895)
GoldenEye.1995__#02-03-40_02-04-13_label_G-0-0.mp4|0.49987766|(1,794,0.49987766)
Deadpool.2.2018__#01-03-09_01-03-54_label_B4-0-0.mp4|0.5018032|(1,1081,0.5018032)
v=sE-DC2trBkI__#00-01-00_00-02-45_label_B6-0-0.mp4|0.4985655|(1,2522,0.4985655)
v=QWwDsPSe7iM__#1_label_B4-0-0.mp4|0.50068337|(1,2334,0.50068337)
v=rKpXqwE2rg8__#00-01-57_00-03-06_label_B4-0-0.mp4|0.49897036|(1,1658,0.49897036)
v=qqsd-cZr01k__#00-01-00_00-02-45_label_B6-0-0.mp4|0.4977961|(1,2522,0.4977961)
v=waIS8TaJxts__#00-07-40_00-08-50_label_B6-0-0.mp4|0.49947032|(1,1682,0.49947032)
Jason.Bourne.2016__#0-50-20_0-50-30_label_G-0-0.mp4|0.50081015|(1,241,0.50081015)
v=8oJMGgaww70__#1_label_B4-0-0.mp4|0.5007941|(1,3595,0.5007941)
Mission.Impossible.Ghost.Protocol.2011__#01-12-38_01-13-43_label_B1-0-0.mp4|0.49916217|(1,1561,0.49916217)
v=3e3C-LQWF2s__#1_label_B1-0-0.mp4|0.5004306|(2,4001,0.5004306,421,4421,0.5004082)
v=yDqThVpu1AM__#1_label_B4-0-0.mp4|0.49884486|(1,744,0.49884486)
v=u5SF4SlqNDQ__#00-00-00_00-01-00_label_G-0-0.mp4|0.49792984|(1,1442,0.49792984)
v=DD3jfKr8e-k__#00-00-00_00-01-40_label_B4-0-0.mp4|0.49963513|(1,2402,0.49963513)
Bullet.in.the.Head.1990__#00-17-20_00-18-55_label_B1-0-0.mp4|0.50127935|(1,2281,0.50127935)
v=CFfc4UWzVB8__#00-00-00_00-00-30_label_B4-0-0.mp4|0.49940133|(1,722,0.49940133)
v=251___mEwZA__#1_label_B1-0-0.mp4|0.49878958|(2,4001,0.49864563,577,4577,0.49878958)
v=FRj2K0ulD8Q__#00-04-16_00-06-05_label_B4-0-0.mp4|0.4986823|(1,2618,0.4986823)
v=_BgJEXQkjNQ__#1_label_G-0-0.mp4|0.49944937|(3,4001,0.49944937,4000,8001,0.49836883,4139,8139,0.49910206)
v=waIS8TaJxts__#00-01-30_00-02-45_label_B6-0-0.mp4|0.5001751|(1,1802,0.5001751)
v=Y43UkfAe_bc__#00-00-00_00-01-40_label_B4-0-0.mp4|0.5003476|(1,2402,0.5003476)
v=tT-SrQC6Ddw__#00-04-00_00-05-15_label_B6-0-0.mp4|0.49813303|(1,1800,0.49813303)
v=qrKfaX1lCUM__#1_label_G-0-0.mp4|0.502254|(2,4001,0.5012255,3409,7409,0.502254)
The.Bourne.Identity.2002__#0-19-53_0-21-48_label_B1-0-0.mp4|0.5006411|(1,2761,0.5006411)
Desperado.1995__#00-38-36_00-39-21_label_B1-B2-0.mp4|0.5006856|(1,1081,0.5006856)
Spectre.2015__#02-02-57_02-03-27_label_B1-B2-0.mp4|0.50081325|(1,722,0.50081325)
v=PRH5rYUHoVU__#00-00-25_00-02-50_label_B6-0-0.mp4|0.5002129|(1,3480,0.5002129)
Fast.Furious.2009__#01-29-10_01-29-55_label_B2-0-0.mp4|0.5022924|(1,1080,0.5022924)
The.Bourne.Identity.2002__#01-45-00_01-45-46_label_B1-0-0.mp4|0.50015527|(1,1104,0.50015527)
v=KUeUxbsBO6s__#1_label_B1-0-0.mp4|0.5020159|(1,2748,0.5020159)
Spectre.2015__#01-32-55_01-35-40_label_B1-B2-0.mp4|0.5011249|(1,3962,0.5011249)
v=2Rr21qkZEDQ__#00-14-10_00-16-09_label_B6-0-0.mp4|0.4996861|(1,2858,0.4996861)
v=J67oj92maC0__#1_label_G-0-0.mp4|0.49815765|(2,4001,0.49815765,673,4673,0.49759972)
v=aQ3qMpgZjwg__#00-00-00_00-01-48_label_B4-0-0.mp4|0.5015749|(1,2593,0.5015749)
Quantum.Of.Solace.2008__#01-30-26_01-30-42_label_B2-B1-0.mp4|0.5007762|(1,384,0.5007762)
Sin.City.2005__#0-22-04_0-22-18_label_B5-0-0.mp4|0.50195587|(1,337,0.50195587)
Fast.Five.2011__#01-29-27_01-32-05_label_B1-0-0.mp4|0.500803|(1,3793,0.500803)
Taken.3.2014__#01-09-26_01-09-54_label_G-0-0.mp4|0.5007205|(1,674,0.5007205)
God.Bless.America.2011__#01-32-00_01-32-50_label_B2-0-0.mp4|0.50316197|(1,1201,0.50316197)
v=afhttnv46Y4__#1_label_B1-0-0.mp4|0.49869463|(1,2500,0.49869463)
v=EOAfl8yMiN8__#00-00-00_00-00-51_label_B6-0-0.mp4|0.49949303|(1,1226,0.49949303)
Black.Hawk.Down.2001__#01-32-40_01-34-00_label_B4-0-0.mp4|0.50090915|(1,1921,0.50090915)
v=35zynOrkvMk__#1_label_G-0-0.mp4|0.5018035|(1,365,0.5018035)
Mission.Impossible.II.2000__#01-18-55_01-20-53_label_B2-0-0.mp4|0.50079536|(1,2833,0.50079536)
Young.And.Dangerous.IV.1997__#01-07-50_01-09-45_label_B1-0-0.mp4|0.499914|(1,2761,0.499914)
v=vaSOMEIe1Bg__#1_label_G-0-0.mp4|0.4985406|(1,1385,0.4985406)
Sin.City.2005__#0-32-00_0-32-16_label_B2-0-0.mp4|0.50174|(1,384,0.50174)
Kill.Bill.Vol.1.2003__#01-21-39_01-26-55_label_B1-0-0.mp4|0.502898|(2,4001,0.502898,3585,7585,0.501355)
Mission.Impossible.II.2000__#01-29-30_01-29-44_label_B1-0-0.mp4|0.50151545|(1,337,0.50151545)
v=38GQ9L2meyE__#1_label_B6-0-0.mp4|0.4982161|(2,4001,0.4982161,650,4650,0.49773213)
v=HSisjzLESak__#00-07-40_00-08-50_label_B6-0-0.mp4|0.49881366|(1,1682,0.49881366)
Spectre.2015__#01-10-35_01-10-53_label_B2-0-0.mp4|0.49899447|(1,433,0.49899447)
Ip.Man.2008__#00-48-57_00-50-47_label_B1-0-0.mp4|0.49866414|(1,2641,0.49866414)
Yellow.Sea.2010__#01-58-30_01-59-27_label_B5-0-0.mp4|0.50021154|(1,1369,0.50021154)
City.of.God.2002__#00-37-20_00-38-02_label_B5-0-0.mp4|0.50290555|(1,1009,0.50290555)
v=BFPkt0AuSFA__#1_label_B4-0-0.mp4|0.5016304|(1,3380,0.5016304)
Haywire.2011__#00-39-07_00-41-48_label_B1-B2-0.mp4|0.5017986|(1,3865,0.5017986)
v=Z12t5h2mBJc__#1_label_B1-0-0.mp4|0.50064355|(2,4001,0.50064355,1047,5047,0.49890673)
Taken.2.UNRATED.EXTENDED.2012__#00-13-42_00-14-16_label_B5-0-0.mp4|0.49994588|(1,818,0.49994588)
v=fhiAyxpDQMU__#1_label_B4-0-0.mp4|0.5006897|(1,3985,0.5006897)
Jason.Bourne.2016__#0-17-25_0-18-53_label_B4-0-0.mp4|0.50069416|(1,2112,0.50069416)
Ip.Man.3.2015__#00-17-51_00-18-51_label_B1-0-0.mp4|0.5002411|(1,1440,0.5002411)
Death.Proof.2007__#00-45-05_00-47-36_label_B5-0-0.mp4|0.49936923|(1,3625,0.49936923)
v=nLAapCIlr-o__#00-08-35_00-10-25_label_B6-0-0.mp4|0.4985872|(1,2642,0.4985872)
v=CUr-Mg8Hmh0__#1_label_G-0-0.mp4|0.5045985|(2,4001,0.5045985,1043,5043,0.5039393)
The.Bourne.Legacy.2012__#0-39-56_0-40-15_label_G-0-0.mp4|0.49954414|(1,457,0.49954414)
v=0qtIjyt-7wg__#00-04-00_00-05-15_label_B6-0-0.mp4|0.49843067|(1,1802,0.49843067)
v=DtxU8UYiFws__#1_label_G-0-0.mp4|0.49743804|(1,1450,0.49743804)
v=f6j3YWgVBto__#00-06-16_00-06-51_label_B6-0-0.mp4|0.50061536|(1,840,0.50061536)
Black.Hawk.Down.2001__#02-00-12_02-01-29_label_B2-0-0.mp4|0.50050944|(1,1850,0.50050944)
v=X1arMZmYhsk__#00-13-00_00-14-09_label_B6-0-0.mp4|0.501669|(1,1658,0.501669)
Saving.Private.Ryan.1998__#02-25-42_02-26-03_label_B2-0-0.mp4|0.49943557|(1,505,0.49943557)
v=LJ0Pu5_Mefs__#1_label_G-0-0.mp4|0.5000222|(1,984,0.5000222)
The.Hurt.Locker.2008__#01-02-10_01-03-55_label_B2-0-0.mp4|0.502148|(1,2521,0.502148)
v=rXWOpZ7W2fA__#1_label_B1-0-0.mp4|0.5001954|(1,2796,0.5001954)
Casino.Royale.2006__#00-51-16_00-52-41_label_B1-B6-0.mp4|0.5013972|(1,2041,0.5013972)
Brick.Mansions.2014__#00-11-57_00-12-12_label_B2-0-0.mp4|0.5022082|(1,360,0.5022082)
The.Bourne.Identity.2002__#01-27-39_01-29-19_label_B2-0-0.mp4|0.50024104|(1,2400,0.50024104)
v=xe4ee56aHSg__#1_label_G-0-0.mp4|0.49928352|(1,532,0.49928352)
Desperado.1995__#00-16-48_00-18-52_label_B1-0-0.mp4|0.500869|(1,2977,0.500869)
v=6TR2rcgHm4g__#1_label_B4-0-0.mp4|0.5043906|(1,1621,0.5043906)
v=w2NgAYJHnS0__#1_label_G-0-0.mp4|0.49851656|(1,1011,0.49851656)
Sin.City.2005__#01-19-08_01-19-23_label_G-0-0.mp4|0.5038676|(1,361,0.5038676)
Braveheart.1995__#02-05-34_02-06-40_label_B1-0-0.mp4|0.5009909|(1,1585,0.5009909)
v=uBXprlsmd18__#00-06-10_00-07-19_label_B6-0-0.mp4|0.5008563|(1,1658,0.5008563)
Fast.Five.2011__#00-32-56_00-33-26_label_B2-0-0.mp4|0.5008006|(1,721,0.5008006)
v=YhCSFZNwfHc__#00-01-15_00-01-42_label_G-B2-0.mp4|0.4988798|(1,648,0.4988798)
Bullet.in.the.Head.1990__#02-02-00_02-05-22_label_B2-B6-G.mp4|0.49841693|(2,4001,0.49841693,849,4849,0.49709797)
v=7isLhaNYgkU__#1_label_B4-0-0.mp4|0.49914068|(2,4001,0.49895492,1706,5706,0.49914068)
City.Of.Men.2007__#00-51-50_00-53-31_label_B2-0-0.mp4|0.5020443|(1,2425,0.5020443)
wangted.2008__#0-22-55_0-23-40_label_B2-0-0.mp4|0.50153786|(1,1081,0.50153786)
v=CLFYvG6MsZU__#00-02-16_00-05-06_label_B2-0-0.mp4|0.49774495|(2,4001,0.49774495,83,4083,0.49773166)
Bad.Boys.1995__#01-11-55_01-12-40_label_G-B2-B6.mp4|0.50136095|(1,1081,0.50136095)
GoldenEye.1995__#01-17-05_01-19-57_label_B2-B1-0.mp4|0.49938813|(2,4001,0.49938813,129,4129,0.49890912)
Kill.Bill.Vol.2.2004__#0-25-20_0-26-20_label_B2-0-0.mp4|0.50049704|(1,1441,0.50049704)
v=wVey5JDRf_g__#00-04-09_00-05-06_label_B6-0-0.mp4|0.4980055|(1,1371,0.4980055)
v=tv0rI-5ycBU__#1_label_B4-0-0.mp4|0.5005643|(1,3249,0.5005643)
Yellow.Sea.2010__#01-05-40_01-06-47_label_B1-B2-0.mp4|0.49907562|(1,1609,0.49907562)
v=YdrISbwy_zI__#1_label_G-0-0.mp4|0.49854025|(1,1723,0.49854025)
v=pL2HjXvWuPc__#1_label_B1-0-0.mp4|0.49933612|(2,4001,0.4987951,836,4836,0.49933612)
v=7xQr5wYwNPg__#1_label_B4-0-0.mp4|0.503948|(1,1121,0.503948)
v=vv-MFJPi4Qs__#1_label_G-0-0.mp4|0.5001029|(1,1004,0.5001029)
Mission.Impossible.III.2006__#01-06-52_01-07-15_label_G-0-0.mp4|0.5011057|(1,553,0.5011057)
Mission.Impossible.V.Rogue.Nation.2015__#01-15-52_01-16-48_label_B6-B2-0.mp4|0.5021692|(1,1344,0.5021692)
Spectre.2015__#01-08-58_01-09-20_label_B1-B2-0.mp4|0.49947307|(1,529,0.49947307)
v=OB0-MXNPUIU__#1_label_B4-0-0.mp4|0.50149506|(2,4001,0.50149506,21,4021,0.50099874)
Kill.Bill.Vol.1.2003__#01-26-56_01-28-18_label_B1-0-0.mp4|0.49871275|(1,1969,0.49871275)
v=wPkBaI6vOv0__#00-00-00_00-01-00_label_G-0-0.mp4|0.49843872|(1,1442,0.49843872)
v=0qtIjyt-7wg__#00-00-00_00-00-51_label_B6-0-0.mp4|0.49721938|(1,1226,0.49721938)
v=S-7rRLrxnVQ__#1_label_B4-0-0.mp4|0.5008607|(1,3273,0.5008607)
Ip.Man.2008__#00-46-51_00-47-30_label_B1-0-0.mp4|0.5002456|(1,937,0.5002456)
City.of.God.2002__#01-52-20_01-54-32_label_B2-0-0.mp4|0.5007393|(1,3169,0.5007393)
v=vhACO_m5pH0__#00-09-42_00-10-40_label_B6-0-0.mp4|0.50199354|(1,1394,0.50199354)
Mission.Impossible.II.2000__#01-25-08_01-25-31_label_B2-0-0.mp4|0.5008757|(1,553,0.5008757)
Taken.2.UNRATED.EXTENDED.2012__#01-18-40_01-19-00_label_B1-0-0.mp4|0.49959|(1,481,0.49959)
v=bfOlheR5nUQ__#00-00-00_00-04-33_label_B4-0-0.mp4|0.5016203|(2,4001,0.5016203,2554,6554,0.5014383)
The.Fast.and.the.Furious.2001__#01-14-04_01-15-20_label_B1-0-0.mp4|0.5014186|(1,1825,0.5014186)
v=zoIn2hOrUIM__#00-06-10_00-07-19_label_B6-0-0.mp4|0.50254995|(1,1658,0.50254995)
Ip.Man.3.2015__#00-46-08_00-54-20_label_B1-0-0.mp4|0.5008927|(3,4001,0.49997985,4000,8001,0.50004566,7808,11808,0.5008927)
v=D1eP4Bn4hDQ__#00-09-20_00-10-45_label_B6-0-0.mp4|0.50019324|(1,2040,0.50019324)
v=ADQNFs9bfFk__#00-00-00_00-00-58_label_B4-0-0.mp4|0.5007719|(1,1394,0.5007719)
Young.And.Dangerous.I.1996__#0-46-25_0-46-55_label_B6-0-0.mp4|0.49980602|(1,722,0.49980602)
v=NnmqkS1e88s__#1_label_B4-0-0.mp4|0.50152117|(1,1752,0.50152117)
v=hxyhulJYz5I__#00-06-09_00-07-00_label_B6-0-0.mp4|0.5013317|(1,1226,0.5013317)
v=Rc9EOFjtj0c__#1_label_B6-0-0.mp4|0.4963089|(1,3365,0.4963089)
Rush.Hour.3.2007.BluRay__#00-04-59_00-05-31_label_B2-0-0.mp4|0.499864|(1,769,0.499864)
v=WiS3TIvykeY__#1_label_B4-0-0.mp4|0.4990235|(1,1562,0.4990235)
Taken.3.2014__#01-04-50_01-05-05_label_B1-0-0.mp4|0.50053245|(1,361,0.50053245)
Young.And.Dangerous.III.1996__#00-23-00_00-25-54_label_B4-0-0.mp4|0.5014993|(2,4001,0.5010082,178,4178,0.5014993)
v=78u9uBJBqIw__#1_label_B4-B5-0.mp4|0.49857476|(1,3486,0.49857476)
v=FRj2K0ulD8Q__#00-06-05_00-08-25_label_B4-0-0.mp4|0.49754897|(1,3339,0.49754897)
The.Hurt.Locker.2008__#0-08-45_0-09-57_label_G-0-0.mp4|0.50031316|(1,1729,0.50031316)
Bad.Boys.II.2003__#00-06-42_00-10-00_label_B2-G-0.mp4|0.501271|(2,4001,0.501271,753,4753,0.5006902)
v=EOAfl8yMiN8__#00-03-00_00-04-09_label_B6-0-0.mp4|0.5024793|(1,1658,0.5024793)
v=v_LxqgpRouM__#1_label_G-0-0.mp4|0.49844584|(1,889,0.49844584)
The.Bourne.Legacy.2012__#0-59-18_01-01-52_label_B2-B1-0.mp4|0.500368|(1,3697,0.500368)
v=p7kvQ4OpDgU__#1_label_B4-0-0.mp4|0.49968776|(1,1889,0.49968776)
v=sE-DC2trBkI__#00-09-00_00-10-05_label_B6-0-0.mp4|0.5006425|(1,1563,0.5006425)
v=vhACO_m5pH0__#00-17-42_00-18-40_label_B6-0-0.mp4|0.50013834|(1,1394,0.50013834)
wangted.2008__#0-45-25_0-47-01_label_B1-0-0.mp4|0.50166446|(1,2305,0.50166446)
v=AF9p0YA0hyA__#00-00-45_00-01-44_label_B4-0-0.mp4|0.5021576|(1,1418,0.5021576)
Tropa.de.Elite.2.2010__#00-42-00_00-43-00_label_B2-0-0.mp4|0.50028694|(1,1441,0.50028694)
v=DRGMajXo_PI__#00-02-15_00-03-02_label_G-0-0.mp4|0.5008751|(1,1130,0.5008751)
New.Kids.Turbo.2010__#00-22-35_00-23-14_label_B1-0-0.mp4|0.49824095|(1,936,0.49824095)
v=uBXprlsmd18__#00-03-00_00-04-09_label_B6-0-0.mp4|0.49851182|(1,1658,0.49851182)
Mission.Impossible.Ghost.Protocol.2011__#01-56-52_01-57-03_label_B1-0-0.mp4|0.49970764|(1,264,0.49970764)
v=pFamvR9CpYw__#00-06-36_00-15-20_label_B4-0-0.mp4|0.5024119|(4,4001,0.5024119,4000,8001,0.49974418,8000,12001,0.4988632,8579,12579,0.49928916)
v=tivXK3PGByk__#1_label_B1-0-0.mp4|0.50064176|(1,3690,0.50064176)
v=nLAapCIlr-o__#00-11-00_00-12-45_label_B6-0-0.mp4|0.49697748|(1,2522,0.49697748)
Mission.Impossible.II.2000__#01-32-56_01-33-25_label_B1-0-0.mp4|0.5008141|(1,697,0.5008141)
Mission.Impossible.Ghost.Protocol.2011__#00-01-18_00-01-40_label_B2-0-0.mp4|0.4987951|(1,529,0.4987951)
v=FfrXebzAwOg__#00-06-10_00-07-19_label_B6-0-0.mp4|0.50036603|(1,1658,0.50036603)
Mission.Impossible.Fallout.2018__#00-39-18_00-40-36_label_B1-0-0.mp4|0.5022432|(1,1873,0.5022432)
v=Q9Re4CnFJRg__#00-01-21_00-01-47_label_G-0-0.mp4|0.4989667|(1,624,0.4989667)
v=sE-DC2trBkI__#00-03-00_00-04-09_label_B6-0-0.mp4|0.5009314|(1,1658,0.5009314)
v=utQ5AvXtNLA__#1_label_B4-0-0.mp4|0.49935424|(1,1076,0.49935424)
v=waIS8TaJxts__#00-05-50_00-06-20_label_B6-0-0.mp4|0.49974087|(1,723,0.49974087)
Fast.Furious.2009__#00-25-59_00-26-25_label_B1-0-0.mp4|0.5005847|(1,625,0.5005847)
Love.Death.and.Robots.S01E15__#0-05-38_0-06-18_label_G-0-0.mp4|0.5024913|(1,960,0.5024913)
The.Fast.and.the.Furious.2001__#01-37-40_01-38-30_label_B6-0-0.mp4|0.50108784|(1,1201,0.50108784)
v=BpargJW29Wo__#00-00-50_00-01-30_label_B1-0-0.mp4|0.50194615|(1,962,0.50194615)
Operation.Red.Sea.2018__#01-20-58_01-22-00_label_B5-0-0.mp4|0.50135255|(1,1488,0.50135255)
v=O9g1uuI62m0__#1_label_B4-0-0.mp4|0.49872023|(2,4001,0.49872023,545,4545,0.49825257)
v=U6MC8JJJZSY__#1_label_G-0-0.mp4|0.4995436|(1,1045,0.4995436)
Mission.Impossible.III.2006__#01-54-02_01-54-40_label_B2-0-0.mp4|0.5008155|(1,913,0.5008155)
v=qmsQ-obL1Z4__#00-03-26_00-04-04_label_B6-0-0.mp4|0.49812415|(1,912,0.49812415)
v=Ia9ATKNeUbY__#00-01-52_00-03-10_label_B6-0-0.mp4|0.49851134|(1,1874,0.49851134)
v=_tsSKAsVZfo__#1_label_B4-0-0.mp4|0.5028056|(1,2534,0.5028056)
v=iHuggczItBk__#00-04-00_00-04-55_label_B6-0-0.mp4|0.49711996|(1,1322,0.49711996)
v=sbEHU4GskX4__#1_label_B1-0-0.mp4|0.5002099|(1,2832,0.5002099)
IP.Man.2.2010__#00-07-14_00-09-13_label_B1-0-0.mp4|0.49967977|(1,2856,0.49967977)
Young.And.Dangerous.I.1996__#0-20-50_0-22-15_label_B1-0-0.mp4|0.5009424|(1,2041,0.5009424)
v=X4I8FhpGJwo__#00-07-40_00-08-50_label_B6-0-0.mp4|0.49761745|(1,1682,0.49761745)
v=qyTGi0N4OVg__#1_label_G-0-0.mp4|0.5006284|(1,1248,0.5006284)
v=vhACO_m5pH0__#00-10-42_00-11-40_label_B6-0-0.mp4|0.49904186|(1,1394,0.49904186)
Tropa.de.Elite.2.2010__#00-46-11_00-46-50_label_B2-0-0.mp4|0.50087863|(1,937,0.50087863)
v=5Ftl4nOSytc__#1_label_G-0-0.mp4|0.5004091|(1,2282,0.5004091)
GoldenEye.1995__#02-02-15_02-02-47_label_B1-0-0.mp4|0.4997724|(1,770,0.4997724)
Casino.Royale.2006__#00-18-30_00-19-20_label_G-B2-0.mp4|0.50162596|(1,1201,0.50162596)
Braveheart.1995__#00-56-30_00-57-20_label_B1-0-0.mp4|0.5012133|(1,1200,0.5012133)
v=0W8LohxH9nI__#1_label_B1-0-0.mp4|0.50183386|(1,1413,0.50183386)
Operation.Red.Sea.2018__#0-02-17_0-02-37_label_B2-0-0.mp4|0.50087553|(1,480,0.50087553)
v=pHZ9gOfmY_k__#1_label_B4-0-0.mp4|0.49941334|(2,4001,0.49918315,1179,5179,0.49941334)
v=waIS8TaJxts__#00-00-00_00-00-51_label_B6-0-0.mp4|0.49851236|(1,1226,0.49851236)
v=6KQFxxHmVMc__#1_label_B1-0-0.mp4|0.4999065|(1,3654,0.4999065)
Skyfall.2012__#00-03-22_00-03-40_label_B6-0-0.mp4|0.5011461|(1,433,0.5011461)
Fury.2014__#00-39-36_00-40-44_label_B1-B2-0.mp4|0.49950737|(1,1634,0.49950737)
v=MJLylzPRvyw__#1_label_B4-0-0.mp4|0.5048217|(1,3587,0.5048217)
v=Q8K7roZu3WU__#1_label_B1-0-0.mp4|0.49789342|(1,1295,0.49789342)
v=BzwNU2xmT64__#00-01-00_00-02-45_label_B6-0-0.mp4|0.49965692|(1,2522,0.49965692)
v=FW_qbiPH7UA__#1_label_B1-0-0.mp4|0.49929005|(1,3283,0.49929005)
v=TOEVc-pOEwM__#00-08-40_00-10-40_label_B6-0-0.mp4|0.4983975|(1,2883,0.4983975)
v=HUL83wCQATc__#1_label_B1-0-0.mp4|0.49874657|(1,2103,0.49874657)
v=IWzI9V3WSnc__#1_label_B4-0-0.mp4|0.49826998|(1,2689,0.49826998)
v=0N0PbzjEg0U__#1_label_B4-0-0.mp4|0.49859372|(1,1518,0.49859372)
v=TfS-MJoVNjM__#1_label_B4-0-0.mp4|0.49920708|(1,1311,0.49920708)
v=m5zK-tzYCQM__#1_label_B4-0-0.mp4|0.5032828|(1,1755,0.5032828)
v=Y1hxr1MWLjM__#1_label_B1-0-0.mp4|0.502008|(1,3071,0.502008)
Love.Death.and.Robots.S01E10__#0-01-00_0-02-13_label_B2-G-0.mp4|0.50018644|(1,1752,0.50018644)
v=H5W58Loofks__#00-05-50_00-06-20_label_B6-0-0.mp4|0.4977233|(1,723,0.4977233)
v=d5lTTPvJLpw__#1_label_B4-0-0.mp4|0.5017888|(2,4001,0.5017888,2277,6277,0.5009549)
Crank.Dircut.2006__#0-27-42_0-29-01_label_B1-0-0.mp4|0.4998203|(1,1898,0.4998203)
Mission.Impossible.V.Rogue.Nation.2015__#00-14-40_00-17-12_label_B1-0-0.mp4|0.5006078|(1,3649,0.5006078)
Kingsman.The.Golden.Circle.2017__#00-41-22_00-41-32_label_B2-0-0.mp4|0.500179|(1,241,0.500179)
v=Ia9ATKNeUbY__#00-06-19_00-06-50_label_B6-0-0.mp4|0.4997259|(1,746,0.4997259)
Gladiator.2000__#01-10-27_01-11-59_label_B1-0-0.mp4|0.502311|(1,2208,0.502311)
City.Of.Men.2007__#01-35-30_01-36-00_label_B2-0-0.mp4|0.50362784|(1,721,0.50362784)
v=ovQ1VTJ_IUI__#1_label_B1-0-0.mp4|0.5026955|(1,1688,0.5026955)
The.Fast.and.the.Furious.2001__#01-24-18_01-25-05_label_B6-0-0.mp4|0.50114304|(1,1128,0.50114304)
City.Of.Men.2007__#01-17-27_01-17-59_label_B2-0-0.mp4|0.50036997|(1,769,0.50036997)
Brick.Mansions.2014__#00-41-25_00-42-36_label_B1-0-0.mp4|0.50003225|(1,1704,0.50003225)
Mission.Impossible.II.2000__#01-46-20_01-47-11_label_B2-B6-0.mp4|0.50080216|(1,1225,0.50080216)
Taken.2.UNRATED.EXTENDED.2012__#01-18-25_01-18-40_label_B2-0-0.mp4|0.50002986|(1,361,0.50002986)
Rush.Hour.1998.BluRay__#01-20-28_01-21-38_label_B2-0-0.mp4|0.5011294|(1,1682,0.5011294)
v=kPWdgckIhLI__#1_label_B4-0-0.mp4|0.5005521|(1,793,0.5005521)
wangted.2008__#0-48-30_0-49-00_label_B2-0-0.mp4|0.5018518|(1,721,0.5018518)
Taken.3.2014__#00-03-58_00-04-16_label_B2-0-0.mp4|0.49891934|(1,433,0.49891934)
Law.Abiding.Citizen.2009__#01-26-34_01-27-25_label_B2-0-0.mp4|0.49937308|(1,1225,0.49937308)
God.Bless.America.2011__#00-12-40_00-13-12_label_B2-0-0.mp4|0.49893162|(1,769,0.49893162)
v=JHsfKFF9Oag__#1_label_A.mp4|0.4985258|(1,2699,0.4985258)
v=fkps18H3SXY__#00-36-00_00-42-00_label_A.mp4|0.5003798|(3,4001,0.49910617,4000,8001,0.5003798,4643,8643,0.49981636)
Flipped.2010__#00-45-40_00-47-30_label_A.mp4|0.5009073|(1,2641,0.5009073)
Tropa.de.Elite.2.2010__#01-33-31_01-34-20_label_A.mp4|0.4998828|(1,1177,0.4998828)
Gladiator.2000__#02-43-00_02-43-59_label_A.mp4|0.49940953|(1,1417,0.49940953)
Mission.Impossible.V.Rogue.Nation.2015__#01-29-39_01-33-39_label_A.mp4|0.50083643|(2,4001,0.50083643,1762,5762,0.5004894)
v=RRiN5W9XwJE__#1_label_A.mp4|0.49980006|(1,2616,0.49980006)
v=-5RWxUUJ7lQ__#1_label_A.mp4|0.50297886|(5,4001,0.5022362,4000,8001,0.50064236,8000,12001,0.502405,12000,16001,0.50297886,15123,19123,0.5024507)
v=9eME1y6V-T4__#02-00-00_02-06-00_label_A.mp4|0.5004909|(3,4001,0.49993443,4000,8001,0.49995315,4642,8642,0.5004909)
v=enYITYwvPAQ__#00-27-00_00-30-00_label_A.mp4|0.5010395|(2,4001,0.5006098,321,4321,0.5010395)
Bullet.in.the.Head.1990__#00-51-46_00-52-50_label_A.mp4|0.50151396|(1,1537,0.50151396)
Deadpool.2016__#0-18-35_0-18-55_label_A.mp4|0.5013195|(1,481,0.5013195)
New.Kids.Turbo.2010__#00-41-30_00-42-05_label_A.mp4|0.49992275|(1,840,0.49992275)
v=4jVgDKbu_TI__#1_label_A.mp4|0.5030256|(5,4001,0.5030256,4000,8001,0.5008455,8000,12001,0.5015155,12000,16001,0.5016139,14974,18974,0.501655)
Haywire.2011__#00-02-06_00-03-29_label_A.mp4|0.5006811|(1,1993,0.5006811)
God.Bless.America.2011__#00-51-00_00-52-00_label_A.mp4|0.5003777|(1,1441,0.5003777)
Kingsman.The.Secret.Service.2014__#00-25-29_00-26-24_label_A.mp4|0.50135356|(1,1321,0.50135356)
v=x0-z4h6mFoU__#1_label_A.mp4|0.5045121|(2,4001,0.50445706,610,4610,0.5045121)
Love.Me.If.You.Dare.2003__#00-11-20_00-15-08_label_A.mp4|0.50200385|(2,4001,0.50200385,1474,5474,0.501848)
v=H9Y5_X1sEEA__#00-42-00_00-45-00_label_A.mp4|0.50178146|(2,4001,0.50178146,322,4322,0.50167817)
The.Bourne.Ultimatum.2007__#0-55-55_0-56-10_label_A.mp4|0.5000381|(1,361,0.5000381)
Hot.Fuzz.2007__#00-19-20_00-22-06_label_A.mp4|0.5005768|(1,3986,0.5005768)
The.Intouchables.2011__#00-51-55_00-55-16_label_A.mp4|0.5006897|(2,4001,0.5002955,826,4826,0.5006897)
Tropa.de.Elite.2.2010__#00-05-30_00-06-30_label_A.mp4|0.5007|(1,1441,0.5007)
v=yZ2wlTAN49g__#00-03-00_00-06-00_label_A.mp4|0.5005008|(2,4001,0.5004813,322,4322,0.5005008)
v=gGlqujwrhbI__#00-12-00_00-15-00_label_A.mp4|0.50098073|(2,4001,0.50098073,322,4322,0.5001523)
v=LYzmr5ORvCg__#1_label_A.mp4|0.49926046|(1,3925,0.49926046)
v=MyM5G7fo7Gg__#00-06-00_00-09-00_label_A.mp4|0.5030738|(2,4001,0.5023634,322,4322,0.5030738)
Before.Sunrise.1995__#01-36-45_01-38-10_label_A.mp4|0.49907556|(1,2040,0.49907556)
v=ErOcW_CSOyQ__#1_label_A.mp4|0.4999098|(5,4001,0.49857464,4000,8001,0.4980511,8000,12001,0.49757582,12000,16001,0.4997742,13477,17477,0.4999098)
v=9eME1y6V-T4__#01-06-00_01-12-00_label_A.mp4|0.50081307|(3,4001,0.50081307,4000,8001,0.5003994,4642,8642,0.49973586)
God.Bless.America.2011__#01-23-13_01-25-31_label_A.mp4|0.5010782|(1,3313,0.5010782)
v=pCyCi-q4MqY__#1_label_A.mp4|0.49826244|(2,4001,0.49826244,714,4714,0.49690977)
v=Hd_2Y29_FLU__#1_label_A.mp4|0.49968573|(1,3272,0.49968573)
GoldenEye.1995__#01-33-40_01-34-30_label_A.mp4|0.5003331|(1,1201,0.5003331)
v=a0TQkX_zLt0__#1_label_A.mp4|0.5021162|(3,4001,0.5021162,4000,8001,0.5011347,7764,11764,0.49869236)
Be.with.You.2018__#00-16-18_00-18-09_label_A.mp4|0.49892917|(1,2665,0.49892917)
v=NeAC-MfTZzU__#00-15-00_00-18-00_label_A.mp4|0.50113434|(2,4001,0.50113434,322,4322,0.5010958)
About.Time.2013__#00-23-50_00-24-31_label_A.mp4|0.50031847|(1,985,0.50031847)
v=QUlWIIHMIEQ__#1_label_A.mp4|0.49964026|(1,1106,0.49964026)
A.Beautiful.Mind.2001__#01-14-30_01-16-59_label_A.mp4|0.5000627|(1,3577,0.5000627)
Flipped.2010__#01-07-30_01-09-51_label_A.mp4|0.5010276|(1,3384,0.5010276)
v=I7oSupyExVY__#1_label_A.mp4|0.5019362|(2,4001,0.501847,825,4825,0.5019362)
v=8SC55pYljMM__#1_label_A.mp4|0.50478214|(2,4001,0.50478214,324,4324,0.5037001)
Kingsman.The.Golden.Circle.2017__#00-44-52_00-46-20_label_A.mp4|0.5017891|(1,2113,0.5017891)
v=vFPQ_NiDBIU__#02-42-00_02-48-00_label_A.mp4|0.5022498|(3,4001,0.50117606,4000,8001,0.5022498,4640,8640,0.50157017)
v=lVJVRywgmYM__#1_label_A.mp4|0.5040784|(2,4001,0.5040784,1937,5937,0.50397354)
v=KERh4R2BbS0__#1_label_A.mp4|0.50399387|(6,4001,0.5007688,4000,8001,0.50399387,8000,12001,0.5028744,12000,16001,0.5039869,16000,20001,0.50391895,16652,20652,0.50384986)
v=Yr41_8QOTF8__#00-09-00_00-12-00_label_A.mp4|0.50090575|(2,4001,0.5008955,321,4321,0.50090575)
v=rmDBn5Rpd3s__#1_label_A.mp4|0.5000749|(1,707,0.5000749)
v=9eME1y6V-T4__#00-42-00_00-48-00_label_A.mp4|0.49814215|(3,4001,0.49814215,4000,8001,0.49787652,4642,8642,0.49812013)
v=vFPQ_NiDBIU__#01-00-00_01-06-00_label_A.mp4|0.5021482|(3,4001,0.5021482,4000,8001,0.5008722,4640,8640,0.50098836)
v=GnN9VTh_s2A__#1_label_A.mp4|0.50093013|(1,683,0.50093013)
v=ajnl7P9bf78__#1_label_A.mp4|0.49983507|(1,1624,0.49983507)
Fury.2014__#01-13-32_01-14-43_label_A.mp4|0.5005204|(1,1705,0.5005204)
Desperado.1995__#01-22-10_01-23-17_label_A.mp4|0.49974015|(1,1609,0.49974015)
v=5l-nbDl0qvg__#1_label_A.mp4|0.5002216|(4,4001,0.49889857,4000,8001,0.4987802,8000,12001,0.49930254,9124,13124,0.5002216)
Before.Sunrise.1995__#00-23-50_00-24-31_label_A.mp4|0.4995943|(1,985,0.4995943)
The.Notebook.2004__#00-20-35_00-23-06_label_A.mp4|0.49962085|(1,3625,0.49962085)
v=SdYFFo_tsfk__#00-00-00_00-06-00_label_A.mp4|0.49982572|(3,4001,0.49954647,4000,8001,0.49846157,4642,8642,0.49982572)
From.Dusk.Till.Dawn.1996__#00-31-52_00-34-21_label_A.mp4|0.50031674|(1,3576,0.50031674)
About.Time.2013__#00-30-50_00-32-31_label_A.mp4|0.4999429|(1,2425,0.4999429)
The.Secret.Life.of.Walter.Mitty.2013__#00-36-52_00-41-00_label_A.mp4|0.5007278|(2,4001,0.49935865,1953,5953,0.5007278)
v=plhVMWR33go__#1_label_A.mp4|0.5031899|(3,4001,0.50059414,4000,8001,0.5031899,4047,8047,0.5031255)
v=t_TZYpT6xjY__#1_label_A.mp4|0.50293314|(2,4001,0.50293314,741,4741,0.5007118)
The.Notebook.2004__#00-11-00_00-15-08_label_A.mp4|0.5008378|(2,4001,0.5008378,1954,5954,0.5006187)
v=lyZxvgPD4gM__#1_label_A.mp4|0.5006852|(2,4001,0.5006852,1529,5529,0.5002774)
v=ZpWR_YZNZTM__#1_label_A.mp4|0.50102305|(1,3437,0.50102305)
Taken.2.UNRATED.EXTENDED.2012__#00-17-08_00-17-30_label_A.mp4|0.5006886|(1,529,0.5006886)
Before.Sunrise.1995__#00-42-52_00-45-31_label_A.mp4|0.49968538|(1,3817,0.49968538)
Still.Walking.2008__#01-02-18_01-03-10_label_A.mp4|0.4997734|(1,1249,0.4997734)
Love.Me.If.You.Dare.2003__#01-04-40_01-06-59_label_A.mp4|0.50198305|(1,3338,0.50198305)
Fast.Furious.6.2013__#01-37-00_01-38-05_label_A.mp4|0.4998614|(1,1561,0.4998614)
v=H9Y5_X1sEEA__#00-03-00_00-06-00_label_A.mp4|0.50281715|(2,4001,0.50281715,322,4322,0.50231814)
Deadpool.2.2018__#0-02-35_0-03-12_label_A.mp4|0.5009194|(1,890,0.5009194)
v=fkps18H3SXY__#00-54-00_01-00-00_label_A.mp4|0.500392|(3,4001,0.50038654,4000,8001,0.500392,4642,8642,0.4996756)
v=vFPQ_NiDBIU__#01-48-00_01-54-00_label_A.mp4|0.5014425|(3,4001,0.5014425,4000,8001,0.5001503,4640,8640,0.49928963)
v=jAvOGTD7_pU__#00-12-00_00-15-00_label_A.mp4|0.50220245|(2,4001,0.50220245,322,4322,0.5017638)
Be.with.You.2018__#00-23-50_00-24-31_label_A.mp4|0.49908105|(1,985,0.49908105)
Before.Sunset.2004__#01-14-30_01-16-51_label_A.mp4|0.49995255|(1,3385,0.49995255)
Before.Sunrise.1995__#00-04-20_00-05-35_label_A.mp4|0.49943474|(1,1801,0.49943474)
v=7smETZfN0XA__#1_label_A.mp4|0.49959204|(1,3020,0.49959204)
v=9eME1y6V-T4__#01-00-00_01-06-00_label_A.mp4|0.5016851|(3,4001,0.4995956,4000,8001,0.50134134,4642,8642,0.5016851)
Skyfall.2012__#02-14-50_02-16-25_label_A.mp4|0.49878997|(1,2281,0.49878997)
The.Bourne.Identity.2002__#01-09-16_01-11-16_label_A.mp4|0.49970168|(1,2882,0.49970168)
Be.with.You.2018__#01-14-30_01-16-59_label_A.mp4|0.49930444|(1,3577,0.49930444)
v=6cvZOGzfqWU__#1_label_A.mp4|0.5001269|(2,4001,0.5001269,1594,5594,0.4985951)
v=Yr41_8QOTF8__#00-21-00_00-24-00_label_A.mp4|0.500879|(2,4001,0.5007229,321,4321,0.500879)
v=qV4YYnXdQCc__#00-03-00_00-06-00_label_A.mp4|0.5023279|(2,4001,0.5023279,322,4322,0.50224614)
Spectre.2015__#01-17-22_01-18-53_label_A.mp4|0.50050133|(1,2184,0.50050133)
v=JzrpCC7XmyE__#00-06-00_00-12-00_label_A.mp4|0.5022635|(3,4001,0.49919105,4000,8001,0.5021007,4642,8642,0.5022635)
v=g4FnGZ5MAdo__#1_label_A.mp4|0.49995798|(2,4001,0.49929148,958,4958,0.49995798)
The.Pursuit.of.Happyness.2006__#00-30-50_00-32-31_label_A.mp4|0.5003298|(1,2425,0.5003298)
v=rJgg00ic1G8__#1_label_A.mp4|0.4981806|(2,4001,0.49736065,1651,5651,0.4981806)
v=qhUItxoTrmg__#1_label_A.mp4|0.4989528|(2,4001,0.49876186,571,4571,0.4989528)
v=1202rYvw7go__#1_label_A.mp4|0.49862525|(1,3951,0.49862525)
Be.with.You.2018__#00-04-20_00-05-35_label_A.mp4|0.5003574|(1,1801,0.5003574)
The.Hurt.Locker.2008__#0-29-25_0-30-15_label_A.mp4|0.49913675|(1,1200,0.49913675)
wangted.2008__#0-27-17_0-28-07_label_A.mp4|0.5003727|(1,1200,0.5003727)
Mission.Impossible.II.2000__#00-24-30_00-30-10_label_A.mp4|0.5015397|(3,4001,0.4995827,4000,8001,0.5015397,4160,8160,0.5012023)
v=H9Y5_X1sEEA__#00-36-00_00-39-00_label_A.mp4|0.50566626|(2,4001,0.50529504,323,4323,0.50566626)
v=q2SP66Jb6Cw__#00-00-00_00-06-00_label_A.mp4|0.50015146|(3,4001,0.50015146,4000,8001,0.49772197,4642,8642,0.4977035)
Love.Death.and.Robots.S01E02__#00-03-15_00-04-20_label_A.mp4|0.49987856|(1,1560,0.49987856)
v=Q8b0XbtpFsA__#1_label_A.mp4|0.5004574|(2,4001,0.4999618,633,4633,0.5004574)
v=3ZVcLOjwOMk__#1_label_A.mp4|0.5022061|(1,1885,0.5022061)
Still.Walking.2008__#00-16-18_00-17-27_label_A.mp4|0.49980184|(1,1657,0.49980184)
v=f6j3YWgVBto__#00-01-50_00-02-30_label_A.mp4|0.499359|(1,960,0.499359)
Casino.Royale.2006__#00-28-10_00-30-10_label_A.mp4|0.49914685|(1,2881,0.49914685)
God.Bless.America.2011__#00-58-09_01-04-00_label_A.mp4|0.5016459|(3,4001,0.5009123,4000,8001,0.5016459,4425,8425,0.50162476)
v=gxrLosPS27c__#1_label_A.mp4|0.50352883|(1,2219,0.50352883)
v=vFPQ_NiDBIU__#00-42-00_00-48-00_label_A.mp4|0.5016689|(3,4001,0.5011112,4000,8001,0.5015527,4640,8640,0.5016689)
v=L2Qs4KyW-Co__#1_label_A.mp4|0.49899602|(2,4001,0.49899602,426,4426,0.49863094)
Flipped.2010__#00-42-52_00-45-31_label_A.mp4|0.5010598|(1,3817,0.5010598)
Still.Walking.2008__#00-51-55_00-55-16_label_A.mp4|0.4991929|(2,4001,0.4991929,826,4826,0.49839044)
v=DdIA1Owbcdc__#1_label_A.mp4|0.5038853|(1,1064,0.5038853)
v=KEh6EOQvQO0__#1_label_A.mp4|0.5041546|(1,3183,0.5041546)
The.Secret.Life.of.Walter.Mitty.2013__#01-01-20_01-04-00_label_A.mp4|0.49957252|(1,3841,0.49957252)
Young.And.Dangerous.III.1996__#00-15-52_00-17-00_label_A.mp4|0.4991554|(1,1634,0.4991554)
Ip.Man.2008__#00-40-25_00-40-45_label_A.mp4|0.4997193|(1,481,0.4997193)
Kill.Bill.Vol.1.2003__#01-08-15_01-09-15_label_A.mp4|0.501174|(1,1441,0.501174)
v=Wc2QW06H48M__#1_label_A.mp4|0.4986663|(1,1554,0.4986663)
v=JzrpCC7XmyE__#01-06-00_01-12-00_label_A.mp4|0.5022917|(3,4001,0.49939966,4000,8001,0.5022917,4642,8642,0.50202185)
Kingsman.The.Golden.Circle.2017__#02-09-30_02-10-45_label_A.mp4|0.500153|(1,1801,0.500153)
Spectre.2015__#00-16-41_00-18-55_label_A.mp4|0.5001155|(1,3216,0.5001155)
v=0LEefpIPBHA__#1_label_A.mp4|0.50075316|(1,1142,0.50075316)
Bad.Boys.II.2003__#01-11-16_01-14-00_label_A.mp4|0.50037783|(1,3937,0.50037783)
v=tlFJIG9mTGQ__#00-15-00_00-18-36_label_A.mp4|0.50245064|(2,4001,0.5013442,1187,5187,0.50245064)
The.Hurt.Locker.2008__#0-45-39_0-47-06_label_A.mp4|0.4991027|(1,2089,0.4991027)
v=GrHfWKeTDEI__#1_label_A.mp4|0.5018488|(2,4001,0.5018488,1066,5066,0.50153863)
Salt.2010__#00-13-45_00-16-10_label_A.mp4|0.49943316|(1,3481,0.49943316)
v=cvEJ5WFk2KE__#00-06-00_00-09-00_label_A.mp4|0.49865678|(2,4001,0.4984348,321,4321,0.49865678)
v=tI7fktKY6OU__#1_label_A.mp4|0.5030267|(4,4001,0.50154805,4000,8001,0.5030267,8000,12001,0.5023442,10916,14916,0.50229526)
v=NbNFfnVSIn8__#1_label_A.mp4|0.49955088|(2,4001,0.4992974,592,4592,0.49955088)
v=2JJ9d97sd64__#1_label_A.mp4|0.5007582|(1,3140,0.5007582)
v=S1meRf5BsEw__#1_label_A.mp4|0.50115114|(2,4001,0.50115114,104,4104,0.5009301)
The.Secret.Life.of.Walter.Mitty.2013__#00-08-55_00-10-50_label_A.mp4|0.49756208|(1,2762,0.49756208)
v=0vVOXlgHC1U__#00-48-00_00-54-00_label_A.mp4|0.5025882|(3,4001,0.4986345,4000,8001,0.50130635,4642,8642,0.5025882)
v=tlFJIG9mTGQ__#00-12-00_00-15-00_label_A.mp4|0.5019894|(2,4001,0.5019894,322,4322,0.5016245)
Operation.Red.Sea.2018__#0-45-54_0-46-33_label_A.mp4|0.50039494|(1,936,0.50039494)
Fast.Five.2011__#01-59-16_02-01-12_label_A.mp4|0.5010364|(1,2785,0.5010364)
Yellow.Sea.2010__#00-10-16_00-11-14_label_A.mp4|0.49990055|(1,1393,0.49990055)
v=vHnAmx0UYbM__#1_label_A.mp4|0.501542|(6,4001,0.50132823,4000,8001,0.501542,8000,12001,0.5008596,12000,16001,0.4990111,16000,20001,0.499314,16045,20045,0.49925783)
Shoot.Em.Up.2007__#00-25-50_00-27-10_label_A.mp4|0.5015293|(1,1921,0.5015293)
Bad.Boys.1995__#00-10-00_00-11-52_label_A.mp4|0.50121343|(1,2689,0.50121343)
Love.Actually.2003__#01-39-05_01-46-40_label_A.mp4|0.5015201|(3,4001,0.49906537,4000,8001,0.50083894,6921,10921,0.5015201)
Bullet.in.the.Head.1990__#01-58-25_01-59-30_label_A.mp4|0.4980966|(1,1561,0.4980966)
v=W5qLlC9il3s__#1_label_A.mp4|0.5041663|(1,1385,0.5041663)
The.Notebook.2004__#01-30-25_01-33-56_label_A.mp4|0.4986609|(2,4001,0.4986609,1065,5065,0.49811995)
About.Time.2013__#00-40-52_00-42-31_label_A.mp4|0.4995292|(1,2377,0.4995292)
Law.Abiding.Citizen.2009__#00-00-35_00-01-31_label_A.mp4|0.49998796|(1,1345,0.49998796)
v=HTEyaXBPf9U__#1_label_A.mp4|0.5033756|(2,4001,0.5023732,1120,5120,0.5033756)
The.Notebook.2004__#00-25-20_00-29-20_label_A.mp4|0.50083506|(2,4001,0.5007076,1761,5761,0.50083506)
v=AqFWYZsOgWY__#00-21-00_00-24-00_label_A.mp4|0.5026773|(2,4001,0.5023975,322,4322,0.5026773)
The.Bourne.Identity.2002__#0-29-16_0-32-00_label_A.mp4|0.5016543|(1,3937,0.5016543)
v=9eME1y6V-T4__#01-18-00_01-24-00_label_A.mp4|0.5018608|(3,4001,0.49832317,4000,8001,0.5018608,4642,8642,0.5008772)
IP.Man.2.2010__#00-02-50_00-06-45_label_A.mp4|0.5023036|(2,4001,0.5023036,1640,5640,0.5022312)
Rush.Hour.3.2007.BluRay__#01-00-40_01-04-00_label_A.mp4|0.5014299|(2,4001,0.50071645,801,4801,0.5014299)
v=_Hn2Xlt-IWU__#1_label_A.mp4|0.49975944|(1,3943,0.49975944)
v=uyvM-vq5DwA__#1_label_A.mp4|0.5041556|(2,4001,0.5041556,788,4788,0.5023457)
Love.Death.and.Robots.S01E04__#00-14-28_00-15-27_label_A.mp4|0.49828327|(1,1416,0.49828327)
v=hdy5kZ5dwj8__#1_label_A.mp4|0.5013417|(2,4001,0.5013417,674,4674,0.501005)
Love.Actually.2003__#01-17-00_01-19-40_label_A.mp4|0.50002784|(1,3842,0.50002784)
v=fkps18H3SXY__#00-00-00_00-06-00_label_A.mp4|0.50087756|(3,4001,0.50087756,4000,8001,0.4994425,4642,8642,0.499713)
v=3MUqt3OkxIo__#1_label_A.mp4|0.49957514|(1,2500,0.49957514)
v=p2ggHwtb-Zg__#00-24-00_00-27-00_label_A.mp4|0.5017478|(2,4001,0.5006821,322,4322,0.5017478)
v=eAgqJnO3kr8__#00-06-00_00-12-00_label_A.mp4|0.5027106|(3,4001,0.5027106,4000,8001,0.5022101,4642,8642,0.5025803)
v=vQ9AwVrM9pU__#1_label_A.mp4|0.50128216|(1,3138,0.50128216)
v=Wp6gzFUaci8__#1_label_A.mp4|0.50361824|(1,2780,0.50361824)
Brick.Mansions.2014__#00-08-37_00-10-04_label_A.mp4|0.5006867|(1,2088,0.5006867)
v=VRn8Tc02TbU__#00-18-00_00-21-00_label_A.mp4|0.503854|(2,4001,0.50373626,322,4322,0.503854)
Young.And.Dangerous.IV.1997__#0-10-35_0-11-50_label_A.mp4|0.49987414|(1,1801,0.49987414)
Sin.City.2005__#01-43-21_01-44-21_label_A.mp4|0.5023916|(1,1441,0.5023916)
Salt.2010__#01-16-00_01-16-50_label_A.mp4|0.5012661|(1,1201,0.5012661)
v=X60PecZRLGE__#1_label_A.mp4|0.5030728|(1,2644,0.5030728)
v=p2ggHwtb-Zg__#00-21-00_00-24-00_label_A.mp4|0.49978873|(2,4001,0.49952862,323,4323,0.49978873)
v=QBfO3qfo7zg__#1_label_A.mp4|0.49837634|(2,4001,0.49833557,661,4661,0.49837634)
Kill.Bill.Vol.1.2003__#00-21-42_00-22-42_label_A.mp4|0.49949804|(1,1441,0.49949804)
GoldenEye.1995__#01-02-11_01-03-43_label_A.mp4|0.5013542|(1,2209,0.5013542)
v=9eME1y6V-T4__#01-36-00_01-42-00_label_A.mp4|0.5002767|(3,4001,0.5002767,4000,8001,0.49831247,4642,8642,0.49823213)
The.Pursuit.of.Happyness.2006__#01-34-18_01-38-11_label_A.mp4|0.50158566|(2,4001,0.5011221,1593,5593,0.50158566)
v=5AlAh8J3WqE__#1_label_A.mp4|0.499688|(3,4001,0.49927554,4000,8001,0.499688,6885,10885,0.49834657)
Taken.3.2014__#00-36-03_00-36-48_label_A.mp4|0.49942428|(1,1081,0.49942428)
Your.Name.2016__#00-05-52_00-08-22_label_A.mp4|0.4986609|(1,3601,0.4986609)
v=mfFYGFJhBI4__#1_label_A.mp4|0.50109136|(1,255,0.50109136)
v=H9Y5_X1sEEA__#00-30-00_00-33-00_label_A.mp4|0.5020876|(2,4001,0.5020876,323,4323,0.50141233)
Love.Actually.2003__#01-34-18_01-38-11_label_A.mp4|0.4989027|(2,4001,0.4989027,1593,5593,0.49778405)
v=VcsJf1q9QX8__#1_label_A.mp4|0.49932113|(1,2560,0.49932113)
The.Secret.Life.of.Walter.Mitty.2013__#01-23-00_01-29-08_label_A.mp4|0.5009012|(3,4001,0.5004634,4000,8001,0.50035715,4833,8833,0.5009012)
The.Bourne.Supremacy.2004__#01-34-52_01-35-50_label_A.mp4|0.4992476|(1,1393,0.4992476)
Quantum.Of.Solace.2008__#00-47-29_00-50-52_label_A.mp4|0.4991499|(2,4001,0.4991499,873,4873,0.49884468)
v=es97CGK_5XQ__#1_label_A.mp4|0.49882653|(1,1633,0.49882653)
v=y7vIfdKwHDk__#1_label_A.mp4|0.49989894|(2,4001,0.49989894,182,4182,0.4998527)
v=NjI-AuzKgMc__#1_label_A.mp4|0.49857712|(1,2836,0.49857712)
Salt.2010__#00-02-10_00-03-57_label_A.mp4|0.49971122|(1,2569,0.49971122)
The.Bourne.Supremacy.2004__#0-58-18_01-00-58_label_A.mp4|0.50244325|(1,3842,0.50244325)
Shoplifters.2018__#00-17-30_00-19-10_label_A.mp4|0.49964228|(1,2401,0.49964228)
Mission.Impossible.Ghost.Protocol.2011__#01-07-24_01-09-09_label_A.mp4|0.5005295|(1,2521,0.5005295)
v=EToznHwS0OA__#1_label_A.mp4|0.5010866|(1,3730,0.5010866)
Before.Sunset.2004__#00-23-50_00-24-31_label_A.mp4|0.49984217|(1,985,0.49984217)
Ip.Man.2008__#01-04-27_01-06-22_label_A.mp4|0.49993312|(1,2761,0.49993312)
A.Beautiful.Mind.2001__#00-40-52_00-42-01_label_A.mp4|0.5007462|(1,1657,0.5007462)
IP.Man.2.2010__#00-54-00_00-57-12_label_A.mp4|0.5002599|(2,4001,0.50013787,608,4608,0.5002599)
The.Bourne.Identity.2002__#0-57-11_0-58-45_label_A.mp4|0.50063527|(1,2257,0.50063527)
Love.Actually.2003__#00-51-55_00-55-16_label_A.mp4|0.4988906|(2,4001,0.49858186,826,4826,0.4988906)
The.Attorney.2013__#00-47-00_00-49-30_label_A.mp4|0.49978277|(1,3601,0.49978277)
v=3lSHv_DUbJs__#1_label_A.mp4|0.49898353|(1,3566,0.49898353)
v=QiLNvC7CIuY__#1_label_A.mp4|0.5017923|(1,1161,0.5017923)
v=ODGDLQ0TT3M__#1_label_A.mp4|0.5006059|(1,2138,0.5006059)
Thelma...Louise.1991__#01-53-54_01-54-50_label_A.mp4|0.4994886|(1,1345,0.4994886)
v=usAvzbDq6-c__#00-21-00_00-24-00_label_A.mp4|0.50338805|(2,4001,0.50272155,322,4322,0.50338805)
The.Notebook.2004__#01-52-20_01-58-00_label_A.mp4|0.49884057|(3,4001,0.4982992,4000,8001,0.49884057,4161,8161,0.4987123)
Bullet.in.the.Head.1990__#00-25-11_00-26-15_label_A.mp4|0.49965286|(1,1537,0.49965286)
v=yviKz5J-pEA__#1_label_A.mp4|0.4985732|(1,3731,0.4985732)
v=QozLwYYVotY__#1_label_A.mp4|0.50128543|(1,3254,0.50128543)
Before.Sunrise.1995__#00-03-00_00-04-05_label_A.mp4|0.5003726|(1,1561,0.5003726)
v=aBsrZKrRtqU__#1_label_A.mp4|0.49936315|(1,1235,0.49936315)
v=eAgqJnO3kr8__#00-48-00_00-54-00_label_A.mp4|0.5031302|(3,4001,0.5027873,4000,8001,0.5031302,4642,8642,0.50270957)
Lord.of.War__#00-59-20_01-00-35_label_A.mp4|0.49998307|(1,1801,0.49998307)
The.Intouchables.2011__#00-58-18_01-02-30_label_A.mp4|0.5006794|(2,4001,0.5000766,2049,6049,0.5006794)
Operation.Red.Sea.2018__#0-12-26_0-13-36_label_A.mp4|0.4986205|(1,1680,0.4986205)
The.Intouchables.2011__#00-04-20_00-05-35_label_A.mp4|0.50242734|(1,1801,0.50242734)
v=Ehh8ZdIMMj4__#1_label_A.mp4|0.501096|(1,2708,0.501096)
The.Notebook.2004__#00-08-55_00-10-50_label_A.mp4|0.49963227|(1,2762,0.49963227)
Flipped.2010__#00-08-55_00-10-50_label_A.mp4|0.5015299|(1,2762,0.5015299)
v=vsI_pKNcgeQ__#00-15-00_00-18-00_label_A.mp4|0.50442934|(2,4001,0.5037685,322,4322,0.50442934)
v=ldnLxTablA8__#1_label_A.mp4|0.49881893|(1,2300,0.49881893)
Love.Actually.2003__#01-04-40_01-06-59_label_A.mp4|0.50073224|(1,3336,0.50073224)
GoldenEye.1995__#00-56-11_00-56-51_label_A.mp4|0.50027084|(1,962,0.50027084)
v=AqFWYZsOgWY__#00-33-00_00-36-00_label_A.mp4|0.50047296|(2,4001,0.50047296,322,4322,0.5003477)
v=MyM5G7fo7Gg__#00-18-00_00-21-00_label_A.mp4|0.501468|(2,4001,0.501468,323,4323,0.5004247)
One.Day.2011__#01-02-50_01-07-05_label_A.mp4|0.50117016|(2,4001,0.50117016,2121,6121,0.50026727)
Death.Proof.2007__#00-02-04_00-05-00_label_A.mp4|0.5022739|(2,4001,0.5022739,225,4225,0.50215954)
Fast.Furious.2009__#01-08-33_01-10-18_label_A.mp4|0.5001573|(1,2521,0.5001573)
A.Beautiful.Mind.2001__#00-25-20_00-29-20_label_A.mp4|0.49984384|(2,4001,0.49984384,1761,5761,0.49913347)
Tropa.de.Elite.2.2010__#01-30-51_01-32-30_label_A.mp4|0.5022991|(1,2377,0.5022991)
v=EeUTpfyb0qo__#1_label_A.mp4|0.5022716|(5,4001,0.5014252,4000,8001,0.501016,8000,12001,0.5022716,12000,16001,0.50196,14143,18143,0.5009752)
v=HksDvkX6Bjk__#1_label_A.mp4|0.5024563|(4,4001,0.50188744,4000,8001,0.5024563,8000,12001,0.50074726,11435,15435,0.50044286)
Before.Sunrise.1995__#00-40-52_00-42-01_label_A.mp4|0.4985105|(1,1657,0.4985105)
v=9FxmNOXF25Q__#1_label_A.mp4|0.5008366|(2,4001,0.50060743,120,4120,0.5008366)
Your.Name.2016__#01-01-20_01-04-00_label_A.mp4|0.49763027|(1,3841,0.49763027)
Black.Hawk.Down.2001__#00-06-44_00-07-39_label_A.mp4|0.5013576|(1,1321,0.5013576)
v=SmFpAAHmoII__#1_label_A.mp4|0.5016173|(1,3951,0.5016173)
Election.2005__#00-03-35_00-05-05_label_A.mp4|0.49984163|(1,2160,0.49984163)
v=H12BVHrNiXs__#1_label_A.mp4|0.5007013|(2,4001,0.50026804,787,4787,0.5007013)
v=Oh6FDdpH08A__#1_label_A.mp4|0.5012236|(1,3344,0.5012236)
v=RarYGpz-blM__#1_label_A.mp4|0.50267595|(1,3384,0.50267595)
The.Pursuit.of.Happyness.2006__#00-17-30_00-19-10_label_A.mp4|0.49893263|(1,2401,0.49893263)
Young.And.Dangerous.II.1996__#0-53-25_0-54-20_label_A.mp4|0.5007858|(1,1322,0.5007858)
v=1EvRIhdsX1s__#1_label_A.mp4|0.49985912|(1,862,0.49985912)
Black.Hawk.Down.2001__#01-36-44_01-37-33_label_A.mp4|0.50059587|(1,1176,0.50059587)
City.of.God.2002__#00-33-10_00-34-50_label_A.mp4|0.50005794|(1,2401,0.50005794)
v=g7fnNf88IOc__#1_label_A.mp4|0.50306875|(1,3635,0.50306875)
Ip.Man.2008__#00-02-56_00-05-24_label_A.mp4|0.50102794|(1,3553,0.50102794)
v=hgoGZZSMhMQ__#1_label_A.mp4|0.49994886|(1,159,0.49994886)
Mission.Impossible.II.2000__#00-11-37_00-15-46_label_A.mp4|0.50048006|(1,693,0.50048006)
Kill.Bill.Vol.2.2004__#01-03-13_01-04-13_label_A.mp4|0.50026244|(1,1441,0.50026244)
v=Pf7WtK-YPDA__#1_label_A.mp4|0.50241685|(1,1954,0.50241685)
Mission.Impossible.Ghost.Protocol.2011__#01-24-59_01-28-30_label_A.mp4|0.5000982|(2,4001,0.5000982,1064,5064,0.50008494)
v=0vVOXlgHC1U__#00-12-00_00-18-00_label_A.mp4|0.50267017|(3,4001,0.50267017,4000,8001,0.50133646,4642,8642,0.50215924)
Hear.Me.2009__#00-30-50_00-32-31_label_A.mp4|0.50069493|(1,2425,0.50069493)
v=H9Y5_X1sEEA__#00-45-00_00-48-00_label_A.mp4|0.5039138|(2,4001,0.5022595,323,4323,0.5039138)
A.Beautiful.Mind.2001__#00-50-26_00-55-16_label_A.mp4|0.50135124|(2,4001,0.50004655,2962,6962,0.50135124)
v=9qxJ6bznkNI__#1_label_A.mp4|0.50123936|(2,4001,0.50123936,1454,5454,0.5010306)
Flipped.2010__#01-10-30_01-13-51_label_A.mp4|0.500491|(2,4001,0.50045717,825,4825,0.500491)
v=94zZ9iptP54__#1_label_A.mp4|0.5014726|(1,932,0.5014726)
Love.Me.If.You.Dare.2003__#00-33-52_00-39-00_label_A.mp4|0.5018431|(2,4001,0.5018431,3394,7394,0.5006833)
The.Fast.and.the.Furious.2001__#01-38-50_01-39-59_label_A.mp4|0.5003403|(1,1657,0.5003403)
Taken.3.2014__#01-20-10_01-21-30_label_A.mp4|0.49949786|(1,1921,0.49949786)
v=wQrV75N2BrI__#1_label_A.mp4|0.50059026|(9,4001,0.4981896,4000,8001,0.4998547,8000,12001,0.4986078,12000,16001,0.4986684,16000,20001,0.49924415,20000,24001,0.49929652,24000,28001,0.49967238,28000,32001,0.49890953,29196,33196,0.50059026)
Good.Will.Hunting.1997__#00-08-55_00-10-50_label_A.mp4|0.5008652|(1,2762,0.5008652)
v=vp_W8CqtCug__#1_label_A.mp4|0.498743|(1,3806,0.498743)
The.Fast.and.the.Furious.2001__#00-26-09_00-26-52_label_A.mp4|0.5001698|(1,1033,0.5001698)
v=SdYFFo_tsfk__#00-18-00_00-24-00_label_A.mp4|0.5023999|(3,4001,0.50127375,4000,8001,0.5020263,4642,8642,0.5023999)
v=y7JEq-kf-2I__#00-01-50_00-02-30_label_A.mp4|0.50049406|(1,960,0.50049406)
Mission.Impossible.Ghost.Protocol.2011__#00-49-03_00-51-21_label_A.mp4|0.50018615|(1,3313,0.50018615)
Jason.Bourne.2016__#0-51-37_0-53-20_label_A.mp4|0.5004698|(1,2473,0.5004698)
v=usAvzbDq6-c__#00-18-00_00-21-00_label_A.mp4|0.5051781|(2,4001,0.5051683,322,4322,0.5051781)
v=VGP9qh7U4H0__#1_label_A.mp4|0.49952152|(2,4001,0.49879804,1284,5284,0.49952152)
Tropa.de.Elite.2007__#00-10-30_00-12-08_label_A.mp4|0.49962002|(1,2352,0.49962002)
v=n0AhGnEjako__#1_label_A.mp4|0.501085|(1,2376,0.501085)
v=5NZxPmTpV6Y__#1_label_A.mp4|0.5029521|(1,2807,0.5029521)
Desperado.1995__#00-19-00_00-20-31_label_A.mp4|0.49903026|(1,2185,0.49903026)
Good.Will.Hunting.1997__#00-58-18_01-02-30_label_A.mp4|0.5010289|(2,4001,0.5010289,2049,6049,0.4998584)
v=bU86SW6L7Tc__#1_label_A.mp4|0.50279206|(2,4001,0.50279206,250,4250,0.50271744)
v=VNQ1Vkz_cM4__#1_label_A.mp4|0.50523704|(2,4001,0.50023866,1622,5622,0.50523704)
City.Of.Men.2007__#01-36-01_01-37-31_label_A.mp4|0.5015447|(1,2161,0.5015447)
v=BL8ppFg7NKI__#1_label_A.mp4|0.5011688|(2,4001,0.5011688,1470,5470,0.5006879)
Young.And.Dangerous.I.1996__#0-55-09_0-56-59_label_A.mp4|0.501211|(1,2641,0.501211)
The.Bourne.Ultimatum.2007__#01-32-57_01-33-53_label_A.mp4|0.49868977|(1,1345,0.49868977)
v=-tqHsoEoUyY__#1_label_A.mp4|0.50099593|(1,1011,0.50099593)
v=eAgqJnO3kr8__#00-42-00_00-48-00_label_A.mp4|0.5023774|(3,4001,0.50161046,4000,8001,0.502355,4642,8642,0.5023774)
v=ibYV3e17R5c__#1_label_A.mp4|0.49945104|(1,3375,0.49945104)
IP.Man.2.2010__#01-44-00_01-44-42_label_A.mp4|0.5028989|(1,1008,0.5028989)
Tropa.de.Elite.2007__#00-52-33_00-54-35_label_A.mp4|0.5021573|(1,2930,0.5021573)
v=usAvzbDq6-c__#00-03-00_00-06-00_label_A.mp4|0.5064299|(2,4001,0.5051368,322,4322,0.5064299)
v=smnw0Q7AxFQ__#1_label_A.mp4|0.5026686|(2,4001,0.5021346,3956,7956,0.5026686)
Hear.Me.2009__#00-49-48_00-51-12_label_A.mp4|0.4995524|(1,2017,0.4995524)
Saving.Private.Ryan.1998__#02-00-56_02-03-06_label_A.mp4|0.50183266|(1,3121,0.50183266)
Be.with.You.2018__#01-42-06_01-45-53_label_A.mp4|0.4985186|(2,4001,0.4985186,1449,5449,0.4983494)
Bullet.in.the.Head.1990__#00-03-59_00-04-40_label_A.mp4|0.50018966|(1,985,0.50018966)
