Mission.Impossible.Fallout.2018__#00-31-21_00-32-50_label_B1-0-0.mp4|0.9991738|(1,2136,0.9991738)
v=bhZs3ALdL7Y__#1_label_G-0-0.mp4|0.90591305|(1,81,0.90591305)
Skyfall.2012__#01-55-44_01-56-57_label_B2-G-0.mp4|0.9999347|(1,1753,0.9999347)
v=15wDrZJQpsw__#00-05-20_00-06-20_label_B6-0-0.mp4|0.99992883|(1,1443,0.99992883)
v=gp_D8r-2hwk__#1_label_G-0-0.mp4|0.99999976|(1,2551,0.99999976)
Quantum.Of.Solace.2008__#01-19-30_01-20-05_label_B1-0-0.mp4|0.026629416|(1,841,0.026629416)
Saving.Private.Ryan.1998__#02-24-18_02-25-42_label_B1-0-0.mp4|0.9530113|(1,2017,0.9530113)
Rush.Hour.3.2007.BluRay__#00-34-11_00-35-46_label_B1-0-0.mp4|0.9996766|(1,2281,0.9996766)
The.Bourne.Identity.2002__#0-54-45_0-56-25_label_B6-0-0.mp4|0.9973284|(1,2401,0.9973284)
Rush.Hour.1998.BluRay__#00-11-05_00-12-10_label_B2-B1-0.mp4|0.94502854|(1,1562,0.94502854)
v=GN-7_ye5k4E__#1_label_G-0-0.mp4|0.9044382|(1,2681,0.9044382)
v=b0MUjeKAGZw__#1_label_B4-0-0.mp4|0.9955278|(1,2795,0.9955278)
Mission.Impossible.III.2006__#00-56-23_00-56-40_label_G-0-0.mp4|0.9997031|(1,409,0.9997031)
Kingsman.The.Secret.Service.2014__#01-43-40_01-44-50_label_B2-G-0.mp4|0.88146853|(1,1681,0.88146853)
v=m5Ya6z6qroo__#1_label_B4-0-0.mp4|0.69576186|(2,4001,0.69576186,1647,5647,0.31372538)
Rush.Hour.3.2007.BluRay__#01-12-16_01-12-36_label_B1-0-0.mp4|0.99740076|(1,481,0.99740076)
Kingsman.The.Secret.Service.2014__#00-22-10_00-23-10_label_B2-0-0.mp4|0.9578586|(1,1441,0.9578586)
v=5BBoVfKOyeM__#00-08-19_00-10-10_label_B6-0-0.mp4|0.026172293|(1,2666,0.026172293)
v=3xWiBCIxjIk__#1_label_B4-0-0.mp4|0.9999958|(1,3748,0.9999958)
Lord.of.War__#00-50-10_00-50-50_label_G-0-0.mp4|0.99636924|(1,961,0.99636924)
v=3WmMhircZOc__#1_label_B4-0-0.mp4|0.95348614|(2,4001,0.0038649586,2025,6025,0.95348614)
v=DVdXoVUNkhg__#1_label_G-0-0.mp4|0.9995419|(1,1146,0.9995419)
v=1GFBuaGCeTo__#1_label_G-0-0.mp4|0.99574846|(1,1253,0.99574846)
v=hAHXCMRvY_I__#1_label_G-0-0.mp4|0.9840089|(1,486,0.9840089)
v=lpkL0Y1MhA8__#1_label_B4-0-0.mp4|0.033502955|(1,2524,0.033502955)
City.of.God.2002__#00-40-16_00-41-30_label_B2-0-0.mp4|0.9675766|(1,1778,0.9675766)
Mission.Impossible.Ghost.Protocol.2011__#01-54-24_01-54-50_label_B1-0-0.mp4|0.94160897|(1,625,0.94160897)
v=AF9p0YA0hyA__#00-03-03_00-04-20_label_B4-0-0.mp4|0.7743593|(1,1850,0.7743593)
v=fQQzg2VfJME__#1_label_B4-0-0.mp4|0.99986637|(1,1348,0.99986637)
v=pFamvR9CpYw__#00-00-00_00-06-36_label_B4-0-0.mp4|0.013119746|(3,4001,0.0007517622,4000,8001,0.002630743,5506,9506,0.013119746)
Ip.Man.2008__#01-40-37_01-42-07_label_B4-0-0.mp4|0.007928346|(1,2161,0.007928346)
v=lcBUb7EOQ4o__#1_label_G-0-0.mp4|0.9993487|(1,2237,0.9993487)
Operation.Red.Sea.2018__#0-25-36_0-26-03_label_G-0-0.mp4|0.19477093|(1,648,0.19477093)
v=q_DhkdHGXos__#1_label_B1-0-0.mp4|4.9083952e-05|(2,4001,4.9083952e-05,638,4638,1.5144608e-05)
v=7QOdBpDrmKk__#00-01-00_00-02-45_label_B6-0-0.mp4|0.99999654|(1,2522,0.99999654)
Mission.Impossible.V.Rogue.Nation.2015__#01-54-23_01-55-10_label_B2-0-0.mp4|0.99921453|(1,1129,0.99921453)
v=xbPWQKZspfU__#1_label_B1-0-0.mp4|0.986899|(2,4001,0.986899,1034,5034,0.92411697)
v=nLAapCIlr-o__#00-07-22_00-08-19_label_B6-0-0.mp4|0.99985003|(1,1370,0.99985003)
Kill.Bill.Vol.1.2003__#01-17-20_01-20-20_label_B1-0-0.mp4|0.08853778|(2,4001,0.002493928,321,4321,0.08853778)
v=Dn_SDu22WpM__#00-08-35_00-10-05_label_B6-0-0.mp4|0.7027875|(1,2163,0.7027875)
v=-fOWSLV6Esw__#1_label_B4-0-0.mp4|0.9906605|(1,789,0.9906605)
Election.2005__#00-47-57_00-50-54_label_B5-0-0.mp4|0.029955052|(2,4001,0.0019627365,248,4248,0.029955052)
v=-kwNh1lMU-w__#1_label_B4-0-0.mp4|0.3114092|(2,4001,0.3114092,81,4081,0.10177795)
v=6nfo9c7a5pE__#1_label_B1-0-0.mp4|0.025275612|(1,1235,0.025275612)
v=SMy2_qNO2Y0__#00-01-50_00-03-13_label_G-0-0.mp4|0.123405434|(1,1994,0.123405434)
v=Qc3pAEeK16A__#1_label_B1-0-0.mp4|0.761029|(1,1409,0.761029)
v=9CWJd1SezkA__#1_label_G-0-0.mp4|0.050361115|(1,700,0.050361115)
Tropa.de.Elite.2.2010__#01-33-01_01-33-30_label_B2-0-0.mp4|0.9992182|(1,698,0.9992182)
Mission.Impossible.V.Rogue.Nation.2015__#00-17-27_00-17-55_label_B2-0-0.mp4|0.13143374|(1,673,0.13143374)
v=tP19WuyY3IY__#00-00-00_00-00-51_label_B6-0-0.mp4|0.99999404|(1,1226,0.99999404)
Operation.Red.Sea.2018__#0-16-06_0-16-46_label_G-0-0.mp4|0.8863532|(1,960,0.8863532)
The.Bourne.Ultimatum.2007__#01-44-02_01-44-11_label_B2-0-0.mp4|0.999824|(1,217,0.999824)
Operation.Red.Sea.2018__#0-56-26_0-57-10_label_G-0-0.mp4|0.9997433|(1,1056,0.9997433)
Lord.of.War__#01-41-04_01-41-53_label_B1-0-0.mp4|0.0072348733|(1,1177,0.0072348733)
v=wVey5JDRf_g__#00-01-30_00-02-41_label_B6-0-0.mp4|0.0028442983|(1,1706,0.0028442983)
v=1io9Uh54Vhg__#1_label_B4-0-0.mp4|0.19014123|(1,1980,0.19014123)
v=Q6zIX29HkSo__#1_label_B4-0-0.mp4|0.9993766|(1,2145,0.9993766)
v=BzwNU2xmT64__#00-04-10_00-06-09_label_B6-0-0.mp4|0.99999344|(1,2858,0.99999344)
v=iHuggczItBk__#00-03-00_00-03-55_label_B6-0-0.mp4|0.040162895|(1,1322,0.040162895)
v=nLAapCIlr-o__#00-16-10_00-18-09_label_B6-0-0.mp4|0.9999999|(1,2858,0.9999999)
Ip.Man.3.2015__#00-44-45_00-45-08_label_B1-0-0.mp4|0.038783062|(1,552,0.038783062)
Black.Hawk.Down.2001__#01-13-59_01-14-49_label_B2-0-0.mp4|0.9987533|(1,1201,0.9987533)
v=3zgaqeVSXuI__#1_label_B4-0-0.mp4|0.879033|(1,1953,0.879033)
Young.And.Dangerous.I.1996__#0-46-57_0-48-57_label_B1-0-0.mp4|0.9978156|(1,2881,0.9978156)
v=8tqeeBGjnPg__#00-03-12_00-04-15_label_B6-0-0.mp4|0.9999677|(1,1515,0.9999677)
v=iWfUqxibqG0__#1_label_G-0-0.mp4|0.9999702|(1,631,0.9999702)
v=Ia9ATKNeUbY__#00-04-19_00-05-11_label_B6-0-0.mp4|0.9987104|(1,1250,0.9987104)
v=UK2w9Sh47fM__#1_label_G-0-0.mp4|0.5306162|(1,1198,0.5306162)
Salt.2010__#00-17-40_00-18-16_label_B1-0-0.mp4|0.99979407|(1,865,0.99979407)
v=2Rr21qkZEDQ__#00-03-00_00-04-09_label_B6-0-0.mp4|0.99999714|(1,1658,0.99999714)
Skyfall.2012__#01-20-05_01-20-20_label_B1-B2-0.mp4|0.9888825|(1,361,0.9888825)
Bullet.in.the.Head.1990__#00-41-30_00-44-16_label_B4-G-0.mp4|0.7289098|(1,3986,0.7289098)
v=5Tnl7_8RqlA__#00-11-00_00-12-45_label_B6-0-0.mp4|0.9996418|(1,2522,0.9996418)
v=BXR3d22BhHs__#00-06-00_00-07-00_label_B4-0-0.mp4|0.9292642|(1,1443,0.9292642)
The.Fast.and.the.Furious.2001__#00-52-18_00-53-36_label_B1-0-0.mp4|0.028946294|(1,1873,0.028946294)
v=gENp4SyNxkI__#1_label_B1-0-0.mp4|0.6281467|(1,1275,0.6281467)
v=YANmwpkuWRo__#1_label_G-0-0.mp4|0.49831092|(1,1080,0.49831092)
v=96N4XAJ7FKM__#1_label_B1-0-0.mp4|0.00882269|(2,4001,0.0007042327,860,4860,0.00882269)
Mission.Impossible.II.2000__#01-38-25_01-38-41_label_B2-B5-0.mp4|0.99962246|(1,385,0.99962246)
v=15wDrZJQpsw__#00-00-00_00-00-51_label_B6-0-0.mp4|0.99999976|(1,1226,0.99999976)
Skyfall.2012__#01-57-40_01-58-00_label_B2-0-0.mp4|0.99908495|(1,481,0.99908495)
Spectre.2015__#02-15-30_02-16-05_label_G-0-0.mp4|0.99998343|(1,842,0.99998343)
GoldenEye.1995__#00-10-00_00-10-40_label_G-0-0.mp4|0.8740679|(1,961,0.8740679)
v=0yHBkMBE8r4__#1_label_B1-0-0.mp4|0.98157203|(2,4001,0.416198,1162,5162,0.98157203)
Bad.Boys.1995__#01-33-51_01-34-37_label_B2-0-0.mp4|0.99999976|(1,1104,0.99999976)
v=YKtw6uLEGps__#1_label_B4-0-0.mp4|0.99955803|(1,2934,0.99955803)
v=cO1UefhG7AY__#1_label_G-0-0.mp4|0.9999602|(2,4001,0.9215489,574,4574,0.9999602)
v=Lt9M_tSij_4__#00-00-00_00-04-24_label_B6-0-0.mp4|0.99981934|(2,4001,0.99981934,2336,6336,0.99778664)
v=kVl-6-A9ZO4__#00-08-01_00-09-35_label_B6-0-0.mp4|0.99742955|(1,2259,0.99742955)
v=X6Tbn8_X-Os__#1_label_B1-0-0.mp4|0.053843472|(2,4001,0.007055275,899,4899,0.053843472)
v=BQjKQbYgUBA__#1_label_B1-0-0.mp4|0.4159249|(1,3423,0.4159249)
Skyfall.2012__#02-08-44_02-09-17_label_B1-0-0.mp4|0.99933237|(1,793,0.99933237)
Deadpool.2016__#0-18-58_0-19-20_label_B1-0-0.mp4|0.9999453|(1,529,0.9999453)
v=zQbnQBCTSiA__#1_label_B1-0-0.mp4|0.35636613|(2,4001,0.21270299,1695,5695,0.35636613)
v=Hnfy9XhlIPM__#1_label_B4-0-0.mp4|0.817927|(2,4001,0.7403306,661,4661,0.817927)
v=ZkUciDD55kA__#00-00-00_00-00-30_label_G-0-0.mp4|0.43272144|(1,722,0.43272144)
v=MqrNCb2N5to__#1_label_B1-0-0.mp4|0.002297158|(1,2533,0.002297158)
v=_5Kmb4tqMxs__#1_label_B4-0-0.mp4|0.34153178|(1,1305,0.34153178)
Taken.2.UNRATED.EXTENDED.2012__#01-06-28_01-06-49_label_B2-0-0.mp4|0.994276|(1,505,0.994276)
Mission.Impossible.V.Rogue.Nation.2015__#01-19-48_01-20-20_label_B6-0-0.mp4|0.99950707|(1,770,0.99950707)
Yellow.Sea.2010__#01-04-00_01-04-50_label_B1-0-0.mp4|0.9997781|(1,1200,0.9997781)
v=HSisjzLESak__#00-00-00_00-00-51_label_B6-0-0.mp4|0.99999654|(1,1226,0.99999654)
Operation.Red.Sea.2018__#01-37-22_01-37-36_label_G-B2-0.mp4|0.9999598|(1,336,0.9999598)
Shoot.Em.Up.2007__#00-56-56_00-57-15_label_B2-0-0.mp4|0.99962425|(1,457,0.99962425)
v=jYENhkzdpO8__#00-00-00_00-01-31_label_B6-0-0.mp4|0.9999951|(1,2186,0.9999951)
New.Kids.Turbo.2010__#00-50-13_00-50-34_label_B1-0-0.mp4|0.3690744|(1,504,0.3690744)
v=bDm2-1NZBLw__#1_label_B4-0-0.mp4|0.9998679|(1,2210,0.9998679)
Bullet.in.the.Head.1990__#00-23-31_00-24-40_label_G-0-0.mp4|0.012308598|(1,1657,0.012308598)
v=ZnFlL84K7HE__#00-27-53_00-34-45_label_B4-0-0.mp4|0.9998524|(3,4001,0.9816481,4000,8001,0.9998524,5890,9890,0.99930847)
City.of.God.2002__#01-24-10_01-25-10_label_B2-0-0.mp4|0.999987|(1,1441,0.999987)
v=ICnreR1hxP0__#1_label_B4-0-0.mp4|0.98338413|(2,4001,0.008564058,328,4328,0.98338413)
v=2al4t5inObA__#1_label_B4-0-0.mp4|0.9999348|(1,3582,0.9999348)
v=3wxWNAM8Cso__#1_label_G-0-0.mp4|0.99998975|(2,4001,0.99454355,2063,6063,0.99998975)
v=pMtu7fOHdII__#1_label_B1-0-0.mp4|0.00028503273|(1,1252,0.00028503273)
Black.Hawk.Down.2001__#01-42-58_01-43-58_label_G-0-0.mp4|0.997141|(1,1441,0.997141)
v=ZoS8gm5OcOM__#00-07-50_00-08-55_label_B6-0-0.mp4|0.963694|(1,1562,0.963694)
v=tP19WuyY3IY__#00-06-10_00-07-51_label_B6-0-0.mp4|0.1961949|(1,2426,0.1961949)
v=CvMpD1yqfxI__#1_label_G-0-0.mp4|0.99448436|(1,873,0.99448436)
v=-etV57xZ4_I__#1_label_B4-0-0.mp4|0.815909|(1,265,0.815909)
Taken.Extended.Cut.2008__#00-50-45_00-51-04_label_B2-B6-0.mp4|0.9999863|(1,456,0.9999863)
v=UzxuX79xq4s__#1_label_B4-0-0.mp4|0.99996865|(2,4001,0.9979792,1286,5286,0.99996865)
v=EH_QB6cm6BE__#1_label_G-0-0.mp4|0.63402855|(1,658,0.63402855)
Salt.2010__#01-12-05_01-12-32_label_B2-G-0.mp4|0.99998605|(1,649,0.99998605)
v=y1z12D5bx7c__#1_label_B4-0-0.mp4|0.99999726|(2,4001,0.9999429,850,4850,0.99999726)
v=1q5V6DKH3bw__#1_label_B4-0-0.mp4|0.9934366|(1,3029,0.9934366)
v=v-Plzx73K68__#1_label_B4-0-0.mp4|0.6200677|(1,1016,0.6200677)
Mission.Impossible.Fallout.2018__#02-03-50_02-04-35_label_B1-0-0.mp4|0.997895|(1,1080,0.997895)
v=ZCjNPgNu42g__#1_label_B4-0-0.mp4|0.24226388|(1,3483,0.24226388)
v=7QOdBpDrmKk__#00-10-30_00-10-51_label_B6-0-0.mp4|0.99922204|(1,506,0.99922204)
v=OE9t3XImErk__#1_label_B1-0-0.mp4|0.9988691|(1,557,0.9988691)
Sin.City.2005__#0-10-40_0-11-40_label_B2-0-0.mp4|0.017798504|(1,1441,0.017798504)
v=_YobflFU_HU__#00-06-10_00-07-51_label_B6-0-0.mp4|1.0|(1,2426,1.0)
Casino.Royale.2006__#01-17-29_01-17-46_label_B1-0-0.mp4|0.017887583|(1,409,0.017887583)
The.Fast.and.the.Furious.2001__#00-29-00_00-29-52_label_B2-G-0.mp4|0.999882|(1,1249,0.999882)
v=2jwO15SMyuo__#1_label_B4-0-0.mp4|0.99993384|(1,2376,0.99993384)
Rush.Hour.3.2007.BluRay__#00-40-56_00-41-52_label_B2-0-0.mp4|0.37519288|(1,1345,0.37519288)
v=uQY15O3LKI0__#1_label_B6-0-0.mp4|0.21266115|(1,3970,0.21266115)
v=iegHZ_UWWsA__#00-14-05_00-20-33_label_B4-0-0.mp4|0.9999789|(3,4001,0.998928,4000,8001,0.9999789,5314,9314,0.9998105)
God.Bless.America.2011__#00-38-25_00-39-37_label_B2-B5-0.mp4|0.5294106|(1,1729,0.5294106)
Bullet.in.the.Head.1990__#01-45-21_01-46-20_label_B2-0-0.mp4|0.0198075|(1,1417,0.0198075)
Taken.2.UNRATED.EXTENDED.2012__#01-00-00_01-00-16_label_B2-0-0.mp4|0.8253381|(1,385,0.8253381)
v=Ia9ATKNeUbY__#00-05-19_00-06-09_label_B6-0-0.mp4|0.9997539|(1,1202,0.9997539)
v=Q-u3Y9TkZhQ__#1_label_B4-0-0.mp4|0.9289557|(1,1036,0.9289557)
v=uprb6aBzymw__#00-03-03_00-05-13_label_B4-0-0.mp4|0.9999826|(1,3121,0.9999826)
v=cuUK-3MNqtw__#1_label_B1-0-0.mp4|0.009269594|(1,2063,0.009269594)
Fast.Five.2011__#00-32-05_00-32-24_label_B1-B2-0.mp4|0.9999393|(1,457,0.9999393)
Kingsman.The.Golden.Circle.2017__#00-35-55_00-36-35_label_B1-0-0.mp4|0.8459676|(1,962,0.8459676)
The.Hurt.Locker.2008__#01-27-42_01-28-09_label_G-0-0.mp4|0.98926544|(1,649,0.98926544)
Fast.Furious.6.2013__#01-38-33_01-39-20_label_B1-0-0.mp4|0.99000144|(1,1129,0.99000144)
v=u5SF4SlqNDQ__#00-02-39_00-03-41_label_G-0-0.mp4|0.9680893|(1,1491,0.9680893)
Tropa.de.Elite.2.2010__#00-13-41_00-14-56_label_B4-0-0.mp4|0.9999442|(1,1801,0.9999442)
Fast.Five.2011__#00-01-41_00-01-57_label_B6-0-0.mp4|0.9999913|(1,385,0.9999913)
Taken.Extended.Cut.2008__#00-33-51_00-34-03_label_B1-0-0.mp4|0.9880235|(1,289,0.9880235)
Taken.2.UNRATED.EXTENDED.2012__#00-45-50_00-46-20_label_G-0-0.mp4|0.99865305|(1,722,0.99865305)
Shoot.Em.Up.2007__#00-32-40_00-35-10_label_B2-0-0.mp4|0.99974006|(1,3601,0.99974006)
Saving.Private.Ryan.1998__#02-23-00_02-23-28_label_B1-0-0.mp4|0.999998|(1,673,0.999998)
The.World.Is.Not.Enough.1999__#00-10-22_00-10-40_label_G-0-0.mp4|0.99240464|(1,433,0.99240464)
Skyfall.2012__#00-06-10_00-06-25_label_B6-0-0.mp4|0.9907822|(1,361,0.9907822)
v=9Ydg5IeZpFI__#1_label_B1-0-0.mp4|0.25588652|(2,4001,0.0332284,621,4621,0.25588652)
Taken.3.2014__#01-19-13_01-19-30_label_B1-0-0.mp4|0.9995449|(1,409,0.9995449)
v=oipd63DGadU__#1_label_B1-0-0.mp4|0.036430534|(1,1398,0.036430534)
Mission.Impossible.III.2006__#00-19-56_00-20-26_label_B2-0-0.mp4|0.99997973|(1,721,0.99997973)
v=m8EkFsaGPzU__#1_label_B4-0-0.mp4|0.85440135|(2,4001,0.85440135,1703,5703,0.72353286)
Sin.City.2005__#0-29-34_0-29-56_label_B2-0-0.mp4|0.7551298|(1,529,0.7551298)
Sin.City.2005__#01-51-59_01-52-29_label_B2-0-0.mp4|0.86847585|(1,721,0.86847585)
Death.Proof.2007__#01-40-41_01-42-17_label_B5-B6-0.mp4|0.25039548|(1,2305,0.25039548)
v=k98yVPXiYoU__#1_label_G-0-0.mp4|0.99851316|(1,736,0.99851316)
Young.And.Dangerous.IV.1997__#01-32-04_01-32-58_label_B1-0-0.mp4|0.8311576|(1,1297,0.8311576)
v=V7FtjJStY1M__#1_label_G-0-0.mp4|0.59466714|(1,360,0.59466714)
v=CczYDDDf22A__#1_label_G-0-0.mp4|0.95643985|(1,679,0.95643985)
v=2WkuPNLfl5s__#1_label_B4-0-0.mp4|0.99959296|(1,1242,0.99959296)
Fast.Furious.2009__#01-18-00_01-19-00_label_B2-B6-0.mp4|0.745552|(1,1441,0.745552)
v=GI49YSCruwY__#1_label_B4-0-0.mp4|0.99085367|(1,3032,0.99085367)
Salt.2010__#01-06-27_01-07-07_label_G-B2-0.mp4|0.99985623|(1,962,0.99985623)
v=CcD-YNlkMPY__#1_label_G-0-0.mp4|1.1518123e-07|(1,1996,1.1518123e-07)
v=zoIn2hOrUIM__#00-01-00_00-02-45_label_B6-0-0.mp4|0.99999976|(1,2522,0.99999976)
v=TsuuRo6PEXM__#1_label_B1-0-0.mp4|0.9999362|(2,4001,0.9999362,343,4343,0.9997863)
v=bfOlheR5nUQ__#00-04-33_00-06-02_label_B4-0-0.mp4|0.96429646|(1,2138,0.96429646)
Spectre.2015__#00-44-05_00-44-40_label_B1-B2-0.mp4|0.05883969|(1,841,0.05883969)
Haywire.2011__#01-20-20_01-21-57_label_B1-0-0.mp4|0.79796714|(1,2329,0.79796714)
v=osjdmjNJUdg__#1_label_B1-0-0.mp4|0.9942525|(1,2320,0.9942525)
Saving.Private.Ryan.1998__#02-23-58_02-24-18_label_G-0-0.mp4|0.9999112|(1,481,0.9999112)
Jason.Bourne.2016__#0-29-48_0-30-29_label_B4-0-0.mp4|0.99994063|(1,985,0.99994063)
Braveheart.1995__#01-26-50_01-32-30_label_B1-0-0.mp4|0.9999628|(3,4001,0.9999628,4000,8001,0.99849546,4161,8161,0.99844307)
v=wG-2t0M8CPc__#1_label_B1-0-0.mp4|0.0061116926|(1,2073,0.0061116926)
v=FRj2K0ulD8Q__#00-00-00_00-00-57_label_B4-0-0.mp4|0.9958339|(1,1370,0.9958339)
v=15wDrZJQpsw__#00-09-00_00-10-55_label_B6-0-0.mp4|0.9999962|(1,2762,0.9999962)
v=OOjjPGN8jSU__#1_label_B6-0-0.mp4|0.044696648|(2,4001,0.044696648,1918,5918,0.03304081)
The.Hurt.Locker.2008__#0-19-22_0-22-32_label_B2-B1-0.mp4|0.15137917|(2,4001,0.15137917,561,4561,0.052561697)
Bullet.in.the.Head.1990__#01-26-30_01-27-34_label_B2-0-0.mp4|0.007846495|(1,1537,0.007846495)
Fast.Furious.2009__#00-42-10_00-42-41_label_B6-0-0.mp4|0.9999759|(1,745,0.9999759)
Taken.3.2014__#01-12-48_01-14-30_label_B2-B1-0.mp4|0.99837273|(1,2449,0.99837273)
v=g2v3EkBj9Zc__#1_label_B4-0-0.mp4|0.999995|(1,764,0.999995)
v=UYFR-XbyZQc__#00-01-19_00-02-42_label_G-0-0.mp4|0.9992435|(1,1992,0.9992435)
Haywire.2011__#00-16-07_00-16-49_label_B1-0-0.mp4|0.14518054|(1,1008,0.14518054)
v=ntaXjnpusxM__#1_label_G-0-0.mp4|0.4612496|(1,688,0.4612496)
v=3xkwZk44VQs__#1_label_B4-0-0.mp4|0.9074852|(1,2517,0.9074852)
Brick.Mansions.2014__#01-02-00_01-02-43_label_B2-0-0.mp4|0.9972862|(1,1032,0.9972862)
v=rAlZRFZTwxM__#00-03-13_00-07-08_label_G-0-0.mp4|0.5030563|(2,4001,0.5030563,1641,5641,0.052620772)
v=UK--hvgP2uY__#1_label_G-0-0.mp4|0.40613863|(1,2605,0.40613863)
v=yy-KIWDcBr4__#00-16-10_00-17-19_label_B6-0-0.mp4|0.9995666|(1,1658,0.9995666)
v=k_cvJa1kNaM__#1_label_B4-0-0.mp4|5.087901e-05|(2,4001,1.1638906e-06,1628,5628,5.087901e-05)
Deadpool.2.2018__#0-50-30_0-51-20_label_B1-0-0.mp4|0.64337486|(1,1201,0.64337486)
v=9Jk2sIp5MRQ__#1_label_G-0-0.mp4|0.62686455|(1,568,0.62686455)
v=Q7NpJXOTiMY__#1_label_G-0-0.mp4|0.99437463|(1,1628,0.99437463)
IP.Man.2.2010__#01-35-55_01-39-11_label_B1-0-0.mp4|0.81812644|(2,4001,0.5787368,704,4704,0.81812644)
The.World.Is.Not.Enough.1999__#00-07-04_00-07-45_label_G-B2-0.mp4|0.9999945|(1,984,0.9999945)
Desperado.1995__#01-14-11_01-17-28_label_B2-G-0.mp4|0.9933969|(2,4001,0.68520206,729,4729,0.9933969)
City.Of.Men.2007__#00-57-37_00-58-27_label_B2-0-0.mp4|0.16830191|(1,1200,0.16830191)
v=eqtJjxsTgtg__#1_label_G-0-0.mp4|0.0009903575|(1,1194,0.0009903575)
v=BXR3d22BhHs__#00-07-00_00-08-00_label_B4-0-0.mp4|0.8725532|(1,1443,0.8725532)
v=yvnj5VIDsNI__#1_label_B4-0-0.mp4|0.99937016|(2,4001,0.99937016,890,4890,0.985913)
v=ONsmJAyFAAw__#1_label_G-0-0.mp4|0.4065329|(1,1563,0.4065329)
v=qqsd-cZr01k__#00-06-10_00-07-19_label_B6-0-0.mp4|0.4312897|(1,1658,0.4312897)
Rush.Hour.1998.BluRay__#00-08-08_00-09-15_label_B2-B6-G.mp4|0.9999944|(1,1609,0.9999944)
Sin.City.2005__#0-43-45_0-44-01_label_B2-0-0.mp4|0.98501253|(1,385,0.98501253)
v=rJz4NXm6vis__#1_label_B4-0-0.mp4|0.07196141|(1,1892,0.07196141)
The.Bourne.Ultimatum.2007__#01-26-27_01-28-03_label_B2-B6-0.mp4|0.9999962|(1,2305,0.9999962)
v=73uRcX0Dvfc__#00-00-00_00-01-51_label_B6-G-0.mp4|0.9999987|(1,2666,0.9999987)
GoldenEye.1995__#00-24-53_00-25-06_label_B1-0-0.mp4|0.99710065|(1,313,0.99710065)
v=gsz_P8t-KM4__#1_label_B4-0-0.mp4|0.8314612|(3,4001,0.8314612,4000,8001,0.012529206,5741,9741,0.7156516)
v=PWBZiM-rkoE__#1_label_G-0-0.mp4|3.128316e-06|(1,2711,3.128316e-06)
v=J_ZsNd97wXw__#1_label_G-0-0.mp4|0.99999106|(1,1204,0.99999106)
Saving.Private.Ryan.1998__#02-16-58_02-17-13_label_G-0-0.mp4|0.99990475|(1,361,0.99990475)
v=CoxsDkB-rWU__#00-07-06_00-10-30_label_B4-0-0.mp4|0.999997|(2,4001,0.9997017,898,4898,0.999997)
Fast.Furious.2009__#00-21-06_00-21-57_label_B6-B2-0.mp4|0.15599696|(1,1225,0.15599696)
v=wVey5JDRf_g__#00-00-00_00-01-20_label_B6-0-0.mp4|0.99115974|(1,1922,0.99115974)
Shoot.Em.Up.2007__#00-53-25_00-56-47_label_B2-0-0.mp4|3.6496353e-05|(2,4001,3.6496353e-05,850,4850,3.8129622e-06)
Deadpool.2.2018__#0-04-46_0-05-01_label_B2-0-0.mp4|0.9981687|(1,361,0.9981687)
v=0qtIjyt-7wg__#00-01-00_00-02-45_label_B6-0-0.mp4|0.9999995|(1,2522,0.9999995)
v=wnd3IYH7x1o__#1_label_G-0-0.mp4|0.8991598|(1,1139,0.8991598)
v=Dh-3BlhAOnE__#00-00-00_00-13-36_label_B4-0-0.mp4|0.99967074|(5,4001,0.26484895,4000,8001,0.99921954,8000,12001,0.24282053,12000,16001,0.92852545,15586,19586,0.99967074)
v=waIS8TaJxts__#00-09-00_00-10-45_label_B6-0-0.mp4|0.9999422|(1,2522,0.9999422)
Ip.Man.2008__#01-14-31_01-15-24_label_B1-0-0.mp4|0.077289514|(1,1274,0.077289514)
v=8oTjTufJnXI__#1_label_G-0-0.mp4|0.9999503|(1,2694,0.9999503)
v=3y2OOc6WTrg__#1_label_B1-0-0.mp4|0.26526895|(2,4001,0.26526895,352,4352,0.17478509)
v=k7R_Qo-BiAw__#00-10-30_00-10-51_label_B6-0-0.mp4|0.9996197|(1,506,0.9996197)
Love.Death.and.Robots.S01E13__#0-11-48_0-12-07_label_G-0-0.mp4|0.9999317|(1,456,0.9999317)
Braveheart.1995__#02-07-00_02-08-15_label_B1-0-0.mp4|0.99990034|(1,1802,0.99990034)
Saving.Private.Ryan.1998__#02-20-00_02-20-13_label_G-0-0.mp4|0.70181507|(1,313,0.70181507)
v=yy-KIWDcBr4__#00-08-35_00-10-25_label_B6-0-0.mp4|0.9999362|(1,2642,0.9999362)
v=vhACO_m5pH0__#00-14-42_00-15-40_label_B6-0-0.mp4|2.5003137e-05|(1,1394,2.5003137e-05)
v=7zEFHKKBA0g__#1_label_B4-0-0.mp4|0.0019864587|(2,4001,2.056933e-05,420,4420,0.0019864587)
Saving.Private.Ryan.1998__#00-47-50_00-49-35_label_B2-0-0.mp4|0.99994695|(1,2521,0.99994695)
v=cEOM18n8fhU__#1_label_G-0-0.mp4|0.9445967|(1,2831,0.9445967)
v=aWPWHU8x6kE__#1_label_B4-0-0.mp4|0.028015396|(2,4001,0.005651228,829,4829,0.028015396)
v=yrpZJ8Vr3aA__#1_label_B1-0-0.mp4|3.558271e-05|(1,2354,3.558271e-05)
v=w16YmhAZ1_Y__#1_label_G-0-0.mp4|0.9999968|(1,1480,0.9999968)
v=1djrJ0wxlYo__#1_label_B4-0-0.mp4|0.9996792|(1,1536,0.9996792)
Casino.Royale.2006__#00-50-05_00-51-16_label_B1-B2-B6.mp4|0.9998982|(1,1705,0.9998982)
v=SE5fxK7SasU__#00-03-23_00-04-08_label_B4-0-0.mp4|0.9996464|(1,1082,0.9996464)
Operation.Red.Sea.2018__#0-29-36_0-30-20_label_B2-G-0.mp4|0.98666686|(1,1056,0.98666686)
v=7rDRFFSUrPI__#00-01-50_00-02-32_label_G-0-0.mp4|0.1710143|(1,1010,0.1710143)
Casino.Royale.2006__#01-46-40_01-47-14_label_B6-0-0.mp4|0.99913967|(1,817,0.99913967)
v=u0Tnw01PNxc__#1_label_B4-0-0.mp4|0.0017168804|(1,1377,0.0017168804)
v=ZoS8gm5OcOM__#00-06-20_00-07-30_label_B6-0-0.mp4|0.9999598|(1,1682,0.9999598)
Rush.Hour.1998.BluRay__#01-25-21_01-25-46_label_B2-0-0.mp4|0.18306652|(1,602,0.18306652)
Fast.Furious.6.2013__#01-03-25_01-04-59_label_B1-0-0.mp4|0.9998086|(1,2256,0.9998086)
Brick.Mansions.2014__#00-16-26_00-17-12_label_B1-0-0.mp4|0.9998097|(1,1104,0.9998097)
v=fIlmgvc-bUk__#1_label_B4-0-0.mp4|0.99997985|(1,1415,0.99997985)
v=GqMh_HBNWZE__#00-01-00_00-02-45_label_B6-0-0.mp4|0.99999523|(1,2522,0.99999523)
v=PuZy1PQIgrA__#1_label_B1-0-0.mp4|0.24278033|(1,2816,0.24278033)
v=OFxPTJxA5pg__#1_label_B4-0-0.mp4|0.5835798|(5,4001,0.014230303,4000,8001,0.0009119588,8000,12001,0.5835798,12000,16001,0.00901719,13542,17542,0.025148693)
v=vhACO_m5pH0__#00-20-42_00-22-40_label_B6-0-0.mp4|0.22401823|(1,2834,0.22401823)
Mindhunters.2004__#01-19-00_01-20-05_label_B2-0-0.mp4|0.9999411|(1,1561,0.9999411)
v=RUjrMYWhLng__#1_label_B6-0-0.mp4|0.8927641|(3,4001,0.37926003,4000,8001,0.2440507,6434,10434,0.8927641)
v=iHuggczItBk__#00-01-00_00-02-45_label_B6-0-0.mp4|0.99996734|(1,2522,0.99996734)
v=GbMQ2CxeNHU__#1_label_B4-0-0.mp4|0.9995851|(2,4001,0.9916127,1490,5490,0.9995851)
v=ROrpKx3aIjA__#1_label_G-0-0.mp4|0.99999774|(1,1300,0.99999774)
v=abATVcjFumY__#1_label_G-0-0.mp4|0.0200387|(1,1835,0.0200387)
v=T-LH8Gv5zzY__#1_label_B4-0-0.mp4|0.99989545|(1,2426,0.99989545)
Sin.City.2005__#0-06-42_0-07-06_label_B1-0-0.mp4|0.07360105|(1,577,0.07360105)
Fast.Furious.6.2013__#00-45-40_00-47-13_label_B2-0-0.mp4|0.99510634|(1,2233,0.99510634)
v=X4I8FhpGJwo__#00-09-00_00-10-45_label_B6-0-0.mp4|0.43644884|(1,2522,0.43644884)
v=zI0q5UDP47g__#1_label_B4-0-0.mp4|0.99996436|(1,3603,0.99996436)
v=HSisjzLESak__#00-01-00_00-02-45_label_B6-0-0.mp4|0.99987054|(1,2522,0.99987054)
v=gbRIKogNZvE__#1_label_B4-0-0.mp4|0.99605477|(1,2990,0.99605477)
Fury.2014__#00-07-30_00-07-58_label_G-0-0.mp4|0.9998816|(1,673,0.9998816)
Haywire.2011__#00-03-51_00-05-12_label_B1-B2-0.mp4|0.11215419|(1,1945,0.11215419)
v=8ewWXhYRUNs__#1_label_B1-0-0.mp4|0.5697841|(1,1369,0.5697841)
v=JfLYNEsrTew__#1_label_G-0-0.mp4|0.005620004|(1,750,0.005620004)
GoldenEye.1995__#02-03-40_02-04-13_label_G-0-0.mp4|0.80553395|(1,794,0.80553395)
Deadpool.2.2018__#01-03-09_01-03-54_label_B4-0-0.mp4|0.0001220251|(1,1081,0.0001220251)
v=sE-DC2trBkI__#00-01-00_00-02-45_label_B6-0-0.mp4|0.9999989|(1,2522,0.9999989)
v=QWwDsPSe7iM__#1_label_B4-0-0.mp4|0.9982855|(1,2334,0.9982855)
v=rKpXqwE2rg8__#00-01-57_00-03-06_label_B4-0-0.mp4|0.99996126|(1,1658,0.99996126)
v=qqsd-cZr01k__#00-01-00_00-02-45_label_B6-0-0.mp4|0.9871488|(1,2522,0.9871488)
v=waIS8TaJxts__#00-07-40_00-08-50_label_B6-0-0.mp4|0.99999833|(1,1682,0.99999833)
Jason.Bourne.2016__#0-50-20_0-50-30_label_G-0-0.mp4|0.9986873|(1,241,0.9986873)
v=8oJMGgaww70__#1_label_B4-0-0.mp4|0.9858862|(1,3595,0.9858862)
Mission.Impossible.Ghost.Protocol.2011__#01-12-38_01-13-43_label_B1-0-0.mp4|0.99998295|(1,1561,0.99998295)
v=3e3C-LQWF2s__#1_label_B1-0-0.mp4|0.0032697984|(2,4001,0.0032697984,421,4421,0.0029658065)
v=yDqThVpu1AM__#1_label_B4-0-0.mp4|0.33675015|(1,744,0.33675015)
v=u5SF4SlqNDQ__#00-00-00_00-01-00_label_G-0-0.mp4|0.9825675|(1,1442,0.9825675)
v=DD3jfKr8e-k__#00-00-00_00-01-40_label_B4-0-0.mp4|0.0088826455|(1,2402,0.0088826455)
Bullet.in.the.Head.1990__#00-17-20_00-18-55_label_B1-0-0.mp4|0.9842986|(1,2281,0.9842986)
v=CFfc4UWzVB8__#00-00-00_00-00-30_label_B4-0-0.mp4|0.95588875|(1,722,0.95588875)
v=251___mEwZA__#1_label_B1-0-0.mp4|0.32164314|(2,4001,0.32164314,577,4577,0.015609674)
v=FRj2K0ulD8Q__#00-04-16_00-06-05_label_B4-0-0.mp4|0.9864705|(1,2618,0.9864705)
v=_BgJEXQkjNQ__#1_label_G-0-0.mp4|0.9999726|(3,4001,0.99962866,4000,8001,0.99973136,4139,8139,0.9999726)
v=waIS8TaJxts__#00-01-30_00-02-45_label_B6-0-0.mp4|0.9938253|(1,1802,0.9938253)
v=Y43UkfAe_bc__#00-00-00_00-01-40_label_B4-0-0.mp4|0.99986005|(1,2402,0.99986005)
v=tT-SrQC6Ddw__#00-04-00_00-05-15_label_B6-0-0.mp4|0.0013131258|(1,1800,0.0013131258)
v=qrKfaX1lCUM__#1_label_G-0-0.mp4|0.0020800976|(2,4001,0.0020800976,3409,7409,3.1506122e-06)
The.Bourne.Identity.2002__#0-19-53_0-21-48_label_B1-0-0.mp4|0.99007684|(1,2761,0.99007684)
Desperado.1995__#00-38-36_00-39-21_label_B1-B2-0.mp4|0.99375063|(1,1081,0.99375063)
Spectre.2015__#02-02-57_02-03-27_label_B1-B2-0.mp4|0.98731905|(1,722,0.98731905)
v=PRH5rYUHoVU__#00-00-25_00-02-50_label_B6-0-0.mp4|0.97590613|(1,3480,0.97590613)
Fast.Furious.2009__#01-29-10_01-29-55_label_B2-0-0.mp4|0.9993825|(1,1080,0.9993825)
The.Bourne.Identity.2002__#01-45-00_01-45-46_label_B1-0-0.mp4|0.8890919|(1,1104,0.8890919)
v=KUeUxbsBO6s__#1_label_B1-0-0.mp4|7.179835e-05|(1,2748,7.179835e-05)
Spectre.2015__#01-32-55_01-35-40_label_B1-B2-0.mp4|0.9999945|(1,3962,0.9999945)
v=2Rr21qkZEDQ__#00-14-10_00-16-09_label_B6-0-0.mp4|0.58799183|(1,2858,0.58799183)
v=J67oj92maC0__#1_label_G-0-0.mp4|0.99990857|(2,4001,0.99974483,673,4673,0.99990857)
v=aQ3qMpgZjwg__#00-00-00_00-01-48_label_B4-0-0.mp4|0.10895757|(1,2593,0.10895757)
Quantum.Of.Solace.2008__#01-30-26_01-30-42_label_B2-B1-0.mp4|0.8067727|(1,384,0.8067727)
Sin.City.2005__#0-22-04_0-22-18_label_B5-0-0.mp4|0.895265|(1,337,0.895265)
Fast.Five.2011__#01-29-27_01-32-05_label_B1-0-0.mp4|0.999985|(1,3793,0.999985)
Taken.3.2014__#01-09-26_01-09-54_label_G-0-0.mp4|0.80269605|(1,674,0.80269605)
God.Bless.America.2011__#01-32-00_01-32-50_label_B2-0-0.mp4|0.9035178|(1,1201,0.9035178)
v=afhttnv46Y4__#1_label_B1-0-0.mp4|0.93789|(1,2500,0.93789)
v=EOAfl8yMiN8__#00-00-00_00-00-51_label_B6-0-0.mp4|1.0|(1,1226,1.0)
Black.Hawk.Down.2001__#01-32-40_01-34-00_label_B4-0-0.mp4|0.99999774|(1,1921,0.99999774)
v=35zynOrkvMk__#1_label_G-0-0.mp4|0.99550074|(1,365,0.99550074)
Mission.Impossible.II.2000__#01-18-55_01-20-53_label_B2-0-0.mp4|0.0006926711|(1,2833,0.0006926711)
Young.And.Dangerous.IV.1997__#01-07-50_01-09-45_label_B1-0-0.mp4|0.93672025|(1,2761,0.93672025)
v=vaSOMEIe1Bg__#1_label_G-0-0.mp4|0.86508715|(1,1385,0.86508715)
Sin.City.2005__#0-32-00_0-32-16_label_B2-0-0.mp4|0.9397019|(1,384,0.9397019)
Kill.Bill.Vol.1.2003__#01-21-39_01-26-55_label_B1-0-0.mp4|0.98802|(2,4001,0.98802,3585,7585,0.74741393)
Mission.Impossible.II.2000__#01-29-30_01-29-44_label_B1-0-0.mp4|0.9999769|(1,337,0.9999769)
v=38GQ9L2meyE__#1_label_B6-0-0.mp4|0.62023354|(2,4001,0.34536755,650,4650,0.62023354)
v=HSisjzLESak__#00-07-40_00-08-50_label_B6-0-0.mp4|0.9991529|(1,1682,0.9991529)
Spectre.2015__#01-10-35_01-10-53_label_B2-0-0.mp4|0.46622917|(1,433,0.46622917)
Ip.Man.2008__#00-48-57_00-50-47_label_B1-0-0.mp4|0.82796925|(1,2641,0.82796925)
Yellow.Sea.2010__#01-58-30_01-59-27_label_B5-0-0.mp4|0.9993406|(1,1369,0.9993406)
City.of.God.2002__#00-37-20_00-38-02_label_B5-0-0.mp4|0.025785578|(1,1009,0.025785578)
v=BFPkt0AuSFA__#1_label_B4-0-0.mp4|0.8317397|(1,3380,0.8317397)
Haywire.2011__#00-39-07_00-41-48_label_B1-B2-0.mp4|0.96642435|(1,3865,0.96642435)
v=Z12t5h2mBJc__#1_label_B1-0-0.mp4|0.999503|(2,4001,0.999503,1047,5047,0.9823813)
Taken.2.UNRATED.EXTENDED.2012__#00-13-42_00-14-16_label_B5-0-0.mp4|0.9998665|(1,818,0.9998665)
v=fhiAyxpDQMU__#1_label_B4-0-0.mp4|0.9829292|(1,3985,0.9829292)
Jason.Bourne.2016__#0-17-25_0-18-53_label_B4-0-0.mp4|0.9999907|(1,2112,0.9999907)
Ip.Man.3.2015__#00-17-51_00-18-51_label_B1-0-0.mp4|0.9961569|(1,1440,0.9961569)
Death.Proof.2007__#00-45-05_00-47-36_label_B5-0-0.mp4|0.9934794|(1,3625,0.9934794)
v=nLAapCIlr-o__#00-08-35_00-10-25_label_B6-0-0.mp4|0.8142387|(1,2642,0.8142387)
v=CUr-Mg8Hmh0__#1_label_G-0-0.mp4|0.00042141357|(2,4001,3.70105e-07,1043,5043,0.00042141357)
The.Bourne.Legacy.2012__#0-39-56_0-40-15_label_G-0-0.mp4|0.9979146|(1,457,0.9979146)
v=0qtIjyt-7wg__#00-04-00_00-05-15_label_B6-0-0.mp4|0.8806336|(1,1802,0.8806336)
v=DtxU8UYiFws__#1_label_G-0-0.mp4|0.47736195|(1,1450,0.47736195)
v=f6j3YWgVBto__#00-06-16_00-06-51_label_B6-0-0.mp4|0.0019838712|(1,840,0.0019838712)
Black.Hawk.Down.2001__#02-00-12_02-01-29_label_B2-0-0.mp4|0.999198|(1,1850,0.999198)
v=X1arMZmYhsk__#00-13-00_00-14-09_label_B6-0-0.mp4|0.9992913|(1,1658,0.9992913)
Saving.Private.Ryan.1998__#02-25-42_02-26-03_label_B2-0-0.mp4|0.72890985|(1,505,0.72890985)
v=LJ0Pu5_Mefs__#1_label_G-0-0.mp4|0.99999785|(1,984,0.99999785)
The.Hurt.Locker.2008__#01-02-10_01-03-55_label_B2-0-0.mp4|0.8084437|(1,2521,0.8084437)
v=rXWOpZ7W2fA__#1_label_B1-0-0.mp4|0.999795|(1,2796,0.999795)
Casino.Royale.2006__#00-51-16_00-52-41_label_B1-B6-0.mp4|0.9999707|(1,2041,0.9999707)
Brick.Mansions.2014__#00-11-57_00-12-12_label_B2-0-0.mp4|0.9988009|(1,360,0.9988009)
The.Bourne.Identity.2002__#01-27-39_01-29-19_label_B2-0-0.mp4|0.9999925|(1,2400,0.9999925)
v=xe4ee56aHSg__#1_label_G-0-0.mp4|0.9998486|(1,532,0.9998486)
Desperado.1995__#00-16-48_00-18-52_label_B1-0-0.mp4|0.9955349|(1,2977,0.9955349)
v=6TR2rcgHm4g__#1_label_B4-0-0.mp4|0.92065257|(1,1621,0.92065257)
v=w2NgAYJHnS0__#1_label_G-0-0.mp4|0.47698155|(1,1011,0.47698155)
Sin.City.2005__#01-19-08_01-19-23_label_G-0-0.mp4|0.9564946|(1,361,0.9564946)
Braveheart.1995__#02-05-34_02-06-40_label_B1-0-0.mp4|0.99999607|(1,1585,0.99999607)
v=uBXprlsmd18__#00-06-10_00-07-19_label_B6-0-0.mp4|0.99999416|(1,1658,0.99999416)
Fast.Five.2011__#00-32-56_00-33-26_label_B2-0-0.mp4|0.9997168|(1,721,0.9997168)
v=YhCSFZNwfHc__#00-01-15_00-01-42_label_G-B2-0.mp4|0.9944072|(1,648,0.9944072)
Bullet.in.the.Head.1990__#02-02-00_02-05-22_label_B2-B6-G.mp4|0.97447103|(2,4001,0.97447103,849,4849,0.6173101)
v=7isLhaNYgkU__#1_label_B4-0-0.mp4|0.9908404|(2,4001,0.9908404,1706,5706,0.8684985)
City.Of.Men.2007__#00-51-50_00-53-31_label_B2-0-0.mp4|0.8840227|(1,2425,0.8840227)
wangted.2008__#0-22-55_0-23-40_label_B2-0-0.mp4|0.0005303624|(1,1081,0.0005303624)
v=CLFYvG6MsZU__#00-02-16_00-05-06_label_B2-0-0.mp4|0.0024215805|(2,4001,0.0011761021,83,4083,0.0024215805)
Bad.Boys.1995__#01-11-55_01-12-40_label_G-B2-B6.mp4|0.9929877|(1,1081,0.9929877)
GoldenEye.1995__#01-17-05_01-19-57_label_B2-B1-0.mp4|0.9991043|(2,4001,0.9991043,129,4129,0.99841404)
Kill.Bill.Vol.2.2004__#0-25-20_0-26-20_label_B2-0-0.mp4|0.5087995|(1,1441,0.5087995)
v=wVey5JDRf_g__#00-04-09_00-05-06_label_B6-0-0.mp4|0.99261934|(1,1371,0.99261934)
v=tv0rI-5ycBU__#1_label_B4-0-0.mp4|0.99985754|(1,3249,0.99985754)
Yellow.Sea.2010__#01-05-40_01-06-47_label_B1-B2-0.mp4|0.98667496|(1,1609,0.98667496)
v=YdrISbwy_zI__#1_label_G-0-0.mp4|0.9999856|(1,1723,0.9999856)
v=pL2HjXvWuPc__#1_label_B1-0-0.mp4|0.026797147|(2,4001,0.008820605,836,4836,0.026797147)
v=7xQr5wYwNPg__#1_label_B4-0-0.mp4|0.1722357|(1,1121,0.1722357)
v=vv-MFJPi4Qs__#1_label_G-0-0.mp4|0.9985678|(1,1004,0.9985678)
Mission.Impossible.III.2006__#01-06-52_01-07-15_label_G-0-0.mp4|0.9973884|(1,553,0.9973884)
Mission.Impossible.V.Rogue.Nation.2015__#01-15-52_01-16-48_label_B6-B2-0.mp4|0.9945662|(1,1344,0.9945662)
Spectre.2015__#01-08-58_01-09-20_label_B1-B2-0.mp4|0.40296778|(1,529,0.40296778)
v=OB0-MXNPUIU__#1_label_B4-0-0.mp4|0.21694924|(2,4001,0.10255034,21,4021,0.21694924)
Kill.Bill.Vol.1.2003__#01-26-56_01-28-18_label_B1-0-0.mp4|0.20885557|(1,1969,0.20885557)
v=wPkBaI6vOv0__#00-00-00_00-01-00_label_G-0-0.mp4|0.45961806|(1,1442,0.45961806)
v=0qtIjyt-7wg__#00-00-00_00-00-51_label_B6-0-0.mp4|0.5060702|(1,1226,0.5060702)
v=S-7rRLrxnVQ__#1_label_B4-0-0.mp4|0.99996924|(1,3273,0.99996924)
Ip.Man.2008__#00-46-51_00-47-30_label_B1-0-0.mp4|0.99992037|(1,937,0.99992037)
City.of.God.2002__#01-52-20_01-54-32_label_B2-0-0.mp4|0.8424659|(1,3169,0.8424659)
v=vhACO_m5pH0__#00-09-42_00-10-40_label_B6-0-0.mp4|0.05898113|(1,1394,0.05898113)
Mission.Impossible.II.2000__#01-25-08_01-25-31_label_B2-0-0.mp4|0.9999896|(1,553,0.9999896)
Taken.2.UNRATED.EXTENDED.2012__#01-18-40_01-19-00_label_B1-0-0.mp4|0.999895|(1,481,0.999895)
v=bfOlheR5nUQ__#00-00-00_00-04-33_label_B4-0-0.mp4|0.72590494|(2,4001,0.00865638,2554,6554,0.72590494)
The.Fast.and.the.Furious.2001__#01-14-04_01-15-20_label_B1-0-0.mp4|0.16966689|(1,1825,0.16966689)
v=zoIn2hOrUIM__#00-06-10_00-07-19_label_B6-0-0.mp4|0.99989176|(1,1658,0.99989176)
Ip.Man.3.2015__#00-46-08_00-54-20_label_B1-0-0.mp4|0.9956838|(3,4001,5.2458967e-05,4000,8001,0.5506706,7808,11808,0.9956838)
v=D1eP4Bn4hDQ__#00-09-20_00-10-45_label_B6-0-0.mp4|0.99999845|(1,2040,0.99999845)
v=ADQNFs9bfFk__#00-00-00_00-00-58_label_B4-0-0.mp4|3.915305e-05|(1,1394,3.915305e-05)
Young.And.Dangerous.I.1996__#0-46-25_0-46-55_label_B6-0-0.mp4|0.998558|(1,722,0.998558)
v=NnmqkS1e88s__#1_label_B4-0-0.mp4|0.27669927|(1,1752,0.27669927)
v=hxyhulJYz5I__#00-06-09_00-07-00_label_B6-0-0.mp4|0.43805358|(1,1226,0.43805358)
v=Rc9EOFjtj0c__#1_label_B6-0-0.mp4|0.9999993|(1,3365,0.9999993)
Rush.Hour.3.2007.BluRay__#00-04-59_00-05-31_label_B2-0-0.mp4|0.6237002|(1,769,0.6237002)
v=WiS3TIvykeY__#1_label_B4-0-0.mp4|0.21815115|(1,1562,0.21815115)
Taken.3.2014__#01-04-50_01-05-05_label_B1-0-0.mp4|0.98654443|(1,361,0.98654443)
Young.And.Dangerous.III.1996__#00-23-00_00-25-54_label_B4-0-0.mp4|0.0014853892|(2,4001,0.00047743635,178,4178,0.0014853892)
v=78u9uBJBqIw__#1_label_B4-B5-0.mp4|0.6948999|(1,3486,0.6948999)
v=FRj2K0ulD8Q__#00-06-05_00-08-25_label_B4-0-0.mp4|0.9999876|(1,3339,0.9999876)
The.Hurt.Locker.2008__#0-08-45_0-09-57_label_G-0-0.mp4|0.96217364|(1,1729,0.96217364)
Bad.Boys.II.2003__#00-06-42_00-10-00_label_B2-G-0.mp4|0.6098347|(2,4001,0.6098347,753,4753,0.34938505)
v=EOAfl8yMiN8__#00-03-00_00-04-09_label_B6-0-0.mp4|0.9998884|(1,1658,0.9998884)
v=v_LxqgpRouM__#1_label_G-0-0.mp4|0.9238101|(1,889,0.9238101)
The.Bourne.Legacy.2012__#0-59-18_01-01-52_label_B2-B1-0.mp4|0.96778816|(1,3697,0.96778816)
v=p7kvQ4OpDgU__#1_label_B4-0-0.mp4|0.9966588|(1,1889,0.9966588)
v=sE-DC2trBkI__#00-09-00_00-10-05_label_B6-0-0.mp4|0.9903031|(1,1563,0.9903031)
v=vhACO_m5pH0__#00-17-42_00-18-40_label_B6-0-0.mp4|0.8073795|(1,1394,0.8073795)
wangted.2008__#0-45-25_0-47-01_label_B1-0-0.mp4|0.9999418|(1,2305,0.9999418)
v=AF9p0YA0hyA__#00-00-45_00-01-44_label_B4-0-0.mp4|0.6575825|(1,1418,0.6575825)
Tropa.de.Elite.2.2010__#00-42-00_00-43-00_label_B2-0-0.mp4|0.0006150939|(1,1441,0.0006150939)
v=DRGMajXo_PI__#00-02-15_00-03-02_label_G-0-0.mp4|0.9999696|(1,1130,0.9999696)
New.Kids.Turbo.2010__#00-22-35_00-23-14_label_B1-0-0.mp4|0.0036517475|(1,936,0.0036517475)
v=uBXprlsmd18__#00-03-00_00-04-09_label_B6-0-0.mp4|0.99993026|(1,1658,0.99993026)
Mission.Impossible.Ghost.Protocol.2011__#01-56-52_01-57-03_label_B1-0-0.mp4|0.9996669|(1,264,0.9996669)
v=pFamvR9CpYw__#00-06-36_00-15-20_label_B4-0-0.mp4|0.8158815|(4,4001,0.026010633,4000,8001,0.5937189,8000,12001,0.8158815,8579,12579,0.18763815)
v=tivXK3PGByk__#1_label_B1-0-0.mp4|0.61532295|(1,3690,0.61532295)
v=nLAapCIlr-o__#00-11-00_00-12-45_label_B6-0-0.mp4|0.9998148|(1,2522,0.9998148)
Mission.Impossible.II.2000__#01-32-56_01-33-25_label_B1-0-0.mp4|0.9999913|(1,697,0.9999913)
Mission.Impossible.Ghost.Protocol.2011__#00-01-18_00-01-40_label_B2-0-0.mp4|0.9985024|(1,529,0.9985024)
v=FfrXebzAwOg__#00-06-10_00-07-19_label_B6-0-0.mp4|0.0054612528|(1,1658,0.0054612528)
Mission.Impossible.Fallout.2018__#00-39-18_00-40-36_label_B1-0-0.mp4|0.9933134|(1,1873,0.9933134)
v=Q9Re4CnFJRg__#00-01-21_00-01-47_label_G-0-0.mp4|0.06651925|(1,624,0.06651925)
v=sE-DC2trBkI__#00-03-00_00-04-09_label_B6-0-0.mp4|0.999998|(1,1658,0.999998)
v=utQ5AvXtNLA__#1_label_B4-0-0.mp4|0.9998735|(1,1076,0.9998735)
v=waIS8TaJxts__#00-05-50_00-06-20_label_B6-0-0.mp4|0.9585056|(1,723,0.9585056)
Fast.Furious.2009__#00-25-59_00-26-25_label_B1-0-0.mp4|0.9574291|(1,625,0.9574291)
Love.Death.and.Robots.S01E15__#0-05-38_0-06-18_label_G-0-0.mp4|0.9986331|(1,960,0.9986331)
The.Fast.and.the.Furious.2001__#01-37-40_01-38-30_label_B6-0-0.mp4|0.45054635|(1,1201,0.45054635)
v=BpargJW29Wo__#00-00-50_00-01-30_label_B1-0-0.mp4|0.0056255073|(1,962,0.0056255073)
Operation.Red.Sea.2018__#01-20-58_01-22-00_label_B5-0-0.mp4|3.1753697e-07|(1,1488,3.1753697e-07)
v=O9g1uuI62m0__#1_label_B4-0-0.mp4|0.9912083|(2,4001,0.9912083,545,4545,0.98948425)
v=U6MC8JJJZSY__#1_label_G-0-0.mp4|0.9997929|(1,1045,0.9997929)
Mission.Impossible.III.2006__#01-54-02_01-54-40_label_B2-0-0.mp4|0.32867986|(1,913,0.32867986)
v=qmsQ-obL1Z4__#00-03-26_00-04-04_label_B6-0-0.mp4|0.8658248|(1,912,0.8658248)
v=Ia9ATKNeUbY__#00-01-52_00-03-10_label_B6-0-0.mp4|0.9999877|(1,1874,0.9999877)
v=_tsSKAsVZfo__#1_label_B4-0-0.mp4|0.00029488685|(1,2534,0.00029488685)
v=iHuggczItBk__#00-04-00_00-04-55_label_B6-0-0.mp4|0.05615266|(1,1322,0.05615266)
v=sbEHU4GskX4__#1_label_B1-0-0.mp4|0.05814956|(1,2832,0.05814956)
IP.Man.2.2010__#00-07-14_00-09-13_label_B1-0-0.mp4|0.0032461318|(1,2856,0.0032461318)
Young.And.Dangerous.I.1996__#0-20-50_0-22-15_label_B1-0-0.mp4|0.0002953601|(1,2041,0.0002953601)
v=X4I8FhpGJwo__#00-07-40_00-08-50_label_B6-0-0.mp4|0.0022765843|(1,1682,0.0022765843)
v=qyTGi0N4OVg__#1_label_G-0-0.mp4|0.9999857|(1,1248,0.9999857)
v=vhACO_m5pH0__#00-10-42_00-11-40_label_B6-0-0.mp4|0.3436315|(1,1394,0.3436315)
Tropa.de.Elite.2.2010__#00-46-11_00-46-50_label_B2-0-0.mp4|0.9486333|(1,937,0.9486333)
v=5Ftl4nOSytc__#1_label_G-0-0.mp4|0.99996126|(1,2282,0.99996126)
GoldenEye.1995__#02-02-15_02-02-47_label_B1-0-0.mp4|0.99680185|(1,770,0.99680185)
Casino.Royale.2006__#00-18-30_00-19-20_label_G-B2-0.mp4|0.9526925|(1,1201,0.9526925)
Braveheart.1995__#00-56-30_00-57-20_label_B1-0-0.mp4|0.32442847|(1,1200,0.32442847)
v=0W8LohxH9nI__#1_label_B1-0-0.mp4|0.0056558014|(1,1413,0.0056558014)
Operation.Red.Sea.2018__#0-02-17_0-02-37_label_B2-0-0.mp4|0.80576575|(1,480,0.80576575)
v=pHZ9gOfmY_k__#1_label_B4-0-0.mp4|0.9997676|(2,4001,0.9997676,1179,5179,0.99822885)
v=waIS8TaJxts__#00-00-00_00-00-51_label_B6-0-0.mp4|0.9999927|(1,1226,0.9999927)
v=6KQFxxHmVMc__#1_label_B1-0-0.mp4|0.3817048|(1,3654,0.3817048)
Skyfall.2012__#00-03-22_00-03-40_label_B6-0-0.mp4|0.9872333|(1,433,0.9872333)
Fury.2014__#00-39-36_00-40-44_label_B1-B2-0.mp4|0.9999827|(1,1634,0.9999827)
v=MJLylzPRvyw__#1_label_B4-0-0.mp4|0.9854037|(1,3587,0.9854037)
v=Q8K7roZu3WU__#1_label_B1-0-0.mp4|5.748952e-06|(1,1295,5.748952e-06)
v=BzwNU2xmT64__#00-01-00_00-02-45_label_B6-0-0.mp4|0.99977475|(1,2522,0.99977475)
v=FW_qbiPH7UA__#1_label_B1-0-0.mp4|0.014237796|(1,3283,0.014237796)
v=TOEVc-pOEwM__#00-08-40_00-10-40_label_B6-0-0.mp4|0.9999958|(1,2883,0.9999958)
v=HUL83wCQATc__#1_label_B1-0-0.mp4|0.99421954|(1,2103,0.99421954)
v=IWzI9V3WSnc__#1_label_B4-0-0.mp4|0.39567098|(1,2689,0.39567098)
v=0N0PbzjEg0U__#1_label_B4-0-0.mp4|0.99876046|(1,1518,0.99876046)
v=TfS-MJoVNjM__#1_label_B4-0-0.mp4|0.6023559|(1,1311,0.6023559)
v=m5zK-tzYCQM__#1_label_B4-0-0.mp4|0.3521686|(1,1755,0.3521686)
v=Y1hxr1MWLjM__#1_label_B1-0-0.mp4|0.029267648|(1,3071,0.029267648)
Love.Death.and.Robots.S01E10__#0-01-00_0-02-13_label_B2-G-0.mp4|0.9301385|(1,1752,0.9301385)
v=H5W58Loofks__#00-05-50_00-06-20_label_B6-0-0.mp4|0.12690362|(1,723,0.12690362)
v=d5lTTPvJLpw__#1_label_B4-0-0.mp4|0.7813912|(2,4001,0.041168094,2277,6277,0.7813912)
Crank.Dircut.2006__#0-27-42_0-29-01_label_B1-0-0.mp4|0.9999697|(1,1898,0.9999697)
Mission.Impossible.V.Rogue.Nation.2015__#00-14-40_00-17-12_label_B1-0-0.mp4|0.99937844|(1,3649,0.99937844)
Kingsman.The.Golden.Circle.2017__#00-41-22_00-41-32_label_B2-0-0.mp4|0.43596968|(1,241,0.43596968)
v=Ia9ATKNeUbY__#00-06-19_00-06-50_label_B6-0-0.mp4|0.99997413|(1,746,0.99997413)
Gladiator.2000__#01-10-27_01-11-59_label_B1-0-0.mp4|0.99595547|(1,2208,0.99595547)
City.Of.Men.2007__#01-35-30_01-36-00_label_B2-0-0.mp4|0.9862895|(1,721,0.9862895)
v=ovQ1VTJ_IUI__#1_label_B1-0-0.mp4|0.7950659|(1,1688,0.7950659)
The.Fast.and.the.Furious.2001__#01-24-18_01-25-05_label_B6-0-0.mp4|0.9996637|(1,1128,0.9996637)
City.Of.Men.2007__#01-17-27_01-17-59_label_B2-0-0.mp4|0.83567995|(1,769,0.83567995)
Brick.Mansions.2014__#00-41-25_00-42-36_label_B1-0-0.mp4|0.28136706|(1,1704,0.28136706)
Mission.Impossible.II.2000__#01-46-20_01-47-11_label_B2-B6-0.mp4|0.999992|(1,1225,0.999992)
Taken.2.UNRATED.EXTENDED.2012__#01-18-25_01-18-40_label_B2-0-0.mp4|0.9999651|(1,361,0.9999651)
Rush.Hour.1998.BluRay__#01-20-28_01-21-38_label_B2-0-0.mp4|0.031007063|(1,1682,0.031007063)
v=kPWdgckIhLI__#1_label_B4-0-0.mp4|0.99996936|(1,793,0.99996936)
wangted.2008__#0-48-30_0-49-00_label_B2-0-0.mp4|0.99950624|(1,721,0.99950624)
Taken.3.2014__#00-03-58_00-04-16_label_B2-0-0.mp4|0.024320303|(1,433,0.024320303)
Law.Abiding.Citizen.2009__#01-26-34_01-27-25_label_B2-0-0.mp4|0.27783144|(1,1225,0.27783144)
God.Bless.America.2011__#00-12-40_00-13-12_label_B2-0-0.mp4|9.305564e-05|(1,769,9.305564e-05)
v=JHsfKFF9Oag__#1_label_A.mp4|0.01650258|(1,2699,0.01650258)
v=fkps18H3SXY__#00-36-00_00-42-00_label_A.mp4|1.596962e-05|(3,4001,1.596962e-05,4000,8001,2.5884774e-06,4643,8643,5.622952e-07)
Flipped.2010__#00-45-40_00-47-30_label_A.mp4|0.9434036|(1,2641,0.9434036)
Tropa.de.Elite.2.2010__#01-33-31_01-34-20_label_A.mp4|1.1144233e-06|(1,1177,1.1144233e-06)
Gladiator.2000__#02-43-00_02-43-59_label_A.mp4|3.9674134e-05|(1,1417,3.9674134e-05)
Mission.Impossible.V.Rogue.Nation.2015__#01-29-39_01-33-39_label_A.mp4|0.040797714|(2,4001,0.040797714,1762,5762,4.0762978e-05)
v=RRiN5W9XwJE__#1_label_A.mp4|0.8170058|(1,2616,0.8170058)
v=-5RWxUUJ7lQ__#1_label_A.mp4|0.99881625|(5,4001,2.5049962e-07,4000,8001,0.9314566,8000,12001,0.007949331,12000,16001,0.97257644,15123,19123,0.99881625)
v=9eME1y6V-T4__#02-00-00_02-06-00_label_A.mp4|0.013851468|(3,4001,0.013851468,4000,8001,4.4018223e-05,4642,8642,4.5516994e-05)
v=enYITYwvPAQ__#00-27-00_00-30-00_label_A.mp4|7.8039704e-07|(2,4001,7.8039704e-07,321,4321,3.1512806e-07)
Bullet.in.the.Head.1990__#00-51-46_00-52-50_label_A.mp4|0.022409143|(1,1537,0.022409143)
Deadpool.2016__#0-18-35_0-18-55_label_A.mp4|0.117851295|(1,481,0.117851295)
New.Kids.Turbo.2010__#00-41-30_00-42-05_label_A.mp4|0.0046695773|(1,840,0.0046695773)
v=4jVgDKbu_TI__#1_label_A.mp4|4.555525e-05|(5,4001,4.4755103e-05,4000,8001,4.555525e-05,8000,12001,1.8854082e-05,12000,16001,1.0163259e-05,14974,18974,1.221536e-06)
Haywire.2011__#00-02-06_00-03-29_label_A.mp4|0.75786006|(1,1993,0.75786006)
God.Bless.America.2011__#00-51-00_00-52-00_label_A.mp4|0.91404074|(1,1441,0.91404074)
Kingsman.The.Secret.Service.2014__#00-25-29_00-26-24_label_A.mp4|0.0029107372|(1,1321,0.0029107372)
v=x0-z4h6mFoU__#1_label_A.mp4|5.111887e-07|(2,4001,2.2911195e-07,610,4610,5.111887e-07)
Love.Me.If.You.Dare.2003__#00-11-20_00-15-08_label_A.mp4|4.847857e-06|(2,4001,1.3402072e-06,1474,5474,4.847857e-06)
v=H9Y5_X1sEEA__#00-42-00_00-45-00_label_A.mp4|3.6871305e-07|(2,4001,1.1499442e-07,322,4322,3.6871305e-07)
The.Bourne.Ultimatum.2007__#0-55-55_0-56-10_label_A.mp4|0.9725882|(1,361,0.9725882)
Hot.Fuzz.2007__#00-19-20_00-22-06_label_A.mp4|3.7475704e-07|(1,3986,3.7475704e-07)
The.Intouchables.2011__#00-51-55_00-55-16_label_A.mp4|0.0012721397|(2,4001,0.0012721397,826,4826,0.0008099646)
Tropa.de.Elite.2.2010__#00-05-30_00-06-30_label_A.mp4|0.007846306|(1,1441,0.007846306)
v=yZ2wlTAN49g__#00-03-00_00-06-00_label_A.mp4|5.4377466e-07|(2,4001,5.1070145e-07,322,4322,5.4377466e-07)
v=gGlqujwrhbI__#00-12-00_00-15-00_label_A.mp4|9.3185555e-08|(2,4001,9.3185555e-08,322,4322,4.0931965e-08)
v=LYzmr5ORvCg__#1_label_A.mp4|2.340295e-07|(1,3925,2.340295e-07)
v=MyM5G7fo7Gg__#00-06-00_00-09-00_label_A.mp4|0.00010986672|(2,4001,1.7907894e-05,322,4322,0.00010986672)
Before.Sunrise.1995__#01-36-45_01-38-10_label_A.mp4|0.0059960233|(1,2040,0.0059960233)
v=ErOcW_CSOyQ__#1_label_A.mp4|2.5932364e-05|(5,4001,6.420596e-07,4000,8001,9.550951e-07,8000,12001,8.753205e-08,12000,16001,2.8422214e-06,13477,17477,2.5932364e-05)
v=9eME1y6V-T4__#01-06-00_01-12-00_label_A.mp4|0.011196757|(3,4001,6.813e-06,4000,8001,0.00031591815,4642,8642,0.011196757)
God.Bless.America.2011__#01-23-13_01-25-31_label_A.mp4|1.1088503e-05|(1,3313,1.1088503e-05)
v=pCyCi-q4MqY__#1_label_A.mp4|0.0034956362|(2,4001,0.00023757185,714,4714,0.0034956362)
v=Hd_2Y29_FLU__#1_label_A.mp4|0.00015695645|(1,3272,0.00015695645)
GoldenEye.1995__#01-33-40_01-34-30_label_A.mp4|1.77259e-05|(1,1201,1.77259e-05)
v=a0TQkX_zLt0__#1_label_A.mp4|0.004480553|(3,4001,0.004480553,4000,8001,9.092571e-06,7764,11764,0.002920792)
Be.with.You.2018__#00-16-18_00-18-09_label_A.mp4|0.061559502|(1,2665,0.061559502)
v=NeAC-MfTZzU__#00-15-00_00-18-00_label_A.mp4|0.00030480736|(2,4001,0.00024038399,322,4322,0.00030480736)
About.Time.2013__#00-23-50_00-24-31_label_A.mp4|0.0019528044|(1,985,0.0019528044)
v=QUlWIIHMIEQ__#1_label_A.mp4|0.9927269|(1,1106,0.9927269)
A.Beautiful.Mind.2001__#01-14-30_01-16-59_label_A.mp4|1.0852286e-08|(1,3577,1.0852286e-08)
Flipped.2010__#01-07-30_01-09-51_label_A.mp4|1.7434872e-05|(1,3384,1.7434872e-05)
v=I7oSupyExVY__#1_label_A.mp4|0.99749964|(2,4001,0.0031448326,825,4825,0.99749964)
v=8SC55pYljMM__#1_label_A.mp4|0.019931952|(2,4001,0.019931952,324,4324,0.004940833)
Kingsman.The.Golden.Circle.2017__#00-44-52_00-46-20_label_A.mp4|0.00038072147|(1,2113,0.00038072147)
v=vFPQ_NiDBIU__#02-42-00_02-48-00_label_A.mp4|0.0008036386|(3,4001,0.0008036386,4000,8001,0.0003357586,4640,8640,0.000392331)
v=lVJVRywgmYM__#1_label_A.mp4|0.29899567|(2,4001,0.29899567,1937,5937,0.06294719)
v=KERh4R2BbS0__#1_label_A.mp4|0.0005618891|(6,4001,7.111432e-06,4000,8001,3.2252099e-06,8000,12001,8.4930343e-07,12000,16001,1.3103306e-05,16000,20001,0.0005618891,16652,20652,4.2406933e-05)
v=Yr41_8QOTF8__#00-09-00_00-12-00_label_A.mp4|9.404387e-05|(2,4001,6.357103e-05,321,4321,9.404387e-05)
v=rmDBn5Rpd3s__#1_label_A.mp4|0.0082247555|(1,707,0.0082247555)
v=9eME1y6V-T4__#00-42-00_00-48-00_label_A.mp4|0.9466918|(3,4001,0.11236811,4000,8001,0.009380433,4642,8642,0.9466918)
v=vFPQ_NiDBIU__#01-00-00_01-06-00_label_A.mp4|3.3410808e-05|(3,4001,1.00368015e-05,4000,8001,3.3410808e-05,4640,8640,2.1438036e-05)
v=GnN9VTh_s2A__#1_label_A.mp4|0.4940987|(1,683,0.4940987)
v=ajnl7P9bf78__#1_label_A.mp4|0.9309869|(1,1624,0.9309869)
Fury.2014__#01-13-32_01-14-43_label_A.mp4|9.2455844e-07|(1,1705,9.2455844e-07)
Desperado.1995__#01-22-10_01-23-17_label_A.mp4|0.0053256946|(1,1609,0.0053256946)
v=5l-nbDl0qvg__#1_label_A.mp4|3.695004e-05|(4,4001,5.0654984e-07,4000,8001,3.5079745e-05,8000,12001,6.0696e-06,9124,13124,3.695004e-05)
Before.Sunrise.1995__#00-23-50_00-24-31_label_A.mp4|0.0024433949|(1,985,0.0024433949)
The.Notebook.2004__#00-20-35_00-23-06_label_A.mp4|0.0012457122|(1,3625,0.0012457122)
v=SdYFFo_tsfk__#00-00-00_00-06-00_label_A.mp4|0.0003064978|(3,4001,4.384243e-06,4000,8001,0.0003064978,4642,8642,3.5813795e-05)
From.Dusk.Till.Dawn.1996__#00-31-52_00-34-21_label_A.mp4|3.7868514e-05|(1,3576,3.7868514e-05)
About.Time.2013__#00-30-50_00-32-31_label_A.mp4|0.8514893|(1,2425,0.8514893)
The.Secret.Life.of.Walter.Mitty.2013__#00-36-52_00-41-00_label_A.mp4|9.302568e-06|(2,4001,1.13496554e-07,1953,5953,9.302568e-06)
v=plhVMWR33go__#1_label_A.mp4|0.00015834816|(3,4001,1.4298094e-07,4000,8001,6.2412444e-05,4047,8047,0.00015834816)
v=t_TZYpT6xjY__#1_label_A.mp4|1.7499471e-05|(2,4001,1.7499471e-05,741,4741,1.1712417e-06)
The.Notebook.2004__#00-11-00_00-15-08_label_A.mp4|0.7208755|(2,4001,0.7208755,1954,5954,0.0005062845)
v=lyZxvgPD4gM__#1_label_A.mp4|0.089555055|(2,4001,0.0029673215,1529,5529,0.089555055)
v=ZpWR_YZNZTM__#1_label_A.mp4|3.4365637e-08|(1,3437,3.4365637e-08)
Taken.2.UNRATED.EXTENDED.2012__#00-17-08_00-17-30_label_A.mp4|5.2837575e-05|(1,529,5.2837575e-05)
Before.Sunrise.1995__#00-42-52_00-45-31_label_A.mp4|4.312527e-05|(1,3817,4.312527e-05)
Still.Walking.2008__#01-02-18_01-03-10_label_A.mp4|0.0017227345|(1,1249,0.0017227345)
Love.Me.If.You.Dare.2003__#01-04-40_01-06-59_label_A.mp4|0.00057302264|(1,3338,0.00057302264)
Fast.Furious.6.2013__#01-37-00_01-38-05_label_A.mp4|0.017715301|(1,1561,0.017715301)
v=H9Y5_X1sEEA__#00-03-00_00-06-00_label_A.mp4|8.091832e-05|(2,4001,8.091832e-05,322,4322,3.579515e-05)
Deadpool.2.2018__#0-02-35_0-03-12_label_A.mp4|0.76858395|(1,890,0.76858395)
v=fkps18H3SXY__#00-54-00_01-00-00_label_A.mp4|0.52537847|(3,4001,0.52537847,4000,8001,0.00027328412,4642,8642,3.60944e-05)
v=vFPQ_NiDBIU__#01-48-00_01-54-00_label_A.mp4|7.0114256e-05|(3,4001,1.2850065e-05,4000,8001,7.5858525e-06,4640,8640,7.0114256e-05)
v=jAvOGTD7_pU__#00-12-00_00-15-00_label_A.mp4|1.0317731e-07|(2,4001,7.539592e-08,322,4322,1.0317731e-07)
Be.with.You.2018__#00-23-50_00-24-31_label_A.mp4|0.003711366|(1,985,0.003711366)
Before.Sunset.2004__#01-14-30_01-16-51_label_A.mp4|0.0005452314|(1,3385,0.0005452314)
Before.Sunrise.1995__#00-04-20_00-05-35_label_A.mp4|5.513516e-07|(1,1801,5.513516e-07)
v=7smETZfN0XA__#1_label_A.mp4|9.332455e-05|(1,3020,9.332455e-05)
v=9eME1y6V-T4__#01-00-00_01-06-00_label_A.mp4|0.00019526151|(3,4001,5.3306007e-06,4000,8001,3.4951036e-06,4642,8642,0.00019526151)
Skyfall.2012__#02-14-50_02-16-25_label_A.mp4|6.61887e-08|(1,2281,6.61887e-08)
The.Bourne.Identity.2002__#01-09-16_01-11-16_label_A.mp4|1.13409095e-08|(1,2882,1.13409095e-08)
Be.with.You.2018__#01-14-30_01-16-59_label_A.mp4|0.015512544|(1,3577,0.015512544)
v=6cvZOGzfqWU__#1_label_A.mp4|0.046607636|(2,4001,0.006702644,1594,5594,0.046607636)
v=Yr41_8QOTF8__#00-21-00_00-24-00_label_A.mp4|5.9230173e-05|(2,4001,5.9230173e-05,321,4321,5.6900535e-05)
v=qV4YYnXdQCc__#00-03-00_00-06-00_label_A.mp4|2.4696537e-05|(2,4001,1.5700312e-05,322,4322,2.4696537e-05)
Spectre.2015__#01-17-22_01-18-53_label_A.mp4|1.259336e-06|(1,2184,1.259336e-06)
v=JzrpCC7XmyE__#00-06-00_00-12-00_label_A.mp4|0.3874381|(3,4001,3.6508955e-05,4000,8001,0.3874381,4642,8642,0.17423913)
v=g4FnGZ5MAdo__#1_label_A.mp4|0.89586383|(2,4001,0.0031443345,958,4958,0.89586383)
The.Pursuit.of.Happyness.2006__#00-30-50_00-32-31_label_A.mp4|0.007377036|(1,2425,0.007377036)
v=rJgg00ic1G8__#1_label_A.mp4|0.00013421841|(2,4001,0.00013421841,1651,5651,5.7094418e-05)
v=qhUItxoTrmg__#1_label_A.mp4|1.5486725e-05|(2,4001,3.6938109e-06,571,4571,1.5486725e-05)
v=1202rYvw7go__#1_label_A.mp4|0.009502615|(1,3951,0.009502615)
Be.with.You.2018__#00-04-20_00-05-35_label_A.mp4|0.045968916|(1,1801,0.045968916)
The.Hurt.Locker.2008__#0-29-25_0-30-15_label_A.mp4|0.0002894378|(1,1200,0.0002894378)
wangted.2008__#0-27-17_0-28-07_label_A.mp4|0.99994123|(1,1200,0.99994123)
Mission.Impossible.II.2000__#00-24-30_00-30-10_label_A.mp4|0.9990928|(3,4001,0.61866695,4000,8001,0.9450497,4160,8160,0.9990928)
v=H9Y5_X1sEEA__#00-36-00_00-39-00_label_A.mp4|0.00026821703|(2,4001,0.000104167026,323,4323,0.00026821703)
v=q2SP66Jb6Cw__#00-00-00_00-06-00_label_A.mp4|0.9948259|(3,4001,0.9948259,4000,8001,0.37216598,4642,8642,0.3792347)
Love.Death.and.Robots.S01E02__#00-03-15_00-04-20_label_A.mp4|1.4050772e-05|(1,1560,1.4050772e-05)
v=Q8b0XbtpFsA__#1_label_A.mp4|0.36158398|(2,4001,0.36158398,633,4633,0.036166996)
v=3ZVcLOjwOMk__#1_label_A.mp4|0.0010613358|(1,1885,0.0010613358)
Still.Walking.2008__#00-16-18_00-17-27_label_A.mp4|0.00019595458|(1,1657,0.00019595458)
v=f6j3YWgVBto__#00-01-50_00-02-30_label_A.mp4|0.00013436146|(1,960,0.00013436146)
Casino.Royale.2006__#00-28-10_00-30-10_label_A.mp4|2.5064617e-06|(1,2881,2.5064617e-06)
God.Bless.America.2011__#00-58-09_01-04-00_label_A.mp4|0.017786354|(3,4001,0.017786354,4000,8001,7.294854e-05,4425,8425,0.000117346346)
v=gxrLosPS27c__#1_label_A.mp4|2.9977392e-07|(1,2219,2.9977392e-07)
v=vFPQ_NiDBIU__#00-42-00_00-48-00_label_A.mp4|0.003209591|(3,4001,6.7494743e-06,4000,8001,3.050568e-07,4640,8640,0.003209591)
v=L2Qs4KyW-Co__#1_label_A.mp4|0.035432115|(2,4001,0.009546577,426,4426,0.035432115)
Flipped.2010__#00-42-52_00-45-31_label_A.mp4|2.5465465e-07|(1,3817,2.5465465e-07)
Still.Walking.2008__#00-51-55_00-55-16_label_A.mp4|0.00023947169|(2,4001,0.00023947169,826,4826,9.986571e-06)
v=DdIA1Owbcdc__#1_label_A.mp4|0.0025727444|(1,1064,0.0025727444)
v=KEh6EOQvQO0__#1_label_A.mp4|0.00086472847|(1,3183,0.00086472847)
The.Secret.Life.of.Walter.Mitty.2013__#01-01-20_01-04-00_label_A.mp4|8.716916e-06|(1,3841,8.716916e-06)
Young.And.Dangerous.III.1996__#00-15-52_00-17-00_label_A.mp4|0.00044814363|(1,1634,0.00044814363)
Ip.Man.2008__#00-40-25_00-40-45_label_A.mp4|0.0011352202|(1,481,0.0011352202)
Kill.Bill.Vol.1.2003__#01-08-15_01-09-15_label_A.mp4|0.022905767|(1,1441,0.022905767)
v=Wc2QW06H48M__#1_label_A.mp4|0.9995301|(1,1554,0.9995301)
v=JzrpCC7XmyE__#01-06-00_01-12-00_label_A.mp4|1.7146971e-05|(3,4001,6.6800766e-07,4000,8001,1.6390986e-05,4642,8642,1.7146971e-05)
Kingsman.The.Golden.Circle.2017__#02-09-30_02-10-45_label_A.mp4|2.9791063e-05|(1,1801,2.9791063e-05)
Spectre.2015__#00-16-41_00-18-55_label_A.mp4|1.0755907e-08|(1,3216,1.0755907e-08)
v=0LEefpIPBHA__#1_label_A.mp4|0.6944403|(1,1142,0.6944403)
Bad.Boys.II.2003__#01-11-16_01-14-00_label_A.mp4|4.9276547e-09|(1,3937,4.9276547e-09)
v=tlFJIG9mTGQ__#00-15-00_00-18-36_label_A.mp4|5.679167e-07|(2,4001,2.246096e-07,1187,5187,5.679167e-07)
The.Hurt.Locker.2008__#0-45-39_0-47-06_label_A.mp4|0.0021019334|(1,2089,0.0021019334)
v=GrHfWKeTDEI__#1_label_A.mp4|0.0009862657|(2,4001,2.7092883e-05,1066,5066,0.0009862657)
Salt.2010__#00-13-45_00-16-10_label_A.mp4|0.10992638|(1,3481,0.10992638)
v=cvEJ5WFk2KE__#00-06-00_00-09-00_label_A.mp4|2.2678331e-07|(2,4001,1.543372e-07,321,4321,2.2678331e-07)
v=tI7fktKY6OU__#1_label_A.mp4|0.006644023|(4,4001,0.00060691644,4000,8001,1.4447735e-05,8000,12001,0.0010667956,10916,14916,0.006644023)
v=NbNFfnVSIn8__#1_label_A.mp4|0.04325168|(2,4001,0.04325168,592,4592,0.036354404)
v=2JJ9d97sd64__#1_label_A.mp4|0.0019852284|(1,3140,0.0019852284)
v=S1meRf5BsEw__#1_label_A.mp4|6.9802045e-05|(2,4001,4.4957524e-05,104,4104,6.9802045e-05)
The.Secret.Life.of.Walter.Mitty.2013__#00-08-55_00-10-50_label_A.mp4|0.00013613042|(1,2762,0.00013613042)
v=0vVOXlgHC1U__#00-48-00_00-54-00_label_A.mp4|0.0007312444|(3,4001,0.0007312444,4000,8001,2.1694789e-06,4642,8642,2.7625658e-06)
v=tlFJIG9mTGQ__#00-12-00_00-15-00_label_A.mp4|3.355551e-07|(2,4001,1.9508187e-07,322,4322,3.355551e-07)
Operation.Red.Sea.2018__#0-45-54_0-46-33_label_A.mp4|0.0042125126|(1,936,0.0042125126)
Fast.Five.2011__#01-59-16_02-01-12_label_A.mp4|3.026654e-08|(1,2785,3.026654e-08)
Yellow.Sea.2010__#00-10-16_00-11-14_label_A.mp4|0.14907771|(1,1393,0.14907771)
v=vHnAmx0UYbM__#1_label_A.mp4|4.255021e-05|(6,4001,7.4895215e-06,4000,8001,5.7588665e-07,8000,12001,4.255021e-05,12000,16001,9.484711e-08,16000,20001,3.9014216e-05,16045,20045,2.2281896e-05)
Shoot.Em.Up.2007__#00-25-50_00-27-10_label_A.mp4|0.020986492|(1,1921,0.020986492)
Bad.Boys.1995__#00-10-00_00-11-52_label_A.mp4|0.00015598042|(1,2689,0.00015598042)
Love.Actually.2003__#01-39-05_01-46-40_label_A.mp4|0.00021552239|(3,4001,3.82686e-07,4000,8001,0.00021552239,6921,10921,0.000149905)
Bullet.in.the.Head.1990__#01-58-25_01-59-30_label_A.mp4|1.7130458e-07|(1,1561,1.7130458e-07)
v=W5qLlC9il3s__#1_label_A.mp4|0.13625981|(1,1385,0.13625981)
The.Notebook.2004__#01-30-25_01-33-56_label_A.mp4|0.00042002648|(2,4001,2.911513e-05,1065,5065,0.00042002648)
About.Time.2013__#00-40-52_00-42-31_label_A.mp4|4.2944723e-07|(1,2377,4.2944723e-07)
Law.Abiding.Citizen.2009__#00-00-35_00-01-31_label_A.mp4|0.00026884914|(1,1345,0.00026884914)
v=HTEyaXBPf9U__#1_label_A.mp4|0.7270084|(2,4001,0.020624224,1120,5120,0.7270084)
The.Notebook.2004__#00-25-20_00-29-20_label_A.mp4|3.9648762e-07|(2,4001,1.2896069e-07,1761,5761,3.9648762e-07)
v=AqFWYZsOgWY__#00-21-00_00-24-00_label_A.mp4|2.0636334e-07|(2,4001,1.9410409e-07,322,4322,2.0636334e-07)
The.Bourne.Identity.2002__#0-29-16_0-32-00_label_A.mp4|3.781006e-08|(1,3937,3.781006e-08)
v=9eME1y6V-T4__#01-18-00_01-24-00_label_A.mp4|0.0012520839|(3,4001,5.5755147e-05,4000,8001,0.00014038371,4642,8642,0.0012520839)
IP.Man.2.2010__#00-02-50_00-06-45_label_A.mp4|1.684643e-05|(2,4001,1.684643e-05,1640,5640,1.4177106e-05)
Rush.Hour.3.2007.BluRay__#01-00-40_01-04-00_label_A.mp4|6.0970404e-05|(2,4001,6.0970404e-05,801,4801,8.211446e-06)
v=_Hn2Xlt-IWU__#1_label_A.mp4|2.1116718e-06|(1,3943,2.1116718e-06)
v=uyvM-vq5DwA__#1_label_A.mp4|0.0015249099|(2,4001,2.7022414e-05,788,4788,0.0015249099)
Love.Death.and.Robots.S01E04__#00-14-28_00-15-27_label_A.mp4|0.019604648|(1,1416,0.019604648)
v=hdy5kZ5dwj8__#1_label_A.mp4|1.7551549e-05|(2,4001,1.7551549e-05,674,4674,1.1359027e-06)
Love.Actually.2003__#01-17-00_01-19-40_label_A.mp4|0.0068665864|(1,3842,0.0068665864)
v=fkps18H3SXY__#00-00-00_00-06-00_label_A.mp4|0.06691166|(3,4001,0.06691166,4000,8001,0.014086005,4642,8642,0.014689823)
v=3MUqt3OkxIo__#1_label_A.mp4|3.2940618e-05|(1,2500,3.2940618e-05)
v=p2ggHwtb-Zg__#00-24-00_00-27-00_label_A.mp4|1.6853566e-05|(2,4001,1.2033539e-05,322,4322,1.6853566e-05)
v=eAgqJnO3kr8__#00-06-00_00-12-00_label_A.mp4|6.7617715e-05|(3,4001,6.7617715e-05,4000,8001,3.3847467e-05,4642,8642,3.703778e-05)
v=vQ9AwVrM9pU__#1_label_A.mp4|0.000620067|(1,3138,0.000620067)
v=Wp6gzFUaci8__#1_label_A.mp4|0.33986524|(1,2780,0.33986524)
Brick.Mansions.2014__#00-08-37_00-10-04_label_A.mp4|0.044506114|(1,2088,0.044506114)
v=VRn8Tc02TbU__#00-18-00_00-21-00_label_A.mp4|7.976816e-06|(2,4001,7.976816e-06,322,4322,7.615725e-06)
Young.And.Dangerous.IV.1997__#0-10-35_0-11-50_label_A.mp4|1.2811044e-05|(1,1801,1.2811044e-05)
Sin.City.2005__#01-43-21_01-44-21_label_A.mp4|0.09964284|(1,1441,0.09964284)
Salt.2010__#01-16-00_01-16-50_label_A.mp4|0.00026518025|(1,1201,0.00026518025)
v=X60PecZRLGE__#1_label_A.mp4|0.7554228|(1,2644,0.7554228)
v=p2ggHwtb-Zg__#00-21-00_00-24-00_label_A.mp4|0.007557695|(2,4001,0.004352396,323,4323,0.007557695)
v=QBfO3qfo7zg__#1_label_A.mp4|0.9581823|(2,4001,0.9581823,661,4661,0.9069602)
Kill.Bill.Vol.1.2003__#00-21-42_00-22-42_label_A.mp4|0.00021901439|(1,1441,0.00021901439)
GoldenEye.1995__#01-02-11_01-03-43_label_A.mp4|0.003099249|(1,2209,0.003099249)
v=9eME1y6V-T4__#01-36-00_01-42-00_label_A.mp4|0.98802674|(3,4001,3.4475147e-07,4000,8001,0.98616064,4642,8642,0.98802674)
The.Pursuit.of.Happyness.2006__#01-34-18_01-38-11_label_A.mp4|0.10592966|(2,4001,2.8790679e-05,1593,5593,0.10592966)
v=5AlAh8J3WqE__#1_label_A.mp4|0.5153638|(3,4001,0.26623112,4000,8001,0.5153638,6885,10885,0.06422278)
Taken.3.2014__#00-36-03_00-36-48_label_A.mp4|0.00023561408|(1,1081,0.00023561408)
Your.Name.2016__#00-05-52_00-08-22_label_A.mp4|0.014773597|(1,3601,0.014773597)
v=mfFYGFJhBI4__#1_label_A.mp4|0.1726795|(1,255,0.1726795)
v=H9Y5_X1sEEA__#00-30-00_00-33-00_label_A.mp4|5.4094567e-06|(2,4001,5.4094567e-06,323,4323,1.7676341e-06)
Love.Actually.2003__#01-34-18_01-38-11_label_A.mp4|1.8077777e-07|(2,4001,1.8077777e-07,1593,5593,3.154362e-08)
v=VcsJf1q9QX8__#1_label_A.mp4|0.011264092|(1,2560,0.011264092)
The.Secret.Life.of.Walter.Mitty.2013__#01-23-00_01-29-08_label_A.mp4|2.5322463e-06|(3,4001,2.5322463e-06,4000,8001,2.6151085e-07,4833,8833,1.2982645e-07)
The.Bourne.Supremacy.2004__#01-34-52_01-35-50_label_A.mp4|0.7795996|(1,1393,0.7795996)
Quantum.Of.Solace.2008__#00-47-29_00-50-52_label_A.mp4|1.387799e-06|(2,4001,1.387799e-06,873,4873,1.205009e-08)
v=es97CGK_5XQ__#1_label_A.mp4|0.4296616|(1,1633,0.4296616)
v=y7vIfdKwHDk__#1_label_A.mp4|0.00016128662|(2,4001,0.00016128662,182,4182,8.2375234e-05)
v=NjI-AuzKgMc__#1_label_A.mp4|3.2077843e-08|(1,2836,3.2077843e-08)
Salt.2010__#00-02-10_00-03-57_label_A.mp4|0.00072578475|(1,2569,0.00072578475)
The.Bourne.Supremacy.2004__#0-58-18_01-00-58_label_A.mp4|0.006674164|(1,3842,0.006674164)
Shoplifters.2018__#00-17-30_00-19-10_label_A.mp4|5.756044e-07|(1,2401,5.756044e-07)
Mission.Impossible.Ghost.Protocol.2011__#01-07-24_01-09-09_label_A.mp4|1.3550716e-06|(1,2521,1.3550716e-06)
v=EToznHwS0OA__#1_label_A.mp4|5.253722e-05|(1,3730,5.253722e-05)
Before.Sunset.2004__#00-23-50_00-24-31_label_A.mp4|0.000117086915|(1,985,0.000117086915)
Ip.Man.2008__#01-04-27_01-06-22_label_A.mp4|0.004220551|(1,2761,0.004220551)
A.Beautiful.Mind.2001__#00-40-52_00-42-01_label_A.mp4|0.18927138|(1,1657,0.18927138)
IP.Man.2.2010__#00-54-00_00-57-12_label_A.mp4|0.00019153775|(2,4001,5.6528595e-05,608,4608,0.00019153775)
The.Bourne.Identity.2002__#0-57-11_0-58-45_label_A.mp4|0.02263044|(1,2257,0.02263044)
Love.Actually.2003__#00-51-55_00-55-16_label_A.mp4|0.00014217256|(2,4001,0.000115737756,826,4826,0.00014217256)
The.Attorney.2013__#00-47-00_00-49-30_label_A.mp4|0.026340641|(1,3601,0.026340641)
v=3lSHv_DUbJs__#1_label_A.mp4|0.041649744|(1,3566,0.041649744)
v=QiLNvC7CIuY__#1_label_A.mp4|0.010920257|(1,1161,0.010920257)
v=ODGDLQ0TT3M__#1_label_A.mp4|0.6199422|(1,2138,0.6199422)
Thelma...Louise.1991__#01-53-54_01-54-50_label_A.mp4|2.0320353e-07|(1,1345,2.0320353e-07)
v=usAvzbDq6-c__#00-21-00_00-24-00_label_A.mp4|0.0022248535|(2,4001,0.00078595005,322,4322,0.0022248535)
The.Notebook.2004__#01-52-20_01-58-00_label_A.mp4|9.034162e-08|(3,4001,3.425917e-11,4000,8001,9.034162e-08,4161,8161,6.9616064e-08)
Bullet.in.the.Head.1990__#00-25-11_00-26-15_label_A.mp4|0.050749473|(1,1537,0.050749473)
v=yviKz5J-pEA__#1_label_A.mp4|0.09814472|(1,3731,0.09814472)
v=QozLwYYVotY__#1_label_A.mp4|9.145675e-05|(1,3254,9.145675e-05)
Before.Sunrise.1995__#00-03-00_00-04-05_label_A.mp4|0.0023339244|(1,1561,0.0023339244)
v=aBsrZKrRtqU__#1_label_A.mp4|0.0012119407|(1,1235,0.0012119407)
v=eAgqJnO3kr8__#00-48-00_00-54-00_label_A.mp4|0.0005321836|(3,4001,0.000103673534,4000,8001,0.00014115646,4642,8642,0.0005321836)
Lord.of.War__#00-59-20_01-00-35_label_A.mp4|0.00032638753|(1,1801,0.00032638753)
The.Intouchables.2011__#00-58-18_01-02-30_label_A.mp4|0.10118448|(2,4001,0.10118448,2049,6049,0.0009953908)
Operation.Red.Sea.2018__#0-12-26_0-13-36_label_A.mp4|7.201151e-08|(1,1680,7.201151e-08)
The.Intouchables.2011__#00-04-20_00-05-35_label_A.mp4|0.0008615244|(1,1801,0.0008615244)
v=Ehh8ZdIMMj4__#1_label_A.mp4|0.00023478724|(1,2708,0.00023478724)
The.Notebook.2004__#00-08-55_00-10-50_label_A.mp4|4.048774e-06|(1,2762,4.048774e-06)
Flipped.2010__#00-08-55_00-10-50_label_A.mp4|4.1608987e-06|(1,2762,4.1608987e-06)
v=vsI_pKNcgeQ__#00-15-00_00-18-00_label_A.mp4|5.1207036e-05|(2,4001,3.9158316e-05,322,4322,5.1207036e-05)
v=ldnLxTablA8__#1_label_A.mp4|0.08868123|(1,2300,0.08868123)
Love.Actually.2003__#01-04-40_01-06-59_label_A.mp4|0.1476536|(1,3336,0.1476536)
GoldenEye.1995__#00-56-11_00-56-51_label_A.mp4|0.004460263|(1,962,0.004460263)
v=AqFWYZsOgWY__#00-33-00_00-36-00_label_A.mp4|3.6511491e-07|(2,4001,3.6511491e-07,322,4322,3.140663e-07)
v=MyM5G7fo7Gg__#00-18-00_00-21-00_label_A.mp4|0.0010850923|(2,4001,0.00023806958,323,4323,0.0010850923)
One.Day.2011__#01-02-50_01-07-05_label_A.mp4|7.416169e-05|(2,4001,7.416169e-05,2121,6121,5.8479513e-05)
Death.Proof.2007__#00-02-04_00-05-00_label_A.mp4|0.0034009619|(2,4001,0.0034009619,225,4225,0.0022060447)
Fast.Furious.2009__#01-08-33_01-10-18_label_A.mp4|0.00087756687|(1,2521,0.00087756687)
A.Beautiful.Mind.2001__#00-25-20_00-29-20_label_A.mp4|6.398878e-07|(2,4001,6.398878e-07,1761,5761,2.7610145e-07)
Tropa.de.Elite.2.2010__#01-30-51_01-32-30_label_A.mp4|4.354302e-08|(1,2377,4.354302e-08)
v=EeUTpfyb0qo__#1_label_A.mp4|0.00011710981|(5,4001,7.218641e-06,4000,8001,0.00011710981,8000,12001,9.646012e-07,12000,16001,7.979914e-06,14143,18143,1.991836e-05)
v=HksDvkX6Bjk__#1_label_A.mp4|0.00012723592|(4,4001,4.418438e-07,4000,8001,4.162285e-05,8000,12001,8.0313254e-07,11435,15435,0.00012723592)
Before.Sunrise.1995__#00-40-52_00-42-01_label_A.mp4|0.23804042|(1,1657,0.23804042)
v=9FxmNOXF25Q__#1_label_A.mp4|1.9236852e-05|(2,4001,1.0876406e-06,120,4120,1.9236852e-05)
Your.Name.2016__#01-01-20_01-04-00_label_A.mp4|0.9853769|(1,3841,0.9853769)
Black.Hawk.Down.2001__#00-06-44_00-07-39_label_A.mp4|0.0023883064|(1,1321,0.0023883064)
v=SmFpAAHmoII__#1_label_A.mp4|0.00011736683|(1,3951,0.00011736683)
Election.2005__#00-03-35_00-05-05_label_A.mp4|0.0007586274|(1,2160,0.0007586274)
v=H12BVHrNiXs__#1_label_A.mp4|3.864931e-07|(2,4001,1.3676048e-07,787,4787,3.864931e-07)
v=Oh6FDdpH08A__#1_label_A.mp4|2.8379387e-05|(1,3344,2.8379387e-05)
v=RarYGpz-blM__#1_label_A.mp4|1.0298954e-07|(1,3384,1.0298954e-07)
The.Pursuit.of.Happyness.2006__#00-17-30_00-19-10_label_A.mp4|0.00017164076|(1,2401,0.00017164076)
Young.And.Dangerous.II.1996__#0-53-25_0-54-20_label_A.mp4|1.7635492e-06|(1,1322,1.7635492e-06)
v=1EvRIhdsX1s__#1_label_A.mp4|0.06257917|(1,862,0.06257917)
Black.Hawk.Down.2001__#01-36-44_01-37-33_label_A.mp4|0.32199752|(1,1176,0.32199752)
City.of.God.2002__#00-33-10_00-34-50_label_A.mp4|1.8647161e-06|(1,2401,1.8647161e-06)
v=g7fnNf88IOc__#1_label_A.mp4|3.9145487e-08|(1,3635,3.9145487e-08)
Ip.Man.2008__#00-02-56_00-05-24_label_A.mp4|6.1332954e-05|(1,3553,6.1332954e-05)
v=hgoGZZSMhMQ__#1_label_A.mp4|0.95074904|(1,159,0.95074904)
Mission.Impossible.II.2000__#00-11-37_00-15-46_label_A.mp4|0.69987226|(1,693,0.69987226)
Kill.Bill.Vol.2.2004__#01-03-13_01-04-13_label_A.mp4|5.2918305e-05|(1,1441,5.2918305e-05)
v=Pf7WtK-YPDA__#1_label_A.mp4|0.844407|(1,1954,0.844407)
Mission.Impossible.Ghost.Protocol.2011__#01-24-59_01-28-30_label_A.mp4|4.823701e-05|(2,4001,2.1072594e-05,1064,5064,4.823701e-05)
v=0vVOXlgHC1U__#00-12-00_00-18-00_label_A.mp4|0.0001144847|(3,4001,2.8850259e-06,4000,8001,5.593799e-06,4642,8642,0.0001144847)
Hear.Me.2009__#00-30-50_00-32-31_label_A.mp4|4.508658e-05|(1,2425,4.508658e-05)
v=H9Y5_X1sEEA__#00-45-00_00-48-00_label_A.mp4|7.77096e-06|(2,4001,6.0250784e-07,323,4323,7.77096e-06)
A.Beautiful.Mind.2001__#00-50-26_00-55-16_label_A.mp4|0.93588126|(2,4001,2.9877953e-07,2962,6962,0.93588126)
v=9qxJ6bznkNI__#1_label_A.mp4|0.07742605|(2,4001,0.05890821,1454,5454,0.07742605)
Flipped.2010__#01-10-30_01-13-51_label_A.mp4|0.13910002|(2,4001,3.4793717e-05,825,4825,0.13910002)
v=94zZ9iptP54__#1_label_A.mp4|0.006951856|(1,932,0.006951856)
Love.Me.If.You.Dare.2003__#00-33-52_00-39-00_label_A.mp4|0.015888356|(2,4001,0.015888356,3394,7394,0.007884778)
The.Fast.and.the.Furious.2001__#01-38-50_01-39-59_label_A.mp4|9.197615e-08|(1,1657,9.197615e-08)
Taken.3.2014__#01-20-10_01-21-30_label_A.mp4|0.002943938|(1,1921,0.002943938)
v=wQrV75N2BrI__#1_label_A.mp4|1.536801e-05|(9,4001,4.095105e-06,4000,8001,1.536801e-05,8000,12001,8.9310916e-08,12000,16001,4.7628763e-08,16000,20001,5.486393e-07,20000,24001,3.0342837e-06,24000,28001,6.255365e-07,28000,32001,6.195299e-06,29196,33196,1.5209681e-06)
Good.Will.Hunting.1997__#00-08-55_00-10-50_label_A.mp4|0.19774881|(1,2762,0.19774881)
v=vp_W8CqtCug__#1_label_A.mp4|2.742443e-07|(1,3806,2.742443e-07)
The.Fast.and.the.Furious.2001__#00-26-09_00-26-52_label_A.mp4|0.9911107|(1,1033,0.9911107)
v=SdYFFo_tsfk__#00-18-00_00-24-00_label_A.mp4|0.00016286928|(3,4001,0.00016286928,4000,8001,3.5785015e-07,4642,8642,3.96704e-07)
v=y7JEq-kf-2I__#00-01-50_00-02-30_label_A.mp4|0.018440668|(1,960,0.018440668)
Mission.Impossible.Ghost.Protocol.2011__#00-49-03_00-51-21_label_A.mp4|8.753814e-06|(1,3313,8.753814e-06)
Jason.Bourne.2016__#0-51-37_0-53-20_label_A.mp4|0.13065223|(1,2473,0.13065223)
v=usAvzbDq6-c__#00-18-00_00-21-00_label_A.mp4|1.1433592e-05|(2,4001,4.1326075e-06,322,4322,1.1433592e-05)
v=VGP9qh7U4H0__#1_label_A.mp4|0.0019536428|(2,4001,0.000118518576,1284,5284,0.0019536428)
Tropa.de.Elite.2007__#00-10-30_00-12-08_label_A.mp4|1.0392503e-06|(1,2352,1.0392503e-06)
v=n0AhGnEjako__#1_label_A.mp4|0.30919442|(1,2376,0.30919442)
v=5NZxPmTpV6Y__#1_label_A.mp4|0.00019257367|(1,2807,0.00019257367)
Desperado.1995__#00-19-00_00-20-31_label_A.mp4|4.9781476e-05|(1,2185,4.9781476e-05)
Good.Will.Hunting.1997__#00-58-18_01-02-30_label_A.mp4|0.053329617|(2,4001,3.2383392e-05,2049,6049,0.053329617)
v=bU86SW6L7Tc__#1_label_A.mp4|0.00012098512|(2,4001,4.677425e-05,250,4250,0.00012098512)
v=VNQ1Vkz_cM4__#1_label_A.mp4|0.3978656|(2,4001,0.3978656,1622,5622,0.00043001465)
City.Of.Men.2007__#01-36-01_01-37-31_label_A.mp4|0.0012072513|(1,2161,0.0012072513)
v=BL8ppFg7NKI__#1_label_A.mp4|9.566584e-07|(2,4001,9.566584e-07,1470,5470,2.0410936e-07)
Young.And.Dangerous.I.1996__#0-55-09_0-56-59_label_A.mp4|2.4639392e-06|(1,2641,2.4639392e-06)
The.Bourne.Ultimatum.2007__#01-32-57_01-33-53_label_A.mp4|3.9632352e-05|(1,1345,3.9632352e-05)
v=-tqHsoEoUyY__#1_label_A.mp4|0.0020264005|(1,1011,0.0020264005)
v=eAgqJnO3kr8__#00-42-00_00-48-00_label_A.mp4|0.0010764669|(3,4001,0.0010764669,4000,8001,0.0001268727,4642,8642,0.00016484116)
v=ibYV3e17R5c__#1_label_A.mp4|0.0013125489|(1,3375,0.0013125489)
IP.Man.2.2010__#01-44-00_01-44-42_label_A.mp4|0.00024770643|(1,1008,0.00024770643)
Tropa.de.Elite.2007__#00-52-33_00-54-35_label_A.mp4|0.0004700271|(1,2930,0.0004700271)
v=usAvzbDq6-c__#00-03-00_00-06-00_label_A.mp4|0.00030621825|(2,4001,9.571172e-05,322,4322,0.00030621825)
v=smnw0Q7AxFQ__#1_label_A.mp4|8.093351e-07|(2,4001,3.0508767e-07,3956,7956,8.093351e-07)
Hear.Me.2009__#00-49-48_00-51-12_label_A.mp4|0.0023613179|(1,2017,0.0023613179)
Saving.Private.Ryan.1998__#02-00-56_02-03-06_label_A.mp4|0.0003266546|(1,3121,0.0003266546)
Be.with.You.2018__#01-42-06_01-45-53_label_A.mp4|0.036013052|(2,4001,0.014400368,1449,5449,0.036013052)
Bullet.in.the.Head.1990__#00-03-59_00-04-40_label_A.mp4|0.11354669|(1,985,0.11354669)
