Mission.Impossible.Fallout.2018__#00-31-21_00-32-50_label_B1-0-0.mp4|0.50281715|(1,2136,0.50281715)
v=bhZs3ALdL7Y__#1_label_G-0-0.mp4|0.49629152|(1,81,0.49629152)
Skyfall.2012__#01-55-44_01-56-57_label_B2-G-0.mp4|0.5052112|(1,1753,0.5052112)
v=15wDrZJQpsw__#00-05-20_00-06-20_label_B6-0-0.mp4|0.5083728|(1,1443,0.5083728)
v=gp_D8r-2hwk__#1_label_G-0-0.mp4|0.50617445|(1,2551,0.50617445)
Quantum.Of.Solace.2008__#01-19-30_01-20-05_label_B1-0-0.mp4|0.50721157|(1,841,0.50721157)
Saving.Private.Ryan.1998__#02-24-18_02-25-42_label_B1-0-0.mp4|0.5131717|(1,2017,0.5131717)
Rush.Hour.3.2007.BluRay__#00-34-11_00-35-46_label_B1-0-0.mp4|0.5093918|(1,2281,0.5093918)
The.Bourne.Identity.2002__#0-54-45_0-56-25_label_B6-0-0.mp4|0.5052238|(1,2401,0.5052238)
Rush.Hour.1998.BluRay__#00-11-05_00-12-10_label_B2-B1-0.mp4|0.50798506|(1,1562,0.50798506)
v=GN-7_ye5k4E__#1_label_G-0-0.mp4|0.5070827|(1,2681,0.5070827)
v=b0MUjeKAGZw__#1_label_B4-0-0.mp4|0.5043103|(1,2795,0.5043103)
Mission.Impossible.III.2006__#00-56-23_00-56-40_label_G-0-0.mp4|0.512861|(1,409,0.512861)
Kingsman.The.Secret.Service.2014__#01-43-40_01-44-50_label_B2-G-0.mp4|0.5102812|(1,1681,0.5102812)
v=m5Ya6z6qroo__#1_label_B4-0-0.mp4|0.50799465|(2,4001,0.50799465,4000,5647,0.5050029)
Rush.Hour.3.2007.BluRay__#01-12-16_01-12-36_label_B1-0-0.mp4|0.5027347|(1,481,0.5027347)
Kingsman.The.Secret.Service.2014__#00-22-10_00-23-10_label_B2-0-0.mp4|0.5087403|(1,1441,0.5087403)
v=5BBoVfKOyeM__#00-08-19_00-10-10_label_B6-0-0.mp4|0.49904078|(1,2666,0.49904078)
v=3xWiBCIxjIk__#1_label_B4-0-0.mp4|0.5079621|(1,3748,0.5079621)
Lord.of.War__#00-50-10_00-50-50_label_G-0-0.mp4|0.503943|(1,961,0.503943)
v=3WmMhircZOc__#1_label_B4-0-0.mp4|0.51099795|(2,4001,0.51099795,4000,6025,0.5043767)
v=DVdXoVUNkhg__#1_label_G-0-0.mp4|0.5032061|(1,1146,0.5032061)
v=1GFBuaGCeTo__#1_label_G-0-0.mp4|0.51013637|(1,1253,0.51013637)
v=hAHXCMRvY_I__#1_label_G-0-0.mp4|0.5044016|(1,486,0.5044016)
v=lpkL0Y1MhA8__#1_label_B4-0-0.mp4|0.5094246|(1,2524,0.5094246)
City.of.God.2002__#00-40-16_00-41-30_label_B2-0-0.mp4|0.51367486|(1,1778,0.51367486)
Mission.Impossible.Ghost.Protocol.2011__#01-54-24_01-54-50_label_B1-0-0.mp4|0.50423235|(1,625,0.50423235)
v=AF9p0YA0hyA__#00-03-03_00-04-20_label_B4-0-0.mp4|0.5020174|(1,1850,0.5020174)
v=fQQzg2VfJME__#1_label_B4-0-0.mp4|0.5080789|(1,1348,0.5080789)
v=pFamvR9CpYw__#00-00-00_00-06-36_label_B4-0-0.mp4|0.5177618|(3,4001,0.5177618,4000,8001,0.5100634,8000,9506,0.50754935)
Ip.Man.2008__#01-40-37_01-42-07_label_B4-0-0.mp4|0.5043197|(1,2161,0.5043197)
v=lcBUb7EOQ4o__#1_label_G-0-0.mp4|0.5095597|(1,2237,0.5095597)
Operation.Red.Sea.2018__#0-25-36_0-26-03_label_G-0-0.mp4|0.50524724|(1,648,0.50524724)
v=q_DhkdHGXos__#1_label_B1-0-0.mp4|0.50859493|(2,4001,0.50859493,4000,4638,0.5068038)
v=7QOdBpDrmKk__#00-01-00_00-02-45_label_B6-0-0.mp4|0.50770754|(1,2522,0.50770754)
Mission.Impossible.V.Rogue.Nation.2015__#01-54-23_01-55-10_label_B2-0-0.mp4|0.506596|(1,1129,0.506596)
v=xbPWQKZspfU__#1_label_B1-0-0.mp4|0.5132781|(2,4001,0.5132781,4000,5034,0.50331277)
v=nLAapCIlr-o__#00-07-22_00-08-19_label_B6-0-0.mp4|0.50324106|(1,1370,0.50324106)
Kill.Bill.Vol.1.2003__#01-17-20_01-20-20_label_B1-0-0.mp4|0.50791204|(2,4001,0.50785863,321,4321,0.50791204)
v=Dn_SDu22WpM__#00-08-35_00-10-05_label_B6-0-0.mp4|0.5083151|(1,2163,0.5083151)
v=-fOWSLV6Esw__#1_label_B4-0-0.mp4|0.5084537|(1,789,0.5084537)
Election.2005__#00-47-57_00-50-54_label_B5-0-0.mp4|0.50692105|(2,4001,0.5064965,248,4248,0.50692105)
v=-kwNh1lMU-w__#1_label_B4-0-0.mp4|0.50953794|(2,4001,0.50953794,81,4081,0.5087629)
v=6nfo9c7a5pE__#1_label_B1-0-0.mp4|0.50255024|(1,1235,0.50255024)
v=SMy2_qNO2Y0__#00-01-50_00-03-13_label_G-0-0.mp4|0.5080946|(1,1994,0.5080946)
v=Qc3pAEeK16A__#1_label_B1-0-0.mp4|0.51009405|(1,1409,0.51009405)
v=9CWJd1SezkA__#1_label_G-0-0.mp4|0.5008588|(1,700,0.5008588)
Tropa.de.Elite.2.2010__#01-33-01_01-33-30_label_B2-0-0.mp4|0.502061|(1,698,0.502061)
Mission.Impossible.V.Rogue.Nation.2015__#00-17-27_00-17-55_label_B2-0-0.mp4|0.50270057|(1,673,0.50270057)
v=tP19WuyY3IY__#00-00-00_00-00-51_label_B6-0-0.mp4|0.49873886|(1,1226,0.49873886)
Operation.Red.Sea.2018__#0-16-06_0-16-46_label_G-0-0.mp4|0.50693095|(1,960,0.50693095)
The.Bourne.Ultimatum.2007__#01-44-02_01-44-11_label_B2-0-0.mp4|0.5018663|(1,217,0.5018663)
Operation.Red.Sea.2018__#0-56-26_0-57-10_label_G-0-0.mp4|0.5054481|(1,1056,0.5054481)
Lord.of.War__#01-41-04_01-41-53_label_B1-0-0.mp4|0.5042004|(1,1177,0.5042004)
v=wVey5JDRf_g__#00-01-30_00-02-41_label_B6-0-0.mp4|0.5096551|(1,1706,0.5096551)
v=1io9Uh54Vhg__#1_label_B4-0-0.mp4|0.5066417|(1,1980,0.5066417)
v=Q6zIX29HkSo__#1_label_B4-0-0.mp4|0.51119244|(1,2145,0.51119244)
v=BzwNU2xmT64__#00-04-10_00-06-09_label_B6-0-0.mp4|0.5116244|(1,2858,0.5116244)
v=iHuggczItBk__#00-03-00_00-03-55_label_B6-0-0.mp4|0.5078898|(1,1322,0.5078898)
v=nLAapCIlr-o__#00-16-10_00-18-09_label_B6-0-0.mp4|0.5061373|(1,2858,0.5061373)
Ip.Man.3.2015__#00-44-45_00-45-08_label_B1-0-0.mp4|0.50501966|(1,552,0.50501966)
Black.Hawk.Down.2001__#01-13-59_01-14-49_label_B2-0-0.mp4|0.50998557|(1,1201,0.50998557)
v=3zgaqeVSXuI__#1_label_B4-0-0.mp4|0.50763|(1,1953,0.50763)
Young.And.Dangerous.I.1996__#0-46-57_0-48-57_label_B1-0-0.mp4|0.502114|(1,2881,0.502114)
v=8tqeeBGjnPg__#00-03-12_00-04-15_label_B6-0-0.mp4|0.5053821|(1,1515,0.5053821)
v=iWfUqxibqG0__#1_label_G-0-0.mp4|0.5025618|(1,631,0.5025618)
v=Ia9ATKNeUbY__#00-04-19_00-05-11_label_B6-0-0.mp4|0.50487757|(1,1250,0.50487757)
v=UK2w9Sh47fM__#1_label_G-0-0.mp4|0.4987403|(1,1198,0.4987403)
Salt.2010__#00-17-40_00-18-16_label_B1-0-0.mp4|0.505779|(1,865,0.505779)
v=2Rr21qkZEDQ__#00-03-00_00-04-09_label_B6-0-0.mp4|0.5092856|(1,1658,0.5092856)
Skyfall.2012__#01-20-05_01-20-20_label_B1-B2-0.mp4|0.5046111|(1,361,0.5046111)
Bullet.in.the.Head.1990__#00-41-30_00-44-16_label_B4-G-0.mp4|0.51075715|(1,3986,0.51075715)
v=5Tnl7_8RqlA__#00-11-00_00-12-45_label_B6-0-0.mp4|0.51486003|(1,2522,0.51486003)
v=BXR3d22BhHs__#00-06-00_00-07-00_label_B4-0-0.mp4|0.50540996|(1,1443,0.50540996)
The.Fast.and.the.Furious.2001__#00-52-18_00-53-36_label_B1-0-0.mp4|0.5107778|(1,1873,0.5107778)
v=gENp4SyNxkI__#1_label_B1-0-0.mp4|0.5039025|(1,1275,0.5039025)
v=YANmwpkuWRo__#1_label_G-0-0.mp4|0.50438017|(1,1080,0.50438017)
v=96N4XAJ7FKM__#1_label_B1-0-0.mp4|0.50455475|(2,4001,0.50455475,4000,4860,0.5004954)
Mission.Impossible.II.2000__#01-38-25_01-38-41_label_B2-B5-0.mp4|0.5043287|(1,385,0.5043287)
v=15wDrZJQpsw__#00-00-00_00-00-51_label_B6-0-0.mp4|0.5089038|(1,1226,0.5089038)
Skyfall.2012__#01-57-40_01-58-00_label_B2-0-0.mp4|0.50269496|(1,481,0.50269496)
Spectre.2015__#02-15-30_02-16-05_label_G-0-0.mp4|0.506246|(1,842,0.506246)
GoldenEye.1995__#00-10-00_00-10-40_label_G-0-0.mp4|0.5092892|(1,961,0.5092892)
v=0yHBkMBE8r4__#1_label_B1-0-0.mp4|0.50634086|(2,4001,0.5029674,4000,5162,0.50634086)
Bad.Boys.1995__#01-33-51_01-34-37_label_B2-0-0.mp4|0.50424707|(1,1104,0.50424707)
v=YKtw6uLEGps__#1_label_B4-0-0.mp4|0.5094988|(1,2934,0.5094988)
v=cO1UefhG7AY__#1_label_G-0-0.mp4|0.5057605|(2,4001,0.50313956,4000,4574,0.5057605)
v=Lt9M_tSij_4__#00-00-00_00-04-24_label_B6-0-0.mp4|0.50827485|(2,4001,0.50827485,4000,6336,0.5055172)
v=kVl-6-A9ZO4__#00-08-01_00-09-35_label_B6-0-0.mp4|0.5080619|(1,2259,0.5080619)
v=X6Tbn8_X-Os__#1_label_B1-0-0.mp4|0.50934356|(2,4001,0.50934356,4000,4899,0.50459117)
v=BQjKQbYgUBA__#1_label_B1-0-0.mp4|0.5070615|(1,3423,0.5070615)
Skyfall.2012__#02-08-44_02-09-17_label_B1-0-0.mp4|0.50176907|(1,793,0.50176907)
Deadpool.2016__#0-18-58_0-19-20_label_B1-0-0.mp4|0.5033266|(1,529,0.5033266)
v=zQbnQBCTSiA__#1_label_B1-0-0.mp4|0.51055914|(2,4001,0.51055914,4000,5695,0.50696266)
v=Hnfy9XhlIPM__#1_label_B4-0-0.mp4|0.5060691|(2,4001,0.5060691,4000,4661,0.4997299)
v=ZkUciDD55kA__#00-00-00_00-00-30_label_G-0-0.mp4|0.5090786|(1,722,0.5090786)
v=MqrNCb2N5to__#1_label_B1-0-0.mp4|0.5059775|(1,2533,0.5059775)
v=_5Kmb4tqMxs__#1_label_B4-0-0.mp4|0.5077027|(1,1305,0.5077027)
Taken.2.UNRATED.EXTENDED.2012__#01-06-28_01-06-49_label_B2-0-0.mp4|0.5044756|(1,505,0.5044756)
Mission.Impossible.V.Rogue.Nation.2015__#01-19-48_01-20-20_label_B6-0-0.mp4|0.5050891|(1,770,0.5050891)
Yellow.Sea.2010__#01-04-00_01-04-50_label_B1-0-0.mp4|0.5038374|(1,1200,0.5038374)
v=HSisjzLESak__#00-00-00_00-00-51_label_B6-0-0.mp4|0.5128627|(1,1226,0.5128627)
Operation.Red.Sea.2018__#01-37-22_01-37-36_label_G-B2-0.mp4|0.50480354|(1,336,0.50480354)
Shoot.Em.Up.2007__#00-56-56_00-57-15_label_B2-0-0.mp4|0.5060328|(1,457,0.5060328)
v=jYENhkzdpO8__#00-00-00_00-01-31_label_B6-0-0.mp4|0.5044471|(1,2186,0.5044471)
New.Kids.Turbo.2010__#00-50-13_00-50-34_label_B1-0-0.mp4|0.5009102|(1,504,0.5009102)
v=bDm2-1NZBLw__#1_label_B4-0-0.mp4|0.50627923|(1,2210,0.50627923)
Bullet.in.the.Head.1990__#00-23-31_00-24-40_label_G-0-0.mp4|0.50552446|(1,1657,0.50552446)
v=ZnFlL84K7HE__#00-27-53_00-34-45_label_B4-0-0.mp4|0.5023553|(3,4001,0.49855912,4000,8001,0.5023553,8000,9890,0.5012799)
City.of.God.2002__#01-24-10_01-25-10_label_B2-0-0.mp4|0.50993204|(1,1441,0.50993204)
v=ICnreR1hxP0__#1_label_B4-0-0.mp4|0.5097597|(2,4001,0.50618905,328,4328,0.5097597)
v=2al4t5inObA__#1_label_B4-0-0.mp4|0.509282|(1,3582,0.509282)
v=3wxWNAM8Cso__#1_label_G-0-0.mp4|0.5113468|(2,4001,0.5113468,4000,6063,0.5089813)
v=pMtu7fOHdII__#1_label_B1-0-0.mp4|0.5049642|(1,1252,0.5049642)
Black.Hawk.Down.2001__#01-42-58_01-43-58_label_G-0-0.mp4|0.5156646|(1,1441,0.5156646)
v=ZoS8gm5OcOM__#00-07-50_00-08-55_label_B6-0-0.mp4|0.5031516|(1,1562,0.5031516)
v=tP19WuyY3IY__#00-06-10_00-07-51_label_B6-0-0.mp4|0.5064713|(1,2426,0.5064713)
v=CvMpD1yqfxI__#1_label_G-0-0.mp4|0.50151336|(1,873,0.50151336)
v=-etV57xZ4_I__#1_label_B4-0-0.mp4|0.50886863|(1,265,0.50886863)
Taken.Extended.Cut.2008__#00-50-45_00-51-04_label_B2-B6-0.mp4|0.5028174|(1,456,0.5028174)
v=UzxuX79xq4s__#1_label_B4-0-0.mp4|0.5059484|(2,4001,0.5058609,4000,5286,0.5059484)
v=EH_QB6cm6BE__#1_label_G-0-0.mp4|0.5079292|(1,658,0.5079292)
Salt.2010__#01-12-05_01-12-32_label_B2-G-0.mp4|0.5078407|(1,649,0.5078407)
v=y1z12D5bx7c__#1_label_B4-0-0.mp4|0.50177747|(2,4001,0.50177747,4000,4850,0.50092316)
v=1q5V6DKH3bw__#1_label_B4-0-0.mp4|0.51283795|(1,3029,0.51283795)
v=v-Plzx73K68__#1_label_B4-0-0.mp4|0.5041325|(1,1016,0.5041325)
Mission.Impossible.Fallout.2018__#02-03-50_02-04-35_label_B1-0-0.mp4|0.50585985|(1,1080,0.50585985)
v=ZCjNPgNu42g__#1_label_B4-0-0.mp4|0.5038352|(1,3483,0.5038352)
v=7QOdBpDrmKk__#00-10-30_00-10-51_label_B6-0-0.mp4|0.5063135|(1,506,0.5063135)
v=OE9t3XImErk__#1_label_B1-0-0.mp4|0.505214|(1,557,0.505214)
Sin.City.2005__#0-10-40_0-11-40_label_B2-0-0.mp4|0.5070487|(1,1441,0.5070487)
v=_YobflFU_HU__#00-06-10_00-07-51_label_B6-0-0.mp4|0.5062955|(1,2426,0.5062955)
Casino.Royale.2006__#01-17-29_01-17-46_label_B1-0-0.mp4|0.5016448|(1,409,0.5016448)
The.Fast.and.the.Furious.2001__#00-29-00_00-29-52_label_B2-G-0.mp4|0.5114376|(1,1249,0.5114376)
v=2jwO15SMyuo__#1_label_B4-0-0.mp4|0.50909793|(1,2376,0.50909793)
Rush.Hour.3.2007.BluRay__#00-40-56_00-41-52_label_B2-0-0.mp4|0.5091225|(1,1345,0.5091225)
v=uQY15O3LKI0__#1_label_B6-0-0.mp4|0.513812|(1,3970,0.513812)
v=iegHZ_UWWsA__#00-14-05_00-20-33_label_B4-0-0.mp4|0.51371837|(3,4001,0.51199615,4000,8001,0.5098115,8000,9314,0.51371837)
God.Bless.America.2011__#00-38-25_00-39-37_label_B2-B5-0.mp4|0.50755715|(1,1729,0.50755715)
Bullet.in.the.Head.1990__#01-45-21_01-46-20_label_B2-0-0.mp4|0.5047969|(1,1417,0.5047969)
Taken.2.UNRATED.EXTENDED.2012__#01-00-00_01-00-16_label_B2-0-0.mp4|0.50460273|(1,385,0.50460273)
v=Ia9ATKNeUbY__#00-05-19_00-06-09_label_B6-0-0.mp4|0.50731426|(1,1202,0.50731426)
v=Q-u3Y9TkZhQ__#1_label_B4-0-0.mp4|0.50523704|(1,1036,0.50523704)
v=uprb6aBzymw__#00-03-03_00-05-13_label_B4-0-0.mp4|0.5125396|(1,3121,0.5125396)
v=cuUK-3MNqtw__#1_label_B1-0-0.mp4|0.5131454|(1,2063,0.5131454)
Fast.Five.2011__#00-32-05_00-32-24_label_B1-B2-0.mp4|0.500543|(1,457,0.500543)
Kingsman.The.Golden.Circle.2017__#00-35-55_00-36-35_label_B1-0-0.mp4|0.5023701|(1,962,0.5023701)
The.Hurt.Locker.2008__#01-27-42_01-28-09_label_G-0-0.mp4|0.5059663|(1,649,0.5059663)
Fast.Furious.6.2013__#01-38-33_01-39-20_label_B1-0-0.mp4|0.5032369|(1,1129,0.5032369)
v=u5SF4SlqNDQ__#00-02-39_00-03-41_label_G-0-0.mp4|0.50670254|(1,1491,0.50670254)
Tropa.de.Elite.2.2010__#00-13-41_00-14-56_label_B4-0-0.mp4|0.50691384|(1,1801,0.50691384)
Fast.Five.2011__#00-01-41_00-01-57_label_B6-0-0.mp4|0.5038866|(1,385,0.5038866)
Taken.Extended.Cut.2008__#00-33-51_00-34-03_label_B1-0-0.mp4|0.5038832|(1,289,0.5038832)
Taken.2.UNRATED.EXTENDED.2012__#00-45-50_00-46-20_label_G-0-0.mp4|0.5047054|(1,722,0.5047054)
Shoot.Em.Up.2007__#00-32-40_00-35-10_label_B2-0-0.mp4|0.50970346|(1,3601,0.50970346)
Saving.Private.Ryan.1998__#02-23-00_02-23-28_label_B1-0-0.mp4|0.50537145|(1,673,0.50537145)
The.World.Is.Not.Enough.1999__#00-10-22_00-10-40_label_G-0-0.mp4|0.5021545|(1,433,0.5021545)
Skyfall.2012__#00-06-10_00-06-25_label_B6-0-0.mp4|0.5050624|(1,361,0.5050624)
v=9Ydg5IeZpFI__#1_label_B1-0-0.mp4|0.5067423|(2,4001,0.5067423,4000,4621,0.5012088)
Taken.3.2014__#01-19-13_01-19-30_label_B1-0-0.mp4|0.5016521|(1,409,0.5016521)
v=oipd63DGadU__#1_label_B1-0-0.mp4|0.49792475|(1,1398,0.49792475)
Mission.Impossible.III.2006__#00-19-56_00-20-26_label_B2-0-0.mp4|0.5079103|(1,721,0.5079103)
v=m8EkFsaGPzU__#1_label_B4-0-0.mp4|0.5128373|(2,4001,0.5128373,4000,5703,0.5108523)
Sin.City.2005__#0-29-34_0-29-56_label_B2-0-0.mp4|0.50378805|(1,529,0.50378805)
Sin.City.2005__#01-51-59_01-52-29_label_B2-0-0.mp4|0.51159954|(1,721,0.51159954)
Death.Proof.2007__#01-40-41_01-42-17_label_B5-B6-0.mp4|0.5065817|(1,2305,0.5065817)
v=k98yVPXiYoU__#1_label_G-0-0.mp4|0.5023018|(1,736,0.5023018)
Young.And.Dangerous.IV.1997__#01-32-04_01-32-58_label_B1-0-0.mp4|0.50056785|(1,1297,0.50056785)
v=V7FtjJStY1M__#1_label_G-0-0.mp4|0.5039729|(1,360,0.5039729)
v=CczYDDDf22A__#1_label_G-0-0.mp4|0.50079685|(1,679,0.50079685)
v=2WkuPNLfl5s__#1_label_B4-0-0.mp4|0.5175214|(1,1242,0.5175214)
Fast.Furious.2009__#01-18-00_01-19-00_label_B2-B6-0.mp4|0.50477785|(1,1441,0.50477785)
v=GI49YSCruwY__#1_label_B4-0-0.mp4|0.51465446|(1,3032,0.51465446)
Salt.2010__#01-06-27_01-07-07_label_G-B2-0.mp4|0.50369954|(1,962,0.50369954)
v=CcD-YNlkMPY__#1_label_G-0-0.mp4|0.50766504|(1,1996,0.50766504)
v=zoIn2hOrUIM__#00-01-00_00-02-45_label_B6-0-0.mp4|0.50628483|(1,2522,0.50628483)
v=TsuuRo6PEXM__#1_label_B1-0-0.mp4|0.50591946|(2,4001,0.50456065,343,4343,0.50591946)
v=bfOlheR5nUQ__#00-04-33_00-06-02_label_B4-0-0.mp4|0.5090519|(1,2138,0.5090519)
Spectre.2015__#00-44-05_00-44-40_label_B1-B2-0.mp4|0.50371504|(1,841,0.50371504)
Haywire.2011__#01-20-20_01-21-57_label_B1-0-0.mp4|0.509541|(1,2329,0.509541)
v=osjdmjNJUdg__#1_label_B1-0-0.mp4|0.5052607|(1,2320,0.5052607)
Saving.Private.Ryan.1998__#02-23-58_02-24-18_label_G-0-0.mp4|0.5036149|(1,481,0.5036149)
Jason.Bourne.2016__#0-29-48_0-30-29_label_B4-0-0.mp4|0.506188|(1,985,0.506188)
Braveheart.1995__#01-26-50_01-32-30_label_B1-0-0.mp4|0.51181424|(3,4001,0.5069798,4000,8001,0.51181424,4161,8161,0.5104403)
v=wG-2t0M8CPc__#1_label_B1-0-0.mp4|0.5079418|(1,2073,0.5079418)
v=FRj2K0ulD8Q__#00-00-00_00-00-57_label_B4-0-0.mp4|0.50376487|(1,1370,0.50376487)
v=15wDrZJQpsw__#00-09-00_00-10-55_label_B6-0-0.mp4|0.50581646|(1,2762,0.50581646)
v=OOjjPGN8jSU__#1_label_B6-0-0.mp4|0.5080261|(2,4001,0.5080261,4000,5918,0.5036592)
The.Hurt.Locker.2008__#0-19-22_0-22-32_label_B2-B1-0.mp4|0.5092568|(2,4001,0.5092568,4000,4561,0.50232935)
Bullet.in.the.Head.1990__#01-26-30_01-27-34_label_B2-0-0.mp4|0.5016719|(1,1537,0.5016719)
Fast.Furious.2009__#00-42-10_00-42-41_label_B6-0-0.mp4|0.50248826|(1,745,0.50248826)
Taken.3.2014__#01-12-48_01-14-30_label_B2-B1-0.mp4|0.5007919|(1,2449,0.5007919)
v=g2v3EkBj9Zc__#1_label_B4-0-0.mp4|0.5109215|(1,764,0.5109215)
v=UYFR-XbyZQc__#00-01-19_00-02-42_label_G-0-0.mp4|0.50445324|(1,1992,0.50445324)
Haywire.2011__#00-16-07_00-16-49_label_B1-0-0.mp4|0.5041693|(1,1008,0.5041693)
v=ntaXjnpusxM__#1_label_G-0-0.mp4|0.497206|(1,688,0.497206)
v=3xkwZk44VQs__#1_label_B4-0-0.mp4|0.5101011|(1,2517,0.5101011)
Brick.Mansions.2014__#01-02-00_01-02-43_label_B2-0-0.mp4|0.5030975|(1,1032,0.5030975)
v=rAlZRFZTwxM__#00-03-13_00-07-08_label_G-0-0.mp4|0.5067582|(2,4001,0.5067582,4000,5641,0.50272584)
v=UK--hvgP2uY__#1_label_G-0-0.mp4|0.50619495|(1,2605,0.50619495)
v=yy-KIWDcBr4__#00-16-10_00-17-19_label_B6-0-0.mp4|0.5069197|(1,1658,0.5069197)
v=k_cvJa1kNaM__#1_label_B4-0-0.mp4|0.5119349|(2,4001,0.5119349,4000,5628,0.51024663)
Deadpool.2.2018__#0-50-30_0-51-20_label_B1-0-0.mp4|0.50308365|(1,1201,0.50308365)
v=9Jk2sIp5MRQ__#1_label_G-0-0.mp4|0.50044376|(1,568,0.50044376)
v=Q7NpJXOTiMY__#1_label_G-0-0.mp4|0.50943017|(1,1628,0.50943017)
IP.Man.2.2010__#01-35-55_01-39-11_label_B1-0-0.mp4|0.50728786|(2,4001,0.50728786,4000,4704,0.5054106)
The.World.Is.Not.Enough.1999__#00-07-04_00-07-45_label_G-B2-0.mp4|0.5081072|(1,984,0.5081072)
Desperado.1995__#01-14-11_01-17-28_label_B2-G-0.mp4|0.5141469|(2,4001,0.5141469,4000,4729,0.5083653)
City.Of.Men.2007__#00-57-37_00-58-27_label_B2-0-0.mp4|0.5081369|(1,1200,0.5081369)
v=eqtJjxsTgtg__#1_label_G-0-0.mp4|0.5033547|(1,1194,0.5033547)
v=BXR3d22BhHs__#00-07-00_00-08-00_label_B4-0-0.mp4|0.51110923|(1,1443,0.51110923)
v=yvnj5VIDsNI__#1_label_B4-0-0.mp4|0.5159444|(2,4001,0.5159444,4000,4890,0.5110276)
v=ONsmJAyFAAw__#1_label_G-0-0.mp4|0.507108|(1,1563,0.507108)
v=qqsd-cZr01k__#00-06-10_00-07-19_label_B6-0-0.mp4|0.5059275|(1,1658,0.5059275)
Rush.Hour.1998.BluRay__#00-08-08_00-09-15_label_B2-B6-G.mp4|0.505586|(1,1609,0.505586)
Sin.City.2005__#0-43-45_0-44-01_label_B2-0-0.mp4|0.5054193|(1,385,0.5054193)
v=rJz4NXm6vis__#1_label_B4-0-0.mp4|0.51755387|(1,1892,0.51755387)
The.Bourne.Ultimatum.2007__#01-26-27_01-28-03_label_B2-B6-0.mp4|0.5049782|(1,2305,0.5049782)
v=73uRcX0Dvfc__#00-00-00_00-01-51_label_B6-G-0.mp4|0.508339|(1,2666,0.508339)
GoldenEye.1995__#00-24-53_00-25-06_label_B1-0-0.mp4|0.5002925|(1,313,0.5002925)
v=gsz_P8t-KM4__#1_label_B4-0-0.mp4|0.508096|(3,4001,0.508096,4000,8001,0.5056041,8000,9741,0.50571346)
v=PWBZiM-rkoE__#1_label_G-0-0.mp4|0.5101339|(1,2711,0.5101339)
v=J_ZsNd97wXw__#1_label_G-0-0.mp4|0.50281775|(1,1204,0.50281775)
Saving.Private.Ryan.1998__#02-16-58_02-17-13_label_G-0-0.mp4|0.5063775|(1,361,0.5063775)
v=CoxsDkB-rWU__#00-07-06_00-10-30_label_B4-0-0.mp4|0.5027809|(2,4001,0.5024128,4000,4898,0.5027809)
Fast.Furious.2009__#00-21-06_00-21-57_label_B6-B2-0.mp4|0.50944394|(1,1225,0.50944394)
v=wVey5JDRf_g__#00-00-00_00-01-20_label_B6-0-0.mp4|0.5060866|(1,1922,0.5060866)
Shoot.Em.Up.2007__#00-53-25_00-56-47_label_B2-0-0.mp4|0.5044057|(2,4001,0.5044057,4000,4850,0.5022841)
Deadpool.2.2018__#0-04-46_0-05-01_label_B2-0-0.mp4|0.5023877|(1,361,0.5023877)
v=0qtIjyt-7wg__#00-01-00_00-02-45_label_B6-0-0.mp4|0.5035929|(1,2522,0.5035929)
v=wnd3IYH7x1o__#1_label_G-0-0.mp4|0.4973948|(1,1139,0.4973948)
v=Dh-3BlhAOnE__#00-00-00_00-13-36_label_B4-0-0.mp4|0.51392233|(5,4001,0.5111857,4000,8001,0.50977564,8000,12001,0.51392233,12000,16001,0.51098925,16000,19586,0.50939786)
v=waIS8TaJxts__#00-09-00_00-10-45_label_B6-0-0.mp4|0.50955784|(1,2522,0.50955784)
Ip.Man.2008__#01-14-31_01-15-24_label_B1-0-0.mp4|0.5035947|(1,1274,0.5035947)
v=8oTjTufJnXI__#1_label_G-0-0.mp4|0.5068202|(1,2694,0.5068202)
v=3y2OOc6WTrg__#1_label_B1-0-0.mp4|0.5055735|(2,4001,0.50554407,352,4352,0.5055735)
v=k7R_Qo-BiAw__#00-10-30_00-10-51_label_B6-0-0.mp4|0.50276446|(1,506,0.50276446)
Love.Death.and.Robots.S01E13__#0-11-48_0-12-07_label_G-0-0.mp4|0.5048264|(1,456,0.5048264)
Braveheart.1995__#02-07-00_02-08-15_label_B1-0-0.mp4|0.5081029|(1,1802,0.5081029)
Saving.Private.Ryan.1998__#02-20-00_02-20-13_label_G-0-0.mp4|0.5045775|(1,313,0.5045775)
v=yy-KIWDcBr4__#00-08-35_00-10-25_label_B6-0-0.mp4|0.5078847|(1,2642,0.5078847)
v=vhACO_m5pH0__#00-14-42_00-15-40_label_B6-0-0.mp4|0.5108161|(1,1394,0.5108161)
v=7zEFHKKBA0g__#1_label_B4-0-0.mp4|0.5098363|(2,4001,0.5098363,4000,4420,0.50436485)
Saving.Private.Ryan.1998__#00-47-50_00-49-35_label_B2-0-0.mp4|0.50892687|(1,2521,0.50892687)
v=cEOM18n8fhU__#1_label_G-0-0.mp4|0.5019813|(1,2831,0.5019813)
v=aWPWHU8x6kE__#1_label_B4-0-0.mp4|0.5083818|(2,4001,0.5083818,4000,4829,0.5050292)
v=yrpZJ8Vr3aA__#1_label_B1-0-0.mp4|0.5132304|(1,2354,0.5132304)
v=w16YmhAZ1_Y__#1_label_G-0-0.mp4|0.50414175|(1,1480,0.50414175)
v=1djrJ0wxlYo__#1_label_B4-0-0.mp4|0.5054604|(1,1536,0.5054604)
Casino.Royale.2006__#00-50-05_00-51-16_label_B1-B2-B6.mp4|0.5076759|(1,1705,0.5076759)
v=SE5fxK7SasU__#00-03-23_00-04-08_label_B4-0-0.mp4|0.5045472|(1,1082,0.5045472)
Operation.Red.Sea.2018__#0-29-36_0-30-20_label_B2-G-0.mp4|0.50266826|(1,1056,0.50266826)
v=7rDRFFSUrPI__#00-01-50_00-02-32_label_G-0-0.mp4|0.5065061|(1,1010,0.5065061)
Casino.Royale.2006__#01-46-40_01-47-14_label_B6-0-0.mp4|0.5028005|(1,817,0.5028005)
v=u0Tnw01PNxc__#1_label_B4-0-0.mp4|0.5085627|(1,1377,0.5085627)
v=ZoS8gm5OcOM__#00-06-20_00-07-30_label_B6-0-0.mp4|0.5045833|(1,1682,0.5045833)
Rush.Hour.1998.BluRay__#01-25-21_01-25-46_label_B2-0-0.mp4|0.5032377|(1,602,0.5032377)
Fast.Furious.6.2013__#01-03-25_01-04-59_label_B1-0-0.mp4|0.5029488|(1,2256,0.5029488)
Brick.Mansions.2014__#00-16-26_00-17-12_label_B1-0-0.mp4|0.5029904|(1,1104,0.5029904)
v=fIlmgvc-bUk__#1_label_B4-0-0.mp4|0.51155573|(1,1415,0.51155573)
v=GqMh_HBNWZE__#00-01-00_00-02-45_label_B6-0-0.mp4|0.5153929|(1,2522,0.5153929)
v=PuZy1PQIgrA__#1_label_B1-0-0.mp4|0.5080744|(1,2816,0.5080744)
v=OFxPTJxA5pg__#1_label_B4-0-0.mp4|0.5094527|(5,4001,0.5094527,4000,8001,0.5062318,8000,12001,0.5085666,12000,16001,0.5070763,16000,17542,0.5014418)
v=vhACO_m5pH0__#00-20-42_00-22-40_label_B6-0-0.mp4|0.51655686|(1,2834,0.51655686)
Mindhunters.2004__#01-19-00_01-20-05_label_B2-0-0.mp4|0.50141233|(1,1561,0.50141233)
v=RUjrMYWhLng__#1_label_B6-0-0.mp4|0.51103264|(3,4001,0.5062008,4000,8001,0.50603217,8000,10434,0.51103264)
v=iHuggczItBk__#00-01-00_00-02-45_label_B6-0-0.mp4|0.50707096|(1,2522,0.50707096)
v=GbMQ2CxeNHU__#1_label_B4-0-0.mp4|0.5119891|(2,4001,0.50795215,4000,5490,0.5119891)
v=ROrpKx3aIjA__#1_label_G-0-0.mp4|0.5120565|(1,1300,0.5120565)
v=abATVcjFumY__#1_label_G-0-0.mp4|0.50151736|(1,1835,0.50151736)
v=T-LH8Gv5zzY__#1_label_B4-0-0.mp4|0.50972056|(1,2426,0.50972056)
Sin.City.2005__#0-06-42_0-07-06_label_B1-0-0.mp4|0.5039793|(1,577,0.5039793)
Fast.Furious.6.2013__#00-45-40_00-47-13_label_B2-0-0.mp4|0.5068389|(1,2233,0.5068389)
v=X4I8FhpGJwo__#00-09-00_00-10-45_label_B6-0-0.mp4|0.51475936|(1,2522,0.51475936)
v=zI0q5UDP47g__#1_label_B4-0-0.mp4|0.5124711|(1,3603,0.5124711)
v=HSisjzLESak__#00-01-00_00-02-45_label_B6-0-0.mp4|0.51010454|(1,2522,0.51010454)
v=gbRIKogNZvE__#1_label_B4-0-0.mp4|0.5076002|(1,2990,0.5076002)
Fury.2014__#00-07-30_00-07-58_label_G-0-0.mp4|0.5037725|(1,673,0.5037725)
Haywire.2011__#00-03-51_00-05-12_label_B1-B2-0.mp4|0.50785094|(1,1945,0.50785094)
v=8ewWXhYRUNs__#1_label_B1-0-0.mp4|0.5010231|(1,1369,0.5010231)
v=JfLYNEsrTew__#1_label_G-0-0.mp4|0.5012917|(1,750,0.5012917)
GoldenEye.1995__#02-03-40_02-04-13_label_G-0-0.mp4|0.5105863|(1,794,0.5105863)
Deadpool.2.2018__#01-03-09_01-03-54_label_B4-0-0.mp4|0.50593394|(1,1081,0.50593394)
v=sE-DC2trBkI__#00-01-00_00-02-45_label_B6-0-0.mp4|0.5070104|(1,2522,0.5070104)
v=QWwDsPSe7iM__#1_label_B4-0-0.mp4|0.50818676|(1,2334,0.50818676)
v=rKpXqwE2rg8__#00-01-57_00-03-06_label_B4-0-0.mp4|0.5091605|(1,1658,0.5091605)
v=qqsd-cZr01k__#00-01-00_00-02-45_label_B6-0-0.mp4|0.51190525|(1,2522,0.51190525)
v=waIS8TaJxts__#00-07-40_00-08-50_label_B6-0-0.mp4|0.50443906|(1,1682,0.50443906)
Jason.Bourne.2016__#0-50-20_0-50-30_label_G-0-0.mp4|0.49969858|(1,241,0.49969858)
v=8oJMGgaww70__#1_label_B4-0-0.mp4|0.50677556|(1,3595,0.50677556)
Mission.Impossible.Ghost.Protocol.2011__#01-12-38_01-13-43_label_B1-0-0.mp4|0.5058552|(1,1561,0.5058552)
v=3e3C-LQWF2s__#1_label_B1-0-0.mp4|0.5147846|(2,4001,0.5147846,4000,4421,0.5052308)
v=yDqThVpu1AM__#1_label_B4-0-0.mp4|0.50360936|(1,744,0.50360936)
v=u5SF4SlqNDQ__#00-00-00_00-01-00_label_G-0-0.mp4|0.5081714|(1,1442,0.5081714)
v=DD3jfKr8e-k__#00-00-00_00-01-40_label_B4-0-0.mp4|0.50607|(1,2402,0.50607)
Bullet.in.the.Head.1990__#00-17-20_00-18-55_label_B1-0-0.mp4|0.5054384|(1,2281,0.5054384)
v=CFfc4UWzVB8__#00-00-00_00-00-30_label_B4-0-0.mp4|0.5027789|(1,722,0.5027789)
v=251___mEwZA__#1_label_B1-0-0.mp4|0.51089495|(2,4001,0.51089495,4000,4577,0.5014344)
v=FRj2K0ulD8Q__#00-04-16_00-06-05_label_B4-0-0.mp4|0.5069516|(1,2618,0.5069516)
v=_BgJEXQkjNQ__#1_label_G-0-0.mp4|0.5025428|(3,4001,0.49947923,4000,8001,0.5025428,4139,8139,0.5005873)
v=waIS8TaJxts__#00-01-30_00-02-45_label_B6-0-0.mp4|0.51055133|(1,1802,0.51055133)
v=Y43UkfAe_bc__#00-00-00_00-01-40_label_B4-0-0.mp4|0.5053765|(1,2402,0.5053765)
v=tT-SrQC6Ddw__#00-04-00_00-05-15_label_B6-0-0.mp4|0.5044895|(1,1800,0.5044895)
v=qrKfaX1lCUM__#1_label_G-0-0.mp4|0.5112678|(2,4001,0.5112678,4000,7409,0.51078653)
The.Bourne.Identity.2002__#0-19-53_0-21-48_label_B1-0-0.mp4|0.5088947|(1,2761,0.5088947)
Desperado.1995__#00-38-36_00-39-21_label_B1-B2-0.mp4|0.51089865|(1,1081,0.51089865)
Spectre.2015__#02-02-57_02-03-27_label_B1-B2-0.mp4|0.50415576|(1,722,0.50415576)
v=PRH5rYUHoVU__#00-00-25_00-02-50_label_B6-0-0.mp4|0.511607|(1,3480,0.511607)
Fast.Furious.2009__#01-29-10_01-29-55_label_B2-0-0.mp4|0.50750446|(1,1080,0.50750446)
The.Bourne.Identity.2002__#01-45-00_01-45-46_label_B1-0-0.mp4|0.50108963|(1,1104,0.50108963)
v=KUeUxbsBO6s__#1_label_B1-0-0.mp4|0.50787807|(1,2748,0.50787807)
Spectre.2015__#01-32-55_01-35-40_label_B1-B2-0.mp4|0.5063094|(1,3962,0.5063094)
v=2Rr21qkZEDQ__#00-14-10_00-16-09_label_B6-0-0.mp4|0.5060201|(1,2858,0.5060201)
v=J67oj92maC0__#1_label_G-0-0.mp4|0.5096664|(2,4001,0.5096664,4000,4673,0.49947354)
v=aQ3qMpgZjwg__#00-00-00_00-01-48_label_B4-0-0.mp4|0.5098064|(1,2593,0.5098064)
Quantum.Of.Solace.2008__#01-30-26_01-30-42_label_B2-B1-0.mp4|0.5024567|(1,384,0.5024567)
Sin.City.2005__#0-22-04_0-22-18_label_B5-0-0.mp4|0.5062749|(1,337,0.5062749)
Fast.Five.2011__#01-29-27_01-32-05_label_B1-0-0.mp4|0.50729585|(1,3793,0.50729585)
Taken.3.2014__#01-09-26_01-09-54_label_G-0-0.mp4|0.50481087|(1,674,0.50481087)
God.Bless.America.2011__#01-32-00_01-32-50_label_B2-0-0.mp4|0.5073597|(1,1201,0.5073597)
v=afhttnv46Y4__#1_label_B1-0-0.mp4|0.50800693|(1,2500,0.50800693)
v=EOAfl8yMiN8__#00-00-00_00-00-51_label_B6-0-0.mp4|0.5121721|(1,1226,0.5121721)
Black.Hawk.Down.2001__#01-32-40_01-34-00_label_B4-0-0.mp4|0.50715166|(1,1921,0.50715166)
v=35zynOrkvMk__#1_label_G-0-0.mp4|0.49784568|(1,365,0.49784568)
Mission.Impossible.II.2000__#01-18-55_01-20-53_label_B2-0-0.mp4|0.5086119|(1,2833,0.5086119)
Young.And.Dangerous.IV.1997__#01-07-50_01-09-45_label_B1-0-0.mp4|0.5040075|(1,2761,0.5040075)
v=vaSOMEIe1Bg__#1_label_G-0-0.mp4|0.49935377|(1,1385,0.49935377)
Sin.City.2005__#0-32-00_0-32-16_label_B2-0-0.mp4|0.50768214|(1,384,0.50768214)
Kill.Bill.Vol.1.2003__#01-21-39_01-26-55_label_B1-0-0.mp4|0.51581985|(2,4001,0.51581985,4000,7585,0.5117741)
Mission.Impossible.II.2000__#01-29-30_01-29-44_label_B1-0-0.mp4|0.5053025|(1,337,0.5053025)
v=38GQ9L2meyE__#1_label_B6-0-0.mp4|0.50257266|(2,4001,0.50257266,4000,4650,0.50080985)
v=HSisjzLESak__#00-07-40_00-08-50_label_B6-0-0.mp4|0.5053578|(1,1682,0.5053578)
Spectre.2015__#01-10-35_01-10-53_label_B2-0-0.mp4|0.50007355|(1,433,0.50007355)
Ip.Man.2008__#00-48-57_00-50-47_label_B1-0-0.mp4|0.5098659|(1,2641,0.5098659)
Yellow.Sea.2010__#01-58-30_01-59-27_label_B5-0-0.mp4|0.50607526|(1,1369,0.50607526)
City.of.God.2002__#00-37-20_00-38-02_label_B5-0-0.mp4|0.5052449|(1,1009,0.5052449)
v=BFPkt0AuSFA__#1_label_B4-0-0.mp4|0.5156275|(1,3380,0.5156275)
Haywire.2011__#00-39-07_00-41-48_label_B1-B2-0.mp4|0.5081386|(1,3865,0.5081386)
v=Z12t5h2mBJc__#1_label_B1-0-0.mp4|0.51031685|(2,4001,0.51031685,4000,5047,0.50028604)
Taken.2.UNRATED.EXTENDED.2012__#00-13-42_00-14-16_label_B5-0-0.mp4|0.5043294|(1,818,0.5043294)
v=fhiAyxpDQMU__#1_label_B4-0-0.mp4|0.50467783|(1,3985,0.50467783)
Jason.Bourne.2016__#0-17-25_0-18-53_label_B4-0-0.mp4|0.503217|(1,2112,0.503217)
Ip.Man.3.2015__#00-17-51_00-18-51_label_B1-0-0.mp4|0.5036581|(1,1440,0.5036581)
Death.Proof.2007__#00-45-05_00-47-36_label_B5-0-0.mp4|0.50687885|(1,3625,0.50687885)
v=nLAapCIlr-o__#00-08-35_00-10-25_label_B6-0-0.mp4|0.50812626|(1,2642,0.50812626)
v=CUr-Mg8Hmh0__#1_label_G-0-0.mp4|0.5042782|(2,4001,0.5037696,4000,5043,0.5042782)
The.Bourne.Legacy.2012__#0-39-56_0-40-15_label_G-0-0.mp4|0.50648236|(1,457,0.50648236)
v=0qtIjyt-7wg__#00-04-00_00-05-15_label_B6-0-0.mp4|0.5024702|(1,1802,0.5024702)
v=DtxU8UYiFws__#1_label_G-0-0.mp4|0.50924814|(1,1450,0.50924814)
v=f6j3YWgVBto__#00-06-16_00-06-51_label_B6-0-0.mp4|0.50798076|(1,840,0.50798076)
Black.Hawk.Down.2001__#02-00-12_02-01-29_label_B2-0-0.mp4|0.5094474|(1,1850,0.5094474)
v=X1arMZmYhsk__#00-13-00_00-14-09_label_B6-0-0.mp4|0.5118502|(1,1658,0.5118502)
Saving.Private.Ryan.1998__#02-25-42_02-26-03_label_B2-0-0.mp4|0.50670046|(1,505,0.50670046)
v=LJ0Pu5_Mefs__#1_label_G-0-0.mp4|0.5100205|(1,984,0.5100205)
The.Hurt.Locker.2008__#01-02-10_01-03-55_label_B2-0-0.mp4|0.5053978|(1,2521,0.5053978)
v=rXWOpZ7W2fA__#1_label_B1-0-0.mp4|0.5052459|(1,2796,0.5052459)
Casino.Royale.2006__#00-51-16_00-52-41_label_B1-B6-0.mp4|0.50764596|(1,2041,0.50764596)
Brick.Mansions.2014__#00-11-57_00-12-12_label_B2-0-0.mp4|0.50210863|(1,360,0.50210863)
The.Bourne.Identity.2002__#01-27-39_01-29-19_label_B2-0-0.mp4|0.50661635|(1,2400,0.50661635)
v=xe4ee56aHSg__#1_label_G-0-0.mp4|0.5038868|(1,532,0.5038868)
Desperado.1995__#00-16-48_00-18-52_label_B1-0-0.mp4|0.5105209|(1,2977,0.5105209)
v=6TR2rcgHm4g__#1_label_B4-0-0.mp4|0.5073763|(1,1621,0.5073763)
v=w2NgAYJHnS0__#1_label_G-0-0.mp4|0.4990491|(1,1011,0.4990491)
Sin.City.2005__#01-19-08_01-19-23_label_G-0-0.mp4|0.5075569|(1,361,0.5075569)
Braveheart.1995__#02-05-34_02-06-40_label_B1-0-0.mp4|0.50989187|(1,1585,0.50989187)
v=uBXprlsmd18__#00-06-10_00-07-19_label_B6-0-0.mp4|0.50713104|(1,1658,0.50713104)
Fast.Five.2011__#00-32-56_00-33-26_label_B2-0-0.mp4|0.5035843|(1,721,0.5035843)
v=YhCSFZNwfHc__#00-01-15_00-01-42_label_G-B2-0.mp4|0.50029737|(1,648,0.50029737)
Bullet.in.the.Head.1990__#02-02-00_02-05-22_label_B2-B6-G.mp4|0.50769365|(2,4001,0.50769365,4000,4849,0.5063119)
v=7isLhaNYgkU__#1_label_B4-0-0.mp4|0.5094496|(2,4001,0.5094496,4000,5706,0.5093069)
City.Of.Men.2007__#00-51-50_00-53-31_label_B2-0-0.mp4|0.510991|(1,2425,0.510991)
wangted.2008__#0-22-55_0-23-40_label_B2-0-0.mp4|0.5067013|(1,1081,0.5067013)
v=CLFYvG6MsZU__#00-02-16_00-05-06_label_B2-0-0.mp4|0.5126874|(2,4001,0.5126874,83,4083,0.5121297)
Bad.Boys.1995__#01-11-55_01-12-40_label_G-B2-B6.mp4|0.509588|(1,1081,0.509588)
GoldenEye.1995__#01-17-05_01-19-57_label_B2-B1-0.mp4|0.51215416|(2,4001,0.51215416,129,4129,0.5116972)
Kill.Bill.Vol.2.2004__#0-25-20_0-26-20_label_B2-0-0.mp4|0.50384635|(1,1441,0.50384635)
v=wVey5JDRf_g__#00-04-09_00-05-06_label_B6-0-0.mp4|0.5041208|(1,1371,0.5041208)
v=tv0rI-5ycBU__#1_label_B4-0-0.mp4|0.5050071|(1,3249,0.5050071)
Yellow.Sea.2010__#01-05-40_01-06-47_label_B1-B2-0.mp4|0.5020071|(1,1609,0.5020071)
v=YdrISbwy_zI__#1_label_G-0-0.mp4|0.505343|(1,1723,0.505343)
v=pL2HjXvWuPc__#1_label_B1-0-0.mp4|0.5077927|(2,4001,0.5077927,4000,4836,0.49995387)
v=7xQr5wYwNPg__#1_label_B4-0-0.mp4|0.50998825|(1,1121,0.50998825)
v=vv-MFJPi4Qs__#1_label_G-0-0.mp4|0.5070873|(1,1004,0.5070873)
Mission.Impossible.III.2006__#01-06-52_01-07-15_label_G-0-0.mp4|0.503027|(1,553,0.503027)
Mission.Impossible.V.Rogue.Nation.2015__#01-15-52_01-16-48_label_B6-B2-0.mp4|0.5068881|(1,1344,0.5068881)
Spectre.2015__#01-08-58_01-09-20_label_B1-B2-0.mp4|0.50195724|(1,529,0.50195724)
v=OB0-MXNPUIU__#1_label_B4-0-0.mp4|0.51124865|(2,4001,0.51093024,21,4021,0.51124865)
Kill.Bill.Vol.1.2003__#01-26-56_01-28-18_label_B1-0-0.mp4|0.51142055|(1,1969,0.51142055)
v=wPkBaI6vOv0__#00-00-00_00-01-00_label_G-0-0.mp4|0.50497717|(1,1442,0.50497717)
v=0qtIjyt-7wg__#00-00-00_00-00-51_label_B6-0-0.mp4|0.5015873|(1,1226,0.5015873)
v=S-7rRLrxnVQ__#1_label_B4-0-0.mp4|0.5200011|(1,3273,0.5200011)
Ip.Man.2008__#00-46-51_00-47-30_label_B1-0-0.mp4|0.50944215|(1,937,0.50944215)
City.of.God.2002__#01-52-20_01-54-32_label_B2-0-0.mp4|0.5081636|(1,3169,0.5081636)
v=vhACO_m5pH0__#00-09-42_00-10-40_label_B6-0-0.mp4|0.5063884|(1,1394,0.5063884)
Mission.Impossible.II.2000__#01-25-08_01-25-31_label_B2-0-0.mp4|0.50327516|(1,553,0.50327516)
Taken.2.UNRATED.EXTENDED.2012__#01-18-40_01-19-00_label_B1-0-0.mp4|0.5053587|(1,481,0.5053587)
v=bfOlheR5nUQ__#00-00-00_00-04-33_label_B4-0-0.mp4|0.51024204|(2,4001,0.51024204,4000,6554,0.50919646)
The.Fast.and.the.Furious.2001__#01-14-04_01-15-20_label_B1-0-0.mp4|0.5113724|(1,1825,0.5113724)
v=zoIn2hOrUIM__#00-06-10_00-07-19_label_B6-0-0.mp4|0.5043864|(1,1658,0.5043864)
Ip.Man.3.2015__#00-46-08_00-54-20_label_B1-0-0.mp4|0.5085801|(3,4001,0.5085801,4000,8001,0.5070238,8000,11808,0.5062279)
v=D1eP4Bn4hDQ__#00-09-20_00-10-45_label_B6-0-0.mp4|0.50563365|(1,2040,0.50563365)
v=ADQNFs9bfFk__#00-00-00_00-00-58_label_B4-0-0.mp4|0.5051038|(1,1394,0.5051038)
Young.And.Dangerous.I.1996__#0-46-25_0-46-55_label_B6-0-0.mp4|0.5017871|(1,722,0.5017871)
v=NnmqkS1e88s__#1_label_B4-0-0.mp4|0.5036927|(1,1752,0.5036927)
v=hxyhulJYz5I__#00-06-09_00-07-00_label_B6-0-0.mp4|0.5048741|(1,1226,0.5048741)
v=Rc9EOFjtj0c__#1_label_B6-0-0.mp4|0.50628376|(1,3365,0.50628376)
Rush.Hour.3.2007.BluRay__#00-04-59_00-05-31_label_B2-0-0.mp4|0.50726736|(1,769,0.50726736)
v=WiS3TIvykeY__#1_label_B4-0-0.mp4|0.5021909|(1,1562,0.5021909)
Taken.3.2014__#01-04-50_01-05-05_label_B1-0-0.mp4|0.5030296|(1,361,0.5030296)
Young.And.Dangerous.III.1996__#00-23-00_00-25-54_label_B4-0-0.mp4|0.5104129|(2,4001,0.5104129,178,4178,0.5098693)
v=78u9uBJBqIw__#1_label_B4-B5-0.mp4|0.5167314|(1,3486,0.5167314)
v=FRj2K0ulD8Q__#00-06-05_00-08-25_label_B4-0-0.mp4|0.50430405|(1,3339,0.50430405)
The.Hurt.Locker.2008__#0-08-45_0-09-57_label_G-0-0.mp4|0.50464463|(1,1729,0.50464463)
Bad.Boys.II.2003__#00-06-42_00-10-00_label_B2-G-0.mp4|0.5138541|(2,4001,0.5138541,4000,4753,0.5075959)
v=EOAfl8yMiN8__#00-03-00_00-04-09_label_B6-0-0.mp4|0.5110124|(1,1658,0.5110124)
v=v_LxqgpRouM__#1_label_G-0-0.mp4|0.5024183|(1,889,0.5024183)
The.Bourne.Legacy.2012__#0-59-18_01-01-52_label_B2-B1-0.mp4|0.50551945|(1,3697,0.50551945)
v=p7kvQ4OpDgU__#1_label_B4-0-0.mp4|0.51493543|(1,1889,0.51493543)
v=sE-DC2trBkI__#00-09-00_00-10-05_label_B6-0-0.mp4|0.5081658|(1,1563,0.5081658)
v=vhACO_m5pH0__#00-17-42_00-18-40_label_B6-0-0.mp4|0.50737625|(1,1394,0.50737625)
wangted.2008__#0-45-25_0-47-01_label_B1-0-0.mp4|0.50702333|(1,2305,0.50702333)
v=AF9p0YA0hyA__#00-00-45_00-01-44_label_B4-0-0.mp4|0.5042216|(1,1418,0.5042216)
Tropa.de.Elite.2.2010__#00-42-00_00-43-00_label_B2-0-0.mp4|0.50415486|(1,1441,0.50415486)
v=DRGMajXo_PI__#00-02-15_00-03-02_label_G-0-0.mp4|0.5054063|(1,1130,0.5054063)
New.Kids.Turbo.2010__#00-22-35_00-23-14_label_B1-0-0.mp4|0.5041687|(1,936,0.5041687)
v=uBXprlsmd18__#00-03-00_00-04-09_label_B6-0-0.mp4|0.502688|(1,1658,0.502688)
Mission.Impossible.Ghost.Protocol.2011__#01-56-52_01-57-03_label_B1-0-0.mp4|0.50127965|(1,264,0.50127965)
v=pFamvR9CpYw__#00-06-36_00-15-20_label_B4-0-0.mp4|0.5129725|(4,4001,0.5129725,4000,8001,0.5084145,8000,12001,0.51102245,12000,12579,0.5063536)
v=tivXK3PGByk__#1_label_B1-0-0.mp4|0.505876|(1,3690,0.505876)
v=nLAapCIlr-o__#00-11-00_00-12-45_label_B6-0-0.mp4|0.5064906|(1,2522,0.5064906)
Mission.Impossible.II.2000__#01-32-56_01-33-25_label_B1-0-0.mp4|0.5037711|(1,697,0.5037711)
Mission.Impossible.Ghost.Protocol.2011__#00-01-18_00-01-40_label_B2-0-0.mp4|0.50238705|(1,529,0.50238705)
v=FfrXebzAwOg__#00-06-10_00-07-19_label_B6-0-0.mp4|0.51153284|(1,1658,0.51153284)
Mission.Impossible.Fallout.2018__#00-39-18_00-40-36_label_B1-0-0.mp4|0.5056745|(1,1873,0.5056745)
v=Q9Re4CnFJRg__#00-01-21_00-01-47_label_G-0-0.mp4|0.49769184|(1,624,0.49769184)
v=sE-DC2trBkI__#00-03-00_00-04-09_label_B6-0-0.mp4|0.50466454|(1,1658,0.50466454)
v=utQ5AvXtNLA__#1_label_B4-0-0.mp4|0.50509423|(1,1076,0.50509423)
v=waIS8TaJxts__#00-05-50_00-06-20_label_B6-0-0.mp4|0.5062288|(1,723,0.5062288)
Fast.Furious.2009__#00-25-59_00-26-25_label_B1-0-0.mp4|0.50406986|(1,625,0.50406986)
Love.Death.and.Robots.S01E15__#0-05-38_0-06-18_label_G-0-0.mp4|0.5069005|(1,960,0.5069005)
The.Fast.and.the.Furious.2001__#01-37-40_01-38-30_label_B6-0-0.mp4|0.51269317|(1,1201,0.51269317)
v=BpargJW29Wo__#00-00-50_00-01-30_label_B1-0-0.mp4|0.5016693|(1,962,0.5016693)
Operation.Red.Sea.2018__#01-20-58_01-22-00_label_B5-0-0.mp4|0.50453144|(1,1488,0.50453144)
v=O9g1uuI62m0__#1_label_B4-0-0.mp4|0.51063025|(2,4001,0.51063025,4000,4545,0.5063989)
v=U6MC8JJJZSY__#1_label_G-0-0.mp4|0.50316834|(1,1045,0.50316834)
Mission.Impossible.III.2006__#01-54-02_01-54-40_label_B2-0-0.mp4|0.5097041|(1,913,0.5097041)
v=qmsQ-obL1Z4__#00-03-26_00-04-04_label_B6-0-0.mp4|0.505465|(1,912,0.505465)
v=Ia9ATKNeUbY__#00-01-52_00-03-10_label_B6-0-0.mp4|0.5019458|(1,1874,0.5019458)
v=_tsSKAsVZfo__#1_label_B4-0-0.mp4|0.51404643|(1,2534,0.51404643)
v=iHuggczItBk__#00-04-00_00-04-55_label_B6-0-0.mp4|0.51204854|(1,1322,0.51204854)
v=sbEHU4GskX4__#1_label_B1-0-0.mp4|0.50609946|(1,2832,0.50609946)
IP.Man.2.2010__#00-07-14_00-09-13_label_B1-0-0.mp4|0.5093285|(1,2856,0.5093285)
Young.And.Dangerous.I.1996__#0-20-50_0-22-15_label_B1-0-0.mp4|0.50673515|(1,2041,0.50673515)
v=X4I8FhpGJwo__#00-07-40_00-08-50_label_B6-0-0.mp4|0.5071773|(1,1682,0.5071773)
v=qyTGi0N4OVg__#1_label_G-0-0.mp4|0.51210415|(1,1248,0.51210415)
v=vhACO_m5pH0__#00-10-42_00-11-40_label_B6-0-0.mp4|0.50421774|(1,1394,0.50421774)
Tropa.de.Elite.2.2010__#00-46-11_00-46-50_label_B2-0-0.mp4|0.50830853|(1,937,0.50830853)
v=5Ftl4nOSytc__#1_label_G-0-0.mp4|0.50799686|(1,2282,0.50799686)
GoldenEye.1995__#02-02-15_02-02-47_label_B1-0-0.mp4|0.50602096|(1,770,0.50602096)
Casino.Royale.2006__#00-18-30_00-19-20_label_G-B2-0.mp4|0.50776505|(1,1201,0.50776505)
Braveheart.1995__#00-56-30_00-57-20_label_B1-0-0.mp4|0.50136673|(1,1200,0.50136673)
v=0W8LohxH9nI__#1_label_B1-0-0.mp4|0.5015776|(1,1413,0.5015776)
Operation.Red.Sea.2018__#0-02-17_0-02-37_label_B2-0-0.mp4|0.506958|(1,480,0.506958)
v=pHZ9gOfmY_k__#1_label_B4-0-0.mp4|0.5033775|(2,4001,0.5033775,4000,5179,0.5032701)
v=waIS8TaJxts__#00-00-00_00-00-51_label_B6-0-0.mp4|0.51426274|(1,1226,0.51426274)
v=6KQFxxHmVMc__#1_label_B1-0-0.mp4|0.51141286|(1,3654,0.51141286)
Skyfall.2012__#00-03-22_00-03-40_label_B6-0-0.mp4|0.5020976|(1,433,0.5020976)
Fury.2014__#00-39-36_00-40-44_label_B1-B2-0.mp4|0.50259876|(1,1634,0.50259876)
v=MJLylzPRvyw__#1_label_B4-0-0.mp4|0.5087762|(1,3587,0.5087762)
v=Q8K7roZu3WU__#1_label_B1-0-0.mp4|0.5086285|(1,1295,0.5086285)
v=BzwNU2xmT64__#00-01-00_00-02-45_label_B6-0-0.mp4|0.5064765|(1,2522,0.5064765)
v=FW_qbiPH7UA__#1_label_B1-0-0.mp4|0.5114508|(1,3283,0.5114508)
v=TOEVc-pOEwM__#00-08-40_00-10-40_label_B6-0-0.mp4|0.5084769|(1,2883,0.5084769)
v=HUL83wCQATc__#1_label_B1-0-0.mp4|0.5063422|(1,2103,0.5063422)
v=IWzI9V3WSnc__#1_label_B4-0-0.mp4|0.50015885|(1,2689,0.50015885)
v=0N0PbzjEg0U__#1_label_B4-0-0.mp4|0.50065464|(1,1518,0.50065464)
v=TfS-MJoVNjM__#1_label_B4-0-0.mp4|0.51111555|(1,1311,0.51111555)
v=m5zK-tzYCQM__#1_label_B4-0-0.mp4|0.50774753|(1,1755,0.50774753)
v=Y1hxr1MWLjM__#1_label_B1-0-0.mp4|0.50981265|(1,3071,0.50981265)
Love.Death.and.Robots.S01E10__#0-01-00_0-02-13_label_B2-G-0.mp4|0.50471634|(1,1752,0.50471634)
v=H5W58Loofks__#00-05-50_00-06-20_label_B6-0-0.mp4|0.50676924|(1,723,0.50676924)
v=d5lTTPvJLpw__#1_label_B4-0-0.mp4|0.510474|(2,4001,0.5101641,4000,6277,0.510474)
Crank.Dircut.2006__#0-27-42_0-29-01_label_B1-0-0.mp4|0.50628656|(1,1898,0.50628656)
Mission.Impossible.V.Rogue.Nation.2015__#00-14-40_00-17-12_label_B1-0-0.mp4|0.503931|(1,3649,0.503931)
Kingsman.The.Golden.Circle.2017__#00-41-22_00-41-32_label_B2-0-0.mp4|0.507455|(1,241,0.507455)
v=Ia9ATKNeUbY__#00-06-19_00-06-50_label_B6-0-0.mp4|0.498276|(1,746,0.498276)
Gladiator.2000__#01-10-27_01-11-59_label_B1-0-0.mp4|0.5078686|(1,2208,0.5078686)
City.Of.Men.2007__#01-35-30_01-36-00_label_B2-0-0.mp4|0.50404733|(1,721,0.50404733)
v=ovQ1VTJ_IUI__#1_label_B1-0-0.mp4|0.5062646|(1,1688,0.5062646)
The.Fast.and.the.Furious.2001__#01-24-18_01-25-05_label_B6-0-0.mp4|0.5063089|(1,1128,0.5063089)
City.Of.Men.2007__#01-17-27_01-17-59_label_B2-0-0.mp4|0.50219405|(1,769,0.50219405)
Brick.Mansions.2014__#00-41-25_00-42-36_label_B1-0-0.mp4|0.5086827|(1,1704,0.5086827)
Mission.Impossible.II.2000__#01-46-20_01-47-11_label_B2-B6-0.mp4|0.5050077|(1,1225,0.5050077)
Taken.2.UNRATED.EXTENDED.2012__#01-18-25_01-18-40_label_B2-0-0.mp4|0.5045174|(1,361,0.5045174)
Rush.Hour.1998.BluRay__#01-20-28_01-21-38_label_B2-0-0.mp4|0.5044815|(1,1682,0.5044815)
v=kPWdgckIhLI__#1_label_B4-0-0.mp4|0.50869876|(1,793,0.50869876)
wangted.2008__#0-48-30_0-49-00_label_B2-0-0.mp4|0.5048926|(1,721,0.5048926)
Taken.3.2014__#00-03-58_00-04-16_label_B2-0-0.mp4|0.5043682|(1,433,0.5043682)
Law.Abiding.Citizen.2009__#01-26-34_01-27-25_label_B2-0-0.mp4|0.50636536|(1,1225,0.50636536)
God.Bless.America.2011__#00-12-40_00-13-12_label_B2-0-0.mp4|0.50309896|(1,769,0.50309896)
v=JHsfKFF9Oag__#1_label_A.mp4|0.50156903|(1,2699,0.50156903)
v=fkps18H3SXY__#00-36-00_00-42-00_label_A.mp4|0.5069194|(3,4001,0.5069194,4000,8001,0.50416785,8000,8643,0.5050329)
Flipped.2010__#00-45-40_00-47-30_label_A.mp4|0.5090804|(1,2641,0.5090804)
Tropa.de.Elite.2.2010__#01-33-31_01-34-20_label_A.mp4|0.5047942|(1,1177,0.5047942)
Gladiator.2000__#02-43-00_02-43-59_label_A.mp4|0.5050305|(1,1417,0.5050305)
Mission.Impossible.V.Rogue.Nation.2015__#01-29-39_01-33-39_label_A.mp4|0.5080947|(2,4001,0.5080947,4000,5762,0.5063357)
v=RRiN5W9XwJE__#1_label_A.mp4|0.51222664|(1,2616,0.51222664)
v=-5RWxUUJ7lQ__#1_label_A.mp4|0.51136655|(5,4001,0.503723,4000,8001,0.5075463,8000,12001,0.51136655,12000,16001,0.50822496,16000,19123,0.5107651)
v=9eME1y6V-T4__#02-00-00_02-06-00_label_A.mp4|0.5120961|(3,4001,0.5120961,4000,8001,0.5064419,8000,8642,0.5043082)
v=enYITYwvPAQ__#00-27-00_00-30-00_label_A.mp4|0.50335693|(2,4001,0.5031152,321,4321,0.50335693)
Bullet.in.the.Head.1990__#00-51-46_00-52-50_label_A.mp4|0.5040722|(1,1537,0.5040722)
Deadpool.2016__#0-18-35_0-18-55_label_A.mp4|0.50576466|(1,481,0.50576466)
New.Kids.Turbo.2010__#00-41-30_00-42-05_label_A.mp4|0.50072175|(1,840,0.50072175)
v=4jVgDKbu_TI__#1_label_A.mp4|0.50994223|(5,4001,0.50994223,4000,8001,0.50305486,8000,12001,0.5026855,12000,16001,0.50119716,16000,18974,0.5079714)
Haywire.2011__#00-02-06_00-03-29_label_A.mp4|0.5061645|(1,1993,0.5061645)
God.Bless.America.2011__#00-51-00_00-52-00_label_A.mp4|0.5116048|(1,1441,0.5116048)
Kingsman.The.Secret.Service.2014__#00-25-29_00-26-24_label_A.mp4|0.50528973|(1,1321,0.50528973)
v=x0-z4h6mFoU__#1_label_A.mp4|0.5023526|(2,4001,0.5023526,4000,4610,0.49958846)
Love.Me.If.You.Dare.2003__#00-11-20_00-15-08_label_A.mp4|0.51232165|(2,4001,0.51232165,4000,5474,0.50418544)
v=H9Y5_X1sEEA__#00-42-00_00-45-00_label_A.mp4|0.52208114|(2,4001,0.52208114,322,4322,0.5212161)
The.Bourne.Ultimatum.2007__#0-55-55_0-56-10_label_A.mp4|0.5024206|(1,361,0.5024206)
Hot.Fuzz.2007__#00-19-20_00-22-06_label_A.mp4|0.5084062|(1,3986,0.5084062)
The.Intouchables.2011__#00-51-55_00-55-16_label_A.mp4|0.5091814|(2,4001,0.5091814,4000,4826,0.50551337)
Tropa.de.Elite.2.2010__#00-05-30_00-06-30_label_A.mp4|0.5094535|(1,1441,0.5094535)
v=yZ2wlTAN49g__#00-03-00_00-06-00_label_A.mp4|0.51486933|(2,4001,0.51486623,322,4322,0.51486933)
v=gGlqujwrhbI__#00-12-00_00-15-00_label_A.mp4|0.5092835|(2,4001,0.50761527,322,4322,0.5092835)
v=LYzmr5ORvCg__#1_label_A.mp4|0.5099253|(1,3925,0.5099253)
v=MyM5G7fo7Gg__#00-06-00_00-09-00_label_A.mp4|0.51112866|(2,4001,0.51112866,322,4322,0.5101893)
Before.Sunrise.1995__#01-36-45_01-38-10_label_A.mp4|0.50851524|(1,2040,0.50851524)
v=ErOcW_CSOyQ__#1_label_A.mp4|0.50348306|(5,4001,0.5023377,4000,8001,0.5023252,8000,12001,0.50348306,12000,16001,0.50321066,16000,17477,0.5028675)
v=9eME1y6V-T4__#01-06-00_01-12-00_label_A.mp4|0.51045984|(3,4001,0.5069228,4000,8001,0.51045984,8000,8642,0.5017954)
God.Bless.America.2011__#01-23-13_01-25-31_label_A.mp4|0.51376706|(1,3313,0.51376706)
v=pCyCi-q4MqY__#1_label_A.mp4|0.5015832|(2,4001,0.49997652,4000,4714,0.5015832)
v=Hd_2Y29_FLU__#1_label_A.mp4|0.5079483|(1,3272,0.5079483)
GoldenEye.1995__#01-33-40_01-34-30_label_A.mp4|0.5115171|(1,1201,0.5115171)
v=a0TQkX_zLt0__#1_label_A.mp4|0.51185775|(3,4001,0.5065264,4000,8001,0.51185775,8000,11764,0.5090078)
Be.with.You.2018__#00-16-18_00-18-09_label_A.mp4|0.5032882|(1,2665,0.5032882)
v=NeAC-MfTZzU__#00-15-00_00-18-00_label_A.mp4|0.50787026|(2,4001,0.5076728,322,4322,0.50787026)
About.Time.2013__#00-23-50_00-24-31_label_A.mp4|0.50379515|(1,985,0.50379515)
v=QUlWIIHMIEQ__#1_label_A.mp4|0.5089248|(1,1106,0.5089248)
A.Beautiful.Mind.2001__#01-14-30_01-16-59_label_A.mp4|0.5062835|(1,3577,0.5062835)
Flipped.2010__#01-07-30_01-09-51_label_A.mp4|0.5104129|(1,3384,0.5104129)
v=I7oSupyExVY__#1_label_A.mp4|0.51449233|(2,4001,0.51449233,4000,4825,0.5060062)
v=8SC55pYljMM__#1_label_A.mp4|0.51762825|(2,4001,0.5173522,324,4324,0.51762825)
Kingsman.The.Golden.Circle.2017__#00-44-52_00-46-20_label_A.mp4|0.50628215|(1,2113,0.50628215)
v=vFPQ_NiDBIU__#02-42-00_02-48-00_label_A.mp4|0.50770664|(3,4001,0.50770664,4000,8001,0.50699216,8000,8640,0.50279045)
v=lVJVRywgmYM__#1_label_A.mp4|0.51132995|(2,4001,0.51132995,4000,5937,0.5080359)
v=KERh4R2BbS0__#1_label_A.mp4|0.50601053|(6,4001,0.50350857,4000,8001,0.5040132,8000,12001,0.5046737,12000,16001,0.50315607,16000,20001,0.50601053,20000,20652,0.5049254)
v=Yr41_8QOTF8__#00-09-00_00-12-00_label_A.mp4|0.50577396|(2,4001,0.50577396,321,4321,0.50511634)
v=rmDBn5Rpd3s__#1_label_A.mp4|0.5056624|(1,707,0.5056624)
v=9eME1y6V-T4__#00-42-00_00-48-00_label_A.mp4|0.50812536|(3,4001,0.50812536,4000,8001,0.50234044,8000,8642,0.49647155)
v=vFPQ_NiDBIU__#01-00-00_01-06-00_label_A.mp4|0.5079936|(3,4001,0.5079936,4000,8001,0.50591326,8000,8640,0.5026007)
v=GnN9VTh_s2A__#1_label_A.mp4|0.50153154|(1,683,0.50153154)
v=ajnl7P9bf78__#1_label_A.mp4|0.5080459|(1,1624,0.5080459)
Fury.2014__#01-13-32_01-14-43_label_A.mp4|0.5032757|(1,1705,0.5032757)
Desperado.1995__#01-22-10_01-23-17_label_A.mp4|0.5036918|(1,1609,0.5036918)
v=5l-nbDl0qvg__#1_label_A.mp4|0.512334|(4,4001,0.5107834,4000,8001,0.51145107,8000,12001,0.512334,12000,13124,0.5121572)
Before.Sunrise.1995__#00-23-50_00-24-31_label_A.mp4|0.5045827|(1,985,0.5045827)
The.Notebook.2004__#00-20-35_00-23-06_label_A.mp4|0.51000434|(1,3625,0.51000434)
v=SdYFFo_tsfk__#00-00-00_00-06-00_label_A.mp4|0.5112692|(3,4001,0.5112692,4000,8001,0.5068547,8000,8642,0.506618)
From.Dusk.Till.Dawn.1996__#00-31-52_00-34-21_label_A.mp4|0.5110993|(1,3576,0.5110993)
About.Time.2013__#00-30-50_00-32-31_label_A.mp4|0.5047112|(1,2425,0.5047112)
The.Secret.Life.of.Walter.Mitty.2013__#00-36-52_00-41-00_label_A.mp4|0.5131739|(2,4001,0.5131685,4000,5953,0.5131739)
v=plhVMWR33go__#1_label_A.mp4|0.5146538|(3,4001,0.51242644,4000,8001,0.5146538,4047,8047,0.51421636)
v=t_TZYpT6xjY__#1_label_A.mp4|0.50749195|(2,4001,0.5037019,4000,4741,0.50749195)
The.Notebook.2004__#00-11-00_00-15-08_label_A.mp4|0.5086482|(2,4001,0.5086482,4000,5954,0.50528485)
v=lyZxvgPD4gM__#1_label_A.mp4|0.50348216|(2,4001,0.50348216,4000,5529,0.50231874)
v=ZpWR_YZNZTM__#1_label_A.mp4|0.5055898|(1,3437,0.5055898)
Taken.2.UNRATED.EXTENDED.2012__#00-17-08_00-17-30_label_A.mp4|0.50467944|(1,529,0.50467944)
Before.Sunrise.1995__#00-42-52_00-45-31_label_A.mp4|0.50461584|(1,3817,0.50461584)
Still.Walking.2008__#01-02-18_01-03-10_label_A.mp4|0.5025479|(1,1249,0.5025479)
Love.Me.If.You.Dare.2003__#01-04-40_01-06-59_label_A.mp4|0.5208858|(1,3338,0.5208858)
Fast.Furious.6.2013__#01-37-00_01-38-05_label_A.mp4|0.50275934|(1,1561,0.50275934)
v=H9Y5_X1sEEA__#00-03-00_00-06-00_label_A.mp4|0.50943774|(2,4001,0.5091136,322,4322,0.50943774)
Deadpool.2.2018__#0-02-35_0-03-12_label_A.mp4|0.50591296|(1,890,0.50591296)
v=fkps18H3SXY__#00-54-00_01-00-00_label_A.mp4|0.5046445|(3,4001,0.50284004,4000,8001,0.5023647,8000,8642,0.5046445)
v=vFPQ_NiDBIU__#01-48-00_01-54-00_label_A.mp4|0.5091597|(3,4001,0.5060181,4000,8001,0.5091597,8000,8640,0.50475836)
v=jAvOGTD7_pU__#00-12-00_00-15-00_label_A.mp4|0.5044291|(2,4001,0.5044291,322,4322,0.50433457)
Be.with.You.2018__#00-23-50_00-24-31_label_A.mp4|0.5025242|(1,985,0.5025242)
Before.Sunset.2004__#01-14-30_01-16-51_label_A.mp4|0.5040966|(1,3385,0.5040966)
Before.Sunrise.1995__#00-04-20_00-05-35_label_A.mp4|0.5046286|(1,1801,0.5046286)
v=7smETZfN0XA__#1_label_A.mp4|0.5105523|(1,3020,0.5105523)
v=9eME1y6V-T4__#01-00-00_01-06-00_label_A.mp4|0.5114874|(3,4001,0.5076103,4000,8001,0.5114874,8000,8642,0.50433683)
Skyfall.2012__#02-14-50_02-16-25_label_A.mp4|0.50473994|(1,2281,0.50473994)
The.Bourne.Identity.2002__#01-09-16_01-11-16_label_A.mp4|0.5047293|(1,2882,0.5047293)
Be.with.You.2018__#01-14-30_01-16-59_label_A.mp4|0.5061059|(1,3577,0.5061059)
v=6cvZOGzfqWU__#1_label_A.mp4|0.50661284|(2,4001,0.50661284,4000,5594,0.50449544)
v=Yr41_8QOTF8__#00-21-00_00-24-00_label_A.mp4|0.50714314|(2,4001,0.50692904,321,4321,0.50714314)
v=qV4YYnXdQCc__#00-03-00_00-06-00_label_A.mp4|0.512039|(2,4001,0.512039,322,4322,0.5106889)
Spectre.2015__#01-17-22_01-18-53_label_A.mp4|0.50737154|(1,2184,0.50737154)
v=JzrpCC7XmyE__#00-06-00_00-12-00_label_A.mp4|0.5153863|(3,4001,0.5153863,4000,8001,0.5092191,8000,8642,0.50366604)
v=g4FnGZ5MAdo__#1_label_A.mp4|0.50750947|(2,4001,0.50750947,4000,4958,0.50392544)
The.Pursuit.of.Happyness.2006__#00-30-50_00-32-31_label_A.mp4|0.50769943|(1,2425,0.50769943)
v=rJgg00ic1G8__#1_label_A.mp4|0.501604|(2,4001,0.501604,4000,5651,0.49844986)
v=qhUItxoTrmg__#1_label_A.mp4|0.50863737|(2,4001,0.50863737,4000,4571,0.5058932)
v=1202rYvw7go__#1_label_A.mp4|0.51452905|(1,3951,0.51452905)
Be.with.You.2018__#00-04-20_00-05-35_label_A.mp4|0.5023664|(1,1801,0.5023664)
The.Hurt.Locker.2008__#0-29-25_0-30-15_label_A.mp4|0.505141|(1,1200,0.505141)
wangted.2008__#0-27-17_0-28-07_label_A.mp4|0.50942385|(1,1200,0.50942385)
Mission.Impossible.II.2000__#00-24-30_00-30-10_label_A.mp4|0.50938845|(3,4001,0.50938845,4000,8001,0.5067557,4160,8160,0.5056409)
v=H9Y5_X1sEEA__#00-36-00_00-39-00_label_A.mp4|0.5158419|(2,4001,0.5158419,323,4323,0.5144554)
v=q2SP66Jb6Cw__#00-00-00_00-06-00_label_A.mp4|0.49696052|(3,4001,0.49628228,4000,8001,0.49696052,8000,8642,0.49617094)
Love.Death.and.Robots.S01E02__#00-03-15_00-04-20_label_A.mp4|0.51059055|(1,1560,0.51059055)
v=Q8b0XbtpFsA__#1_label_A.mp4|0.50447285|(2,4001,0.50447285,4000,4633,0.4995887)
v=3ZVcLOjwOMk__#1_label_A.mp4|0.5148931|(1,1885,0.5148931)
Still.Walking.2008__#00-16-18_00-17-27_label_A.mp4|0.50537205|(1,1657,0.50537205)
v=f6j3YWgVBto__#00-01-50_00-02-30_label_A.mp4|0.5021546|(1,960,0.5021546)
Casino.Royale.2006__#00-28-10_00-30-10_label_A.mp4|0.50787395|(1,2881,0.50787395)
God.Bless.America.2011__#00-58-09_01-04-00_label_A.mp4|0.5067807|(3,4001,0.5067807,4000,8001,0.5065182,8000,8425,0.5016833)
v=gxrLosPS27c__#1_label_A.mp4|0.50406253|(1,2219,0.50406253)
v=vFPQ_NiDBIU__#00-42-00_00-48-00_label_A.mp4|0.5074848|(3,4001,0.5074848,4000,8001,0.5067736,8000,8640,0.5058113)
v=L2Qs4KyW-Co__#1_label_A.mp4|0.5082365|(2,4001,0.5082365,4000,4426,0.5034962)
Flipped.2010__#00-42-52_00-45-31_label_A.mp4|0.5080711|(1,3817,0.5080711)
Still.Walking.2008__#00-51-55_00-55-16_label_A.mp4|0.5049869|(2,4001,0.5049869,4000,4826,0.5036912)
v=DdIA1Owbcdc__#1_label_A.mp4|0.50363666|(1,1064,0.50363666)
v=KEh6EOQvQO0__#1_label_A.mp4|0.50260127|(1,3183,0.50260127)
The.Secret.Life.of.Walter.Mitty.2013__#01-01-20_01-04-00_label_A.mp4|0.51023906|(1,3841,0.51023906)
Young.And.Dangerous.III.1996__#00-15-52_00-17-00_label_A.mp4|0.5118634|(1,1634,0.5118634)
Ip.Man.2008__#00-40-25_00-40-45_label_A.mp4|0.50072676|(1,481,0.50072676)
Kill.Bill.Vol.1.2003__#01-08-15_01-09-15_label_A.mp4|0.5099061|(1,1441,0.5099061)
v=Wc2QW06H48M__#1_label_A.mp4|0.5033504|(1,1554,0.5033504)
v=JzrpCC7XmyE__#01-06-00_01-12-00_label_A.mp4|0.5068078|(3,4001,0.5068078,4000,8001,0.5062762,8000,8642,0.5034837)
Kingsman.The.Golden.Circle.2017__#02-09-30_02-10-45_label_A.mp4|0.5071475|(1,1801,0.5071475)
Spectre.2015__#00-16-41_00-18-55_label_A.mp4|0.504843|(1,3216,0.504843)
v=0LEefpIPBHA__#1_label_A.mp4|0.5045679|(1,1142,0.5045679)
Bad.Boys.II.2003__#01-11-16_01-14-00_label_A.mp4|0.51111776|(1,3937,0.51111776)
v=tlFJIG9mTGQ__#00-15-00_00-18-36_label_A.mp4|0.5145979|(2,4001,0.5145979,4000,5187,0.50739205)
The.Hurt.Locker.2008__#0-45-39_0-47-06_label_A.mp4|0.50809467|(1,2089,0.50809467)
v=GrHfWKeTDEI__#1_label_A.mp4|0.5060589|(2,4001,0.5060589,4000,5066,0.50279653)
Salt.2010__#00-13-45_00-16-10_label_A.mp4|0.504379|(1,3481,0.504379)
v=cvEJ5WFk2KE__#00-06-00_00-09-00_label_A.mp4|0.5037252|(2,4001,0.502251,321,4321,0.5037252)
v=tI7fktKY6OU__#1_label_A.mp4|0.5091326|(4,4001,0.50784546,4000,8001,0.5091326,8000,12001,0.5087775,12000,14916,0.50809276)
v=NbNFfnVSIn8__#1_label_A.mp4|0.504624|(2,4001,0.5042177,4000,4592,0.504624)
v=2JJ9d97sd64__#1_label_A.mp4|0.513554|(1,3140,0.513554)
v=S1meRf5BsEw__#1_label_A.mp4|0.5070806|(2,4001,0.5070806,104,4104,0.50594264)
The.Secret.Life.of.Walter.Mitty.2013__#00-08-55_00-10-50_label_A.mp4|0.50348175|(1,2762,0.50348175)
v=0vVOXlgHC1U__#00-48-00_00-54-00_label_A.mp4|0.5108067|(3,4001,0.49957561,4000,8001,0.5108067,8000,8642,0.50712264)
v=tlFJIG9mTGQ__#00-12-00_00-15-00_label_A.mp4|0.5069262|(2,4001,0.5067921,322,4322,0.5069262)
Operation.Red.Sea.2018__#0-45-54_0-46-33_label_A.mp4|0.50070196|(1,936,0.50070196)
Fast.Five.2011__#01-59-16_02-01-12_label_A.mp4|0.50597507|(1,2785,0.50597507)
Yellow.Sea.2010__#00-10-16_00-11-14_label_A.mp4|0.50856876|(1,1393,0.50856876)
v=vHnAmx0UYbM__#1_label_A.mp4|0.5144031|(6,4001,0.5127288,4000,8001,0.5112104,8000,12001,0.5070342,12000,16001,0.51012784,16000,20001,0.5144031,16045,20045,0.51400054)
Shoot.Em.Up.2007__#00-25-50_00-27-10_label_A.mp4|0.5060005|(1,1921,0.5060005)
Bad.Boys.1995__#00-10-00_00-11-52_label_A.mp4|0.50833523|(1,2689,0.50833523)
Love.Actually.2003__#01-39-05_01-46-40_label_A.mp4|0.5109429|(3,4001,0.5109429,4000,8001,0.50788814,8000,10921,0.50915813)
Bullet.in.the.Head.1990__#01-58-25_01-59-30_label_A.mp4|0.5057398|(1,1561,0.5057398)
v=W5qLlC9il3s__#1_label_A.mp4|0.5134047|(1,1385,0.5134047)
The.Notebook.2004__#01-30-25_01-33-56_label_A.mp4|0.5065034|(2,4001,0.5065034,4000,5065,0.5050938)
About.Time.2013__#00-40-52_00-42-31_label_A.mp4|0.5034156|(1,2377,0.5034156)
Law.Abiding.Citizen.2009__#00-00-35_00-01-31_label_A.mp4|0.50248826|(1,1345,0.50248826)
v=HTEyaXBPf9U__#1_label_A.mp4|0.5089028|(2,4001,0.5089028,4000,5120,0.5070953)
The.Notebook.2004__#00-25-20_00-29-20_label_A.mp4|0.5116296|(2,4001,0.5116296,4000,5761,0.50491613)
v=AqFWYZsOgWY__#00-21-00_00-24-00_label_A.mp4|0.50812876|(2,4001,0.5075319,322,4322,0.50812876)
The.Bourne.Identity.2002__#0-29-16_0-32-00_label_A.mp4|0.51466405|(1,3937,0.51466405)
v=9eME1y6V-T4__#01-18-00_01-24-00_label_A.mp4|0.507582|(3,4001,0.5063032,4000,8001,0.507582,8000,8642,0.506243)
IP.Man.2.2010__#00-02-50_00-06-45_label_A.mp4|0.5100252|(2,4001,0.5100252,4000,5640,0.5052272)
Rush.Hour.3.2007.BluRay__#01-00-40_01-04-00_label_A.mp4|0.5079694|(2,4001,0.50617725,4000,4801,0.5079694)
v=_Hn2Xlt-IWU__#1_label_A.mp4|0.50800705|(1,3943,0.50800705)
v=uyvM-vq5DwA__#1_label_A.mp4|0.5162892|(2,4001,0.51297367,4000,4788,0.5162892)
Love.Death.and.Robots.S01E04__#00-14-28_00-15-27_label_A.mp4|0.5056148|(1,1416,0.5056148)
v=hdy5kZ5dwj8__#1_label_A.mp4|0.5067262|(2,4001,0.5067262,4000,4674,0.50312114)
Love.Actually.2003__#01-17-00_01-19-40_label_A.mp4|0.50819355|(1,3842,0.50819355)
v=fkps18H3SXY__#00-00-00_00-06-00_label_A.mp4|0.5064585|(3,4001,0.5064585,4000,8001,0.505211,8000,8642,0.5019305)
v=3MUqt3OkxIo__#1_label_A.mp4|0.51107645|(1,2500,0.51107645)
v=p2ggHwtb-Zg__#00-24-00_00-27-00_label_A.mp4|0.50432587|(2,4001,0.50432587,322,4322,0.50429827)
v=eAgqJnO3kr8__#00-06-00_00-12-00_label_A.mp4|0.5041504|(3,4001,0.50382686,4000,8001,0.5041504,8000,8642,0.5017875)
v=vQ9AwVrM9pU__#1_label_A.mp4|0.50781626|(1,3138,0.50781626)
v=Wp6gzFUaci8__#1_label_A.mp4|0.5142606|(1,2780,0.5142606)
Brick.Mansions.2014__#00-08-37_00-10-04_label_A.mp4|0.5088759|(1,2088,0.5088759)
v=VRn8Tc02TbU__#00-18-00_00-21-00_label_A.mp4|0.5055718|(2,4001,0.50552464,322,4322,0.5055718)
Young.And.Dangerous.IV.1997__#0-10-35_0-11-50_label_A.mp4|0.50429124|(1,1801,0.50429124)
Sin.City.2005__#01-43-21_01-44-21_label_A.mp4|0.5070004|(1,1441,0.5070004)
Salt.2010__#01-16-00_01-16-50_label_A.mp4|0.5057736|(1,1201,0.5057736)
v=X60PecZRLGE__#1_label_A.mp4|0.50630325|(1,2644,0.50630325)
v=p2ggHwtb-Zg__#00-21-00_00-24-00_label_A.mp4|0.50628054|(2,4001,0.50597817,323,4323,0.50628054)
v=QBfO3qfo7zg__#1_label_A.mp4|0.5109819|(2,4001,0.5109819,4000,4661,0.51004046)
Kill.Bill.Vol.1.2003__#00-21-42_00-22-42_label_A.mp4|0.507069|(1,1441,0.507069)
GoldenEye.1995__#01-02-11_01-03-43_label_A.mp4|0.5037027|(1,2209,0.5037027)
v=9eME1y6V-T4__#01-36-00_01-42-00_label_A.mp4|0.5073196|(3,4001,0.5073196,4000,8001,0.50272757,8000,8642,0.49596494)
The.Pursuit.of.Happyness.2006__#01-34-18_01-38-11_label_A.mp4|0.5101444|(2,4001,0.5089971,4000,5593,0.5101444)
v=5AlAh8J3WqE__#1_label_A.mp4|0.5061942|(3,4001,0.5061942,4000,8001,0.50049436,8000,10885,0.5046889)
Taken.3.2014__#00-36-03_00-36-48_label_A.mp4|0.5044511|(1,1081,0.5044511)
Your.Name.2016__#00-05-52_00-08-22_label_A.mp4|0.50506353|(1,3601,0.50506353)
v=mfFYGFJhBI4__#1_label_A.mp4|0.50299853|(1,255,0.50299853)
v=H9Y5_X1sEEA__#00-30-00_00-33-00_label_A.mp4|0.5178248|(2,4001,0.5174787,323,4323,0.5178248)
Love.Actually.2003__#01-34-18_01-38-11_label_A.mp4|0.5082462|(2,4001,0.5082462,4000,5593,0.5008966)
v=VcsJf1q9QX8__#1_label_A.mp4|0.5063933|(1,2560,0.5063933)
The.Secret.Life.of.Walter.Mitty.2013__#01-23-00_01-29-08_label_A.mp4|0.5099499|(3,4001,0.5099499,4000,8001,0.5096919,8000,8833,0.50984067)
The.Bourne.Supremacy.2004__#01-34-52_01-35-50_label_A.mp4|0.5100282|(1,1393,0.5100282)
Quantum.Of.Solace.2008__#00-47-29_00-50-52_label_A.mp4|0.5114474|(2,4001,0.5114474,4000,4873,0.50547886)
v=es97CGK_5XQ__#1_label_A.mp4|0.51017797|(1,1633,0.51017797)
v=y7vIfdKwHDk__#1_label_A.mp4|0.51070327|(2,4001,0.5106651,182,4182,0.51070327)
v=NjI-AuzKgMc__#1_label_A.mp4|0.50725955|(1,2836,0.50725955)
Salt.2010__#00-02-10_00-03-57_label_A.mp4|0.5106451|(1,2569,0.5106451)
The.Bourne.Supremacy.2004__#0-58-18_01-00-58_label_A.mp4|0.50977755|(1,3842,0.50977755)
Shoplifters.2018__#00-17-30_00-19-10_label_A.mp4|0.50490177|(1,2401,0.50490177)
Mission.Impossible.Ghost.Protocol.2011__#01-07-24_01-09-09_label_A.mp4|0.5085291|(1,2521,0.5085291)
v=EToznHwS0OA__#1_label_A.mp4|0.5043747|(1,3730,0.5043747)
Before.Sunset.2004__#00-23-50_00-24-31_label_A.mp4|0.50377154|(1,985,0.50377154)
Ip.Man.2008__#01-04-27_01-06-22_label_A.mp4|0.5024934|(1,2761,0.5024934)
A.Beautiful.Mind.2001__#00-40-52_00-42-01_label_A.mp4|0.5074145|(1,1657,0.5074145)
IP.Man.2.2010__#00-54-00_00-57-12_label_A.mp4|0.5118928|(2,4001,0.5118928,4000,4608,0.504394)
The.Bourne.Identity.2002__#0-57-11_0-58-45_label_A.mp4|0.5036194|(1,2257,0.5036194)
Love.Actually.2003__#00-51-55_00-55-16_label_A.mp4|0.5101531|(2,4001,0.5101531,4000,4826,0.5040107)
The.Attorney.2013__#00-47-00_00-49-30_label_A.mp4|0.51173747|(1,3601,0.51173747)
v=3lSHv_DUbJs__#1_label_A.mp4|0.5075775|(1,3566,0.5075775)
v=QiLNvC7CIuY__#1_label_A.mp4|0.5080092|(1,1161,0.5080092)
v=ODGDLQ0TT3M__#1_label_A.mp4|0.51010644|(1,2138,0.51010644)
Thelma...Louise.1991__#01-53-54_01-54-50_label_A.mp4|0.5044723|(1,1345,0.5044723)
v=usAvzbDq6-c__#00-21-00_00-24-00_label_A.mp4|0.5175779|(2,4001,0.5175779,322,4322,0.5159982)
The.Notebook.2004__#01-52-20_01-58-00_label_A.mp4|0.50617903|(3,4001,0.5033807,4000,8001,0.50617903,4161,8161,0.5060219)
Bullet.in.the.Head.1990__#00-25-11_00-26-15_label_A.mp4|0.51110345|(1,1537,0.51110345)
v=yviKz5J-pEA__#1_label_A.mp4|0.50150526|(1,3731,0.50150526)
v=QozLwYYVotY__#1_label_A.mp4|0.50871027|(1,3254,0.50871027)
Before.Sunrise.1995__#00-03-00_00-04-05_label_A.mp4|0.5063556|(1,1561,0.5063556)
v=aBsrZKrRtqU__#1_label_A.mp4|0.5072258|(1,1235,0.5072258)
v=eAgqJnO3kr8__#00-48-00_00-54-00_label_A.mp4|0.503033|(3,4001,0.503033,4000,8001,0.5024054,8000,8642,0.5024257)
Lord.of.War__#00-59-20_01-00-35_label_A.mp4|0.5052371|(1,1801,0.5052371)
The.Intouchables.2011__#00-58-18_01-02-30_label_A.mp4|0.5109544|(2,4001,0.50819004,4000,6049,0.5109544)
Operation.Red.Sea.2018__#0-12-26_0-13-36_label_A.mp4|0.50384396|(1,1680,0.50384396)
The.Intouchables.2011__#00-04-20_00-05-35_label_A.mp4|0.5049984|(1,1801,0.5049984)
v=Ehh8ZdIMMj4__#1_label_A.mp4|0.5065216|(1,2708,0.5065216)
The.Notebook.2004__#00-08-55_00-10-50_label_A.mp4|0.5049117|(1,2762,0.5049117)
Flipped.2010__#00-08-55_00-10-50_label_A.mp4|0.5101017|(1,2762,0.5101017)
v=vsI_pKNcgeQ__#00-15-00_00-18-00_label_A.mp4|0.51405805|(2,4001,0.5130501,322,4322,0.51405805)
v=ldnLxTablA8__#1_label_A.mp4|0.50273204|(1,2300,0.50273204)
Love.Actually.2003__#01-04-40_01-06-59_label_A.mp4|0.51235026|(1,3336,0.51235026)
GoldenEye.1995__#00-56-11_00-56-51_label_A.mp4|0.5103777|(1,962,0.5103777)
v=AqFWYZsOgWY__#00-33-00_00-36-00_label_A.mp4|0.51355237|(2,4001,0.51355237,322,4322,0.5125492)
v=MyM5G7fo7Gg__#00-18-00_00-21-00_label_A.mp4|0.5102946|(2,4001,0.50823486,323,4323,0.5102946)
One.Day.2011__#01-02-50_01-07-05_label_A.mp4|0.5060868|(2,4001,0.5060868,4000,6121,0.5033507)
Death.Proof.2007__#00-02-04_00-05-00_label_A.mp4|0.5176528|(2,4001,0.5176528,225,4225,0.5171078)
Fast.Furious.2009__#01-08-33_01-10-18_label_A.mp4|0.50432336|(1,2521,0.50432336)
A.Beautiful.Mind.2001__#00-25-20_00-29-20_label_A.mp4|0.5115389|(2,4001,0.5115389,4000,5761,0.5052689)
Tropa.de.Elite.2.2010__#01-30-51_01-32-30_label_A.mp4|0.5099125|(1,2377,0.5099125)
v=EeUTpfyb0qo__#1_label_A.mp4|0.511912|(5,4001,0.50812495,4000,8001,0.5044511,8000,12001,0.511912,12000,16001,0.50707674,16000,18143,0.50606054)
v=HksDvkX6Bjk__#1_label_A.mp4|0.51321375|(4,4001,0.51300097,4000,8001,0.51321375,8000,12001,0.5010798,12000,15435,0.5125785)
Before.Sunrise.1995__#00-40-52_00-42-01_label_A.mp4|0.50195694|(1,1657,0.50195694)
v=9FxmNOXF25Q__#1_label_A.mp4|0.5039745|(2,4001,0.5039745,120,4120,0.50140554)
Your.Name.2016__#01-01-20_01-04-00_label_A.mp4|0.50855726|(1,3841,0.50855726)
Black.Hawk.Down.2001__#00-06-44_00-07-39_label_A.mp4|0.5074707|(1,1321,0.5074707)
v=SmFpAAHmoII__#1_label_A.mp4|0.5092587|(1,3951,0.5092587)
Election.2005__#00-03-35_00-05-05_label_A.mp4|0.5063765|(1,2160,0.5063765)
v=H12BVHrNiXs__#1_label_A.mp4|0.5038313|(2,4001,0.5038313,4000,4787,0.5013399)
v=Oh6FDdpH08A__#1_label_A.mp4|0.5103009|(1,3344,0.5103009)
v=RarYGpz-blM__#1_label_A.mp4|0.50334084|(1,3384,0.50334084)
The.Pursuit.of.Happyness.2006__#00-17-30_00-19-10_label_A.mp4|0.50529903|(1,2401,0.50529903)
Young.And.Dangerous.II.1996__#0-53-25_0-54-20_label_A.mp4|0.50419706|(1,1322,0.50419706)
v=1EvRIhdsX1s__#1_label_A.mp4|0.4994113|(1,862,0.4994113)
Black.Hawk.Down.2001__#01-36-44_01-37-33_label_A.mp4|0.50500965|(1,1176,0.50500965)
City.of.God.2002__#00-33-10_00-34-50_label_A.mp4|0.5093667|(1,2401,0.5093667)
v=g7fnNf88IOc__#1_label_A.mp4|0.50207376|(1,3635,0.50207376)
Ip.Man.2008__#00-02-56_00-05-24_label_A.mp4|0.50676614|(1,3553,0.50676614)
v=hgoGZZSMhMQ__#1_label_A.mp4|0.50205404|(1,159,0.50205404)
Mission.Impossible.II.2000__#00-11-37_00-15-46_label_A.mp4|0.50426805|(1,693,0.50426805)
Kill.Bill.Vol.2.2004__#01-03-13_01-04-13_label_A.mp4|0.5081788|(1,1441,0.5081788)
v=Pf7WtK-YPDA__#1_label_A.mp4|0.5136606|(1,1954,0.5136606)
Mission.Impossible.Ghost.Protocol.2011__#01-24-59_01-28-30_label_A.mp4|0.5159608|(2,4001,0.5159608,4000,5064,0.507057)
v=0vVOXlgHC1U__#00-12-00_00-18-00_label_A.mp4|0.51394653|(3,4001,0.51394653,4000,8001,0.5097937,8000,8642,0.51122)
Hear.Me.2009__#00-30-50_00-32-31_label_A.mp4|0.51155937|(1,2425,0.51155937)
v=H9Y5_X1sEEA__#00-45-00_00-48-00_label_A.mp4|0.5175105|(2,4001,0.51637995,323,4323,0.5175105)
A.Beautiful.Mind.2001__#00-50-26_00-55-16_label_A.mp4|0.5102625|(2,4001,0.5062087,4000,6962,0.5102625)
v=9qxJ6bznkNI__#1_label_A.mp4|0.5058439|(2,4001,0.5058439,4000,5454,0.50338805)
Flipped.2010__#01-10-30_01-13-51_label_A.mp4|0.5066346|(2,4001,0.5066346,4000,4825,0.503362)
v=94zZ9iptP54__#1_label_A.mp4|0.509998|(1,932,0.509998)
Love.Me.If.You.Dare.2003__#00-33-52_00-39-00_label_A.mp4|0.5135393|(2,4001,0.5132104,4000,7394,0.5135393)
The.Fast.and.the.Furious.2001__#01-38-50_01-39-59_label_A.mp4|0.51131266|(1,1657,0.51131266)
Taken.3.2014__#01-20-10_01-21-30_label_A.mp4|0.50449485|(1,1921,0.50449485)
v=wQrV75N2BrI__#1_label_A.mp4|0.5067957|(9,4001,0.5024038,4000,8001,0.5038709,8000,12001,0.5064734,12000,16001,0.5067957,16000,20001,0.5040075,20000,24001,0.506586,24000,28001,0.5036481,28000,32001,0.5037689,32000,33196,0.5064963)
Good.Will.Hunting.1997__#00-08-55_00-10-50_label_A.mp4|0.51137614|(1,2762,0.51137614)
v=vp_W8CqtCug__#1_label_A.mp4|0.5076246|(1,3806,0.5076246)
The.Fast.and.the.Furious.2001__#00-26-09_00-26-52_label_A.mp4|0.5034104|(1,1033,0.5034104)
v=SdYFFo_tsfk__#00-18-00_00-24-00_label_A.mp4|0.511052|(3,4001,0.50545967,4000,8001,0.511052,8000,8642,0.50167775)
v=y7JEq-kf-2I__#00-01-50_00-02-30_label_A.mp4|0.5031365|(1,960,0.5031365)
Mission.Impossible.Ghost.Protocol.2011__#00-49-03_00-51-21_label_A.mp4|0.5025382|(1,3313,0.5025382)
Jason.Bourne.2016__#0-51-37_0-53-20_label_A.mp4|0.50641793|(1,2473,0.50641793)
v=usAvzbDq6-c__#00-18-00_00-21-00_label_A.mp4|0.5140433|(2,4001,0.51353145,322,4322,0.5140433)
v=VGP9qh7U4H0__#1_label_A.mp4|0.5079731|(2,4001,0.5079731,4000,5284,0.50453764)
Tropa.de.Elite.2007__#00-10-30_00-12-08_label_A.mp4|0.50950253|(1,2352,0.50950253)
v=n0AhGnEjako__#1_label_A.mp4|0.50896096|(1,2376,0.50896096)
v=5NZxPmTpV6Y__#1_label_A.mp4|0.509353|(1,2807,0.509353)
Desperado.1995__#00-19-00_00-20-31_label_A.mp4|0.5084277|(1,2185,0.5084277)
Good.Will.Hunting.1997__#00-58-18_01-02-30_label_A.mp4|0.50748205|(2,4001,0.50674427,4000,6049,0.50748205)
v=bU86SW6L7Tc__#1_label_A.mp4|0.5079798|(2,4001,0.5079798,250,4250,0.5077115)
v=VNQ1Vkz_cM4__#1_label_A.mp4|0.5059378|(2,4001,0.5059378,4000,5622,0.50552845)
City.Of.Men.2007__#01-36-01_01-37-31_label_A.mp4|0.510773|(1,2161,0.510773)
v=BL8ppFg7NKI__#1_label_A.mp4|0.51218385|(2,4001,0.51218385,4000,5470,0.5045515)
Young.And.Dangerous.I.1996__#0-55-09_0-56-59_label_A.mp4|0.50985056|(1,2641,0.50985056)
The.Bourne.Ultimatum.2007__#01-32-57_01-33-53_label_A.mp4|0.5034683|(1,1345,0.5034683)
v=-tqHsoEoUyY__#1_label_A.mp4|0.5064368|(1,1011,0.5064368)
v=eAgqJnO3kr8__#00-42-00_00-48-00_label_A.mp4|0.50344974|(3,4001,0.502247,4000,8001,0.50344974,8000,8642,0.5013634)
v=ibYV3e17R5c__#1_label_A.mp4|0.51427114|(1,3375,0.51427114)
IP.Man.2.2010__#01-44-00_01-44-42_label_A.mp4|0.5020444|(1,1008,0.5020444)
Tropa.de.Elite.2007__#00-52-33_00-54-35_label_A.mp4|0.5075248|(1,2930,0.5075248)
v=usAvzbDq6-c__#00-03-00_00-06-00_label_A.mp4|0.51609135|(2,4001,0.51609135,322,4322,0.51433945)
v=smnw0Q7AxFQ__#1_label_A.mp4|0.5026959|(2,4001,0.502552,4000,7956,0.5026959)
Hear.Me.2009__#00-49-48_00-51-12_label_A.mp4|0.50905836|(1,2017,0.50905836)
Saving.Private.Ryan.1998__#02-00-56_02-03-06_label_A.mp4|0.50680745|(1,3121,0.50680745)
Be.with.You.2018__#01-42-06_01-45-53_label_A.mp4|0.5071292|(2,4001,0.5071292,4000,5449,0.49985698)
Bullet.in.the.Head.1990__#00-03-59_00-04-40_label_A.mp4|0.51146954|(1,985,0.51146954)
