Mission.Impossible.Fallout.2018__#00-31-21_00-32-50_label_B1-0-0.mp4|0.79048336|(1,2136,0.79048336)
v=bhZs3ALdL7Y__#1_label_G-0-0.mp4|0.09615575|(1,81,0.09615575)
Skyfall.2012__#01-55-44_01-56-57_label_B2-G-0.mp4|0.94497234|(1,1753,0.94497234)
v=15wDrZJQpsw__#00-05-20_00-06-20_label_B6-0-0.mp4|0.07392154|(1,1443,0.07392154)
v=gp_D8r-2hwk__#1_label_G-0-0.mp4|0.9750337|(1,2551,0.9750337)
Quantum.Of.Solace.2008__#01-19-30_01-20-05_label_B1-0-0.mp4|0.7601532|(1,841,0.7601532)
Saving.Private.Ryan.1998__#02-24-18_02-25-42_label_B1-0-0.mp4|0.000987696|(1,2017,0.000987696)
Rush.Hour.3.2007.BluRay__#00-34-11_00-35-46_label_B1-0-0.mp4|0.648766|(1,2281,0.648766)
The.Bourne.Identity.2002__#0-54-45_0-56-25_label_B6-0-0.mp4|0.9920773|(1,2401,0.9920773)
Rush.Hour.1998.BluRay__#00-11-05_00-12-10_label_B2-B1-0.mp4|0.0081105605|(1,1562,0.0081105605)
v=GN-7_ye5k4E__#1_label_G-0-0.mp4|0.99982965|(1,2681,0.99982965)
v=b0MUjeKAGZw__#1_label_B4-0-0.mp4|0.99410784|(1,2795,0.99410784)
Mission.Impossible.III.2006__#00-56-23_00-56-40_label_G-0-0.mp4|0.53956264|(1,409,0.53956264)
Kingsman.The.Secret.Service.2014__#01-43-40_01-44-50_label_B2-G-0.mp4|0.38359058|(1,1681,0.38359058)
v=m5Ya6z6qroo__#1_label_B4-0-0.mp4|0.93190765|(2,4001,0.17542703,1647,5647,0.93190765)
Rush.Hour.3.2007.BluRay__#01-12-16_01-12-36_label_B1-0-0.mp4|0.81754684|(1,481,0.81754684)
Kingsman.The.Secret.Service.2014__#00-22-10_00-23-10_label_B2-0-0.mp4|0.28552544|(1,1441,0.28552544)
v=5BBoVfKOyeM__#00-08-19_00-10-10_label_B6-0-0.mp4|0.00013603322|(1,2666,0.00013603322)
v=3xWiBCIxjIk__#1_label_B4-0-0.mp4|0.9991968|(1,3748,0.9991968)
Lord.of.War__#00-50-10_00-50-50_label_G-0-0.mp4|0.023362037|(1,961,0.023362037)
v=3WmMhircZOc__#1_label_B4-0-0.mp4|0.014136729|(2,4001,9.483067e-05,2025,6025,0.014136729)
v=DVdXoVUNkhg__#1_label_G-0-0.mp4|0.07515736|(1,1146,0.07515736)
v=1GFBuaGCeTo__#1_label_G-0-0.mp4|0.03061391|(1,1253,0.03061391)
v=hAHXCMRvY_I__#1_label_G-0-0.mp4|0.90366477|(1,486,0.90366477)
v=lpkL0Y1MhA8__#1_label_B4-0-0.mp4|0.5443764|(1,2524,0.5443764)
City.of.God.2002__#00-40-16_00-41-30_label_B2-0-0.mp4|0.011487879|(1,1778,0.011487879)
Mission.Impossible.Ghost.Protocol.2011__#01-54-24_01-54-50_label_B1-0-0.mp4|0.03265837|(1,625,0.03265837)
v=AF9p0YA0hyA__#00-03-03_00-04-20_label_B4-0-0.mp4|0.98314065|(1,1850,0.98314065)
v=fQQzg2VfJME__#1_label_B4-0-0.mp4|0.80635524|(1,1348,0.80635524)
v=pFamvR9CpYw__#00-00-00_00-06-36_label_B4-0-0.mp4|0.00016998129|(3,4001,0.00016998129,4000,8001,3.4358313e-06,5506,9506,7.099093e-06)
Ip.Man.2008__#01-40-37_01-42-07_label_B4-0-0.mp4|0.004762549|(1,2161,0.004762549)
v=lcBUb7EOQ4o__#1_label_G-0-0.mp4|0.96523595|(1,2237,0.96523595)
Operation.Red.Sea.2018__#0-25-36_0-26-03_label_G-0-0.mp4|0.95572764|(1,648,0.95572764)
v=q_DhkdHGXos__#1_label_B1-0-0.mp4|0.0016241604|(2,4001,0.0016241604,638,4638,0.0002832124)
v=7QOdBpDrmKk__#00-01-00_00-02-45_label_B6-0-0.mp4|0.9999989|(1,2522,0.9999989)
Mission.Impossible.V.Rogue.Nation.2015__#01-54-23_01-55-10_label_B2-0-0.mp4|0.7411949|(1,1129,0.7411949)
v=xbPWQKZspfU__#1_label_B1-0-0.mp4|0.034752022|(2,4001,0.034752022,1034,5034,0.0015507606)
v=nLAapCIlr-o__#00-07-22_00-08-19_label_B6-0-0.mp4|0.99972624|(1,1370,0.99972624)
Kill.Bill.Vol.1.2003__#01-17-20_01-20-20_label_B1-0-0.mp4|0.0024243481|(2,4001,0.0007715649,321,4321,0.0024243481)
v=Dn_SDu22WpM__#00-08-35_00-10-05_label_B6-0-0.mp4|0.016392805|(1,2163,0.016392805)
v=-fOWSLV6Esw__#1_label_B4-0-0.mp4|0.02267694|(1,789,0.02267694)
Election.2005__#00-47-57_00-50-54_label_B5-0-0.mp4|9.718831e-05|(2,4001,2.5874438e-06,248,4248,9.718831e-05)
v=-kwNh1lMU-w__#1_label_B4-0-0.mp4|0.005145932|(2,4001,0.005145932,81,4081,0.0015905316)
v=6nfo9c7a5pE__#1_label_B1-0-0.mp4|0.0013847293|(1,1235,0.0013847293)
v=SMy2_qNO2Y0__#00-01-50_00-03-13_label_G-0-0.mp4|0.13429628|(1,1994,0.13429628)
v=Qc3pAEeK16A__#1_label_B1-0-0.mp4|0.31660798|(1,1409,0.31660798)
v=9CWJd1SezkA__#1_label_G-0-0.mp4|0.022143904|(1,700,0.022143904)
Tropa.de.Elite.2.2010__#01-33-01_01-33-30_label_B2-0-0.mp4|0.92385226|(1,698,0.92385226)
Mission.Impossible.V.Rogue.Nation.2015__#00-17-27_00-17-55_label_B2-0-0.mp4|0.0017272425|(1,673,0.0017272425)
v=tP19WuyY3IY__#00-00-00_00-00-51_label_B6-0-0.mp4|0.9982399|(1,1226,0.9982399)
Operation.Red.Sea.2018__#0-16-06_0-16-46_label_G-0-0.mp4|0.003293023|(1,960,0.003293023)
The.Bourne.Ultimatum.2007__#01-44-02_01-44-11_label_B2-0-0.mp4|0.02211633|(1,217,0.02211633)
Operation.Red.Sea.2018__#0-56-26_0-57-10_label_G-0-0.mp4|0.99927443|(1,1056,0.99927443)
Lord.of.War__#01-41-04_01-41-53_label_B1-0-0.mp4|0.0016484987|(1,1177,0.0016484987)
v=wVey5JDRf_g__#00-01-30_00-02-41_label_B6-0-0.mp4|0.8082737|(1,1706,0.8082737)
v=1io9Uh54Vhg__#1_label_B4-0-0.mp4|0.22004141|(1,1980,0.22004141)
v=Q6zIX29HkSo__#1_label_B4-0-0.mp4|0.99576265|(1,2145,0.99576265)
v=BzwNU2xmT64__#00-04-10_00-06-09_label_B6-0-0.mp4|0.9984315|(1,2858,0.9984315)
v=iHuggczItBk__#00-03-00_00-03-55_label_B6-0-0.mp4|0.99328196|(1,1322,0.99328196)
v=nLAapCIlr-o__#00-16-10_00-18-09_label_B6-0-0.mp4|0.9999168|(1,2858,0.9999168)
Ip.Man.3.2015__#00-44-45_00-45-08_label_B1-0-0.mp4|0.0016358023|(1,552,0.0016358023)
Black.Hawk.Down.2001__#01-13-59_01-14-49_label_B2-0-0.mp4|0.06908059|(1,1201,0.06908059)
v=3zgaqeVSXuI__#1_label_B4-0-0.mp4|0.20500937|(1,1953,0.20500937)
Young.And.Dangerous.I.1996__#0-46-57_0-48-57_label_B1-0-0.mp4|0.02005465|(1,2881,0.02005465)
v=8tqeeBGjnPg__#00-03-12_00-04-15_label_B6-0-0.mp4|0.99998426|(1,1515,0.99998426)
v=iWfUqxibqG0__#1_label_G-0-0.mp4|0.9973883|(1,631,0.9973883)
v=Ia9ATKNeUbY__#00-04-19_00-05-11_label_B6-0-0.mp4|0.8774328|(1,1250,0.8774328)
v=UK2w9Sh47fM__#1_label_G-0-0.mp4|0.974031|(1,1198,0.974031)
Salt.2010__#00-17-40_00-18-16_label_B1-0-0.mp4|0.99878925|(1,865,0.99878925)
v=2Rr21qkZEDQ__#00-03-00_00-04-09_label_B6-0-0.mp4|0.9993191|(1,1658,0.9993191)
Skyfall.2012__#01-20-05_01-20-20_label_B1-B2-0.mp4|0.99546885|(1,361,0.99546885)
Bullet.in.the.Head.1990__#00-41-30_00-44-16_label_B4-G-0.mp4|0.0061359867|(1,3986,0.0061359867)
v=5Tnl7_8RqlA__#00-11-00_00-12-45_label_B6-0-0.mp4|0.9999465|(1,2522,0.9999465)
v=BXR3d22BhHs__#00-06-00_00-07-00_label_B4-0-0.mp4|0.4003269|(1,1443,0.4003269)
The.Fast.and.the.Furious.2001__#00-52-18_00-53-36_label_B1-0-0.mp4|0.00010314273|(1,1873,0.00010314273)
v=gENp4SyNxkI__#1_label_B1-0-0.mp4|0.11372129|(1,1275,0.11372129)
v=YANmwpkuWRo__#1_label_G-0-0.mp4|0.0059464895|(1,1080,0.0059464895)
v=96N4XAJ7FKM__#1_label_B1-0-0.mp4|0.009988054|(2,4001,0.00095555483,860,4860,0.009988054)
Mission.Impossible.II.2000__#01-38-25_01-38-41_label_B2-B5-0.mp4|0.8999472|(1,385,0.8999472)
v=15wDrZJQpsw__#00-00-00_00-00-51_label_B6-0-0.mp4|0.9981565|(1,1226,0.9981565)
Skyfall.2012__#01-57-40_01-58-00_label_B2-0-0.mp4|0.99167025|(1,481,0.99167025)
Spectre.2015__#02-15-30_02-16-05_label_G-0-0.mp4|0.96870226|(1,842,0.96870226)
GoldenEye.1995__#00-10-00_00-10-40_label_G-0-0.mp4|0.7818055|(1,961,0.7818055)
v=0yHBkMBE8r4__#1_label_B1-0-0.mp4|0.68315625|(2,4001,0.1612398,1162,5162,0.68315625)
Bad.Boys.1995__#01-33-51_01-34-37_label_B2-0-0.mp4|0.99996805|(1,1104,0.99996805)
v=YKtw6uLEGps__#1_label_B4-0-0.mp4|0.9972445|(1,2934,0.9972445)
v=cO1UefhG7AY__#1_label_G-0-0.mp4|0.050541118|(2,4001,0.033286344,574,4574,0.050541118)
v=Lt9M_tSij_4__#00-00-00_00-04-24_label_B6-0-0.mp4|0.89841586|(2,4001,0.7198083,2336,6336,0.89841586)
v=kVl-6-A9ZO4__#00-08-01_00-09-35_label_B6-0-0.mp4|0.8436938|(1,2259,0.8436938)
v=X6Tbn8_X-Os__#1_label_B1-0-0.mp4|0.15307795|(2,4001,0.15307795,899,4899,3.7216614e-05)
v=BQjKQbYgUBA__#1_label_B1-0-0.mp4|8.8226996e-05|(1,3423,8.8226996e-05)
Skyfall.2012__#02-08-44_02-09-17_label_B1-0-0.mp4|0.99881834|(1,793,0.99881834)
Deadpool.2016__#0-18-58_0-19-20_label_B1-0-0.mp4|0.06637893|(1,529,0.06637893)
v=zQbnQBCTSiA__#1_label_B1-0-0.mp4|0.36692154|(2,4001,0.007212171,1695,5695,0.36692154)
v=Hnfy9XhlIPM__#1_label_B4-0-0.mp4|0.65621984|(2,4001,0.65621984,661,4661,0.418409)
v=ZkUciDD55kA__#00-00-00_00-00-30_label_G-0-0.mp4|0.99653625|(1,722,0.99653625)
v=MqrNCb2N5to__#1_label_B1-0-0.mp4|0.00010802916|(1,2533,0.00010802916)
v=_5Kmb4tqMxs__#1_label_B4-0-0.mp4|0.803275|(1,1305,0.803275)
Taken.2.UNRATED.EXTENDED.2012__#01-06-28_01-06-49_label_B2-0-0.mp4|0.9954503|(1,505,0.9954503)
Mission.Impossible.V.Rogue.Nation.2015__#01-19-48_01-20-20_label_B6-0-0.mp4|0.9997181|(1,770,0.9997181)
Yellow.Sea.2010__#01-04-00_01-04-50_label_B1-0-0.mp4|0.9347527|(1,1200,0.9347527)
v=HSisjzLESak__#00-00-00_00-00-51_label_B6-0-0.mp4|0.675329|(1,1226,0.675329)
Operation.Red.Sea.2018__#01-37-22_01-37-36_label_G-B2-0.mp4|0.99980515|(1,336,0.99980515)
Shoot.Em.Up.2007__#00-56-56_00-57-15_label_B2-0-0.mp4|0.6699855|(1,457,0.6699855)
v=jYENhkzdpO8__#00-00-00_00-01-31_label_B6-0-0.mp4|0.99992204|(1,2186,0.99992204)
New.Kids.Turbo.2010__#00-50-13_00-50-34_label_B1-0-0.mp4|0.70680356|(1,504,0.70680356)
v=bDm2-1NZBLw__#1_label_B4-0-0.mp4|0.99894446|(1,2210,0.99894446)
Bullet.in.the.Head.1990__#00-23-31_00-24-40_label_G-0-0.mp4|0.05600969|(1,1657,0.05600969)
v=ZnFlL84K7HE__#00-27-53_00-34-45_label_B4-0-0.mp4|0.9949392|(3,4001,0.3487165,4000,8001,0.9949392,5890,9890,0.95337224)
City.of.God.2002__#01-24-10_01-25-10_label_B2-0-0.mp4|0.9973247|(1,1441,0.9973247)
v=ICnreR1hxP0__#1_label_B4-0-0.mp4|0.17838615|(2,4001,0.0056235734,328,4328,0.17838615)
v=2al4t5inObA__#1_label_B4-0-0.mp4|0.415861|(1,3582,0.415861)
v=3wxWNAM8Cso__#1_label_G-0-0.mp4|0.9860409|(2,4001,3.842453e-06,2063,6063,0.9860409)
v=pMtu7fOHdII__#1_label_B1-0-0.mp4|5.969168e-05|(1,1252,5.969168e-05)
Black.Hawk.Down.2001__#01-42-58_01-43-58_label_G-0-0.mp4|0.00012884116|(1,1441,0.00012884116)
v=ZoS8gm5OcOM__#00-07-50_00-08-55_label_B6-0-0.mp4|0.8634229|(1,1562,0.8634229)
v=tP19WuyY3IY__#00-06-10_00-07-51_label_B6-0-0.mp4|0.13400267|(1,2426,0.13400267)
v=CvMpD1yqfxI__#1_label_G-0-0.mp4|0.9199067|(1,873,0.9199067)
v=-etV57xZ4_I__#1_label_B4-0-0.mp4|0.7355248|(1,265,0.7355248)
Taken.Extended.Cut.2008__#00-50-45_00-51-04_label_B2-B6-0.mp4|0.97551686|(1,456,0.97551686)
v=UzxuX79xq4s__#1_label_B4-0-0.mp4|0.12766352|(2,4001,0.0037292764,1286,5286,0.12766352)
v=EH_QB6cm6BE__#1_label_G-0-0.mp4|0.186652|(1,658,0.186652)
Salt.2010__#01-12-05_01-12-32_label_B2-G-0.mp4|0.9994331|(1,649,0.9994331)
v=y1z12D5bx7c__#1_label_B4-0-0.mp4|0.9989411|(2,4001,0.9989411,850,4850,0.9984055)
v=1q5V6DKH3bw__#1_label_B4-0-0.mp4|0.8729313|(1,3029,0.8729313)
v=v-Plzx73K68__#1_label_B4-0-0.mp4|0.003868634|(1,1016,0.003868634)
Mission.Impossible.Fallout.2018__#02-03-50_02-04-35_label_B1-0-0.mp4|0.967197|(1,1080,0.967197)
v=ZCjNPgNu42g__#1_label_B4-0-0.mp4|0.00078203983|(1,3483,0.00078203983)
v=7QOdBpDrmKk__#00-10-30_00-10-51_label_B6-0-0.mp4|0.9992168|(1,506,0.9992168)
v=OE9t3XImErk__#1_label_B1-0-0.mp4|0.07375534|(1,557,0.07375534)
Sin.City.2005__#0-10-40_0-11-40_label_B2-0-0.mp4|6.6514e-05|(1,1441,6.6514e-05)
v=_YobflFU_HU__#00-06-10_00-07-51_label_B6-0-0.mp4|0.99981993|(1,2426,0.99981993)
Casino.Royale.2006__#01-17-29_01-17-46_label_B1-0-0.mp4|0.4157607|(1,409,0.4157607)
The.Fast.and.the.Furious.2001__#00-29-00_00-29-52_label_B2-G-0.mp4|0.00947448|(1,1249,0.00947448)
v=2jwO15SMyuo__#1_label_B4-0-0.mp4|0.9907589|(1,2376,0.9907589)
Rush.Hour.3.2007.BluRay__#00-40-56_00-41-52_label_B2-0-0.mp4|0.0028236504|(1,1345,0.0028236504)
v=uQY15O3LKI0__#1_label_B6-0-0.mp4|0.0050166044|(1,3970,0.0050166044)
v=iegHZ_UWWsA__#00-14-05_00-20-33_label_B4-0-0.mp4|0.7305388|(3,4001,0.7305388,4000,8001,0.7141837,5314,9314,0.15806203)
God.Bless.America.2011__#00-38-25_00-39-37_label_B2-B5-0.mp4|0.00046021066|(1,1729,0.00046021066)
Bullet.in.the.Head.1990__#01-45-21_01-46-20_label_B2-0-0.mp4|0.0018691424|(1,1417,0.0018691424)
Taken.2.UNRATED.EXTENDED.2012__#01-00-00_01-00-16_label_B2-0-0.mp4|0.9738178|(1,385,0.9738178)
v=Ia9ATKNeUbY__#00-05-19_00-06-09_label_B6-0-0.mp4|0.9943514|(1,1202,0.9943514)
v=Q-u3Y9TkZhQ__#1_label_B4-0-0.mp4|0.102584794|(1,1036,0.102584794)
v=uprb6aBzymw__#00-03-03_00-05-13_label_B4-0-0.mp4|0.0017352368|(1,3121,0.0017352368)
v=cuUK-3MNqtw__#1_label_B1-0-0.mp4|0.0003572968|(1,2063,0.0003572968)
Fast.Five.2011__#00-32-05_00-32-24_label_B1-B2-0.mp4|0.9978574|(1,457,0.9978574)
Kingsman.The.Golden.Circle.2017__#00-35-55_00-36-35_label_B1-0-0.mp4|0.98267925|(1,962,0.98267925)
The.Hurt.Locker.2008__#01-27-42_01-28-09_label_G-0-0.mp4|0.9933606|(1,649,0.9933606)
Fast.Furious.6.2013__#01-38-33_01-39-20_label_B1-0-0.mp4|0.3743922|(1,1129,0.3743922)
v=u5SF4SlqNDQ__#00-02-39_00-03-41_label_G-0-0.mp4|0.7721922|(1,1491,0.7721922)
Tropa.de.Elite.2.2010__#00-13-41_00-14-56_label_B4-0-0.mp4|0.77922285|(1,1801,0.77922285)
Fast.Five.2011__#00-01-41_00-01-57_label_B6-0-0.mp4|0.999571|(1,385,0.999571)
Taken.Extended.Cut.2008__#00-33-51_00-34-03_label_B1-0-0.mp4|0.99685526|(1,289,0.99685526)
Taken.2.UNRATED.EXTENDED.2012__#00-45-50_00-46-20_label_G-0-0.mp4|0.01371906|(1,722,0.01371906)
Shoot.Em.Up.2007__#00-32-40_00-35-10_label_B2-0-0.mp4|0.98589075|(1,3601,0.98589075)
Saving.Private.Ryan.1998__#02-23-00_02-23-28_label_B1-0-0.mp4|0.9992772|(1,673,0.9992772)
The.World.Is.Not.Enough.1999__#00-10-22_00-10-40_label_G-0-0.mp4|0.87328815|(1,433,0.87328815)
Skyfall.2012__#00-06-10_00-06-25_label_B6-0-0.mp4|0.99868625|(1,361,0.99868625)
v=9Ydg5IeZpFI__#1_label_B1-0-0.mp4|0.03991553|(2,4001,0.025827648,621,4621,0.03991553)
Taken.3.2014__#01-19-13_01-19-30_label_B1-0-0.mp4|0.99594265|(1,409,0.99594265)
v=oipd63DGadU__#1_label_B1-0-0.mp4|0.00018886659|(1,1398,0.00018886659)
Mission.Impossible.III.2006__#00-19-56_00-20-26_label_B2-0-0.mp4|0.9996393|(1,721,0.9996393)
v=m8EkFsaGPzU__#1_label_B4-0-0.mp4|0.76392174|(2,4001,0.0072090947,1703,5703,0.76392174)
Sin.City.2005__#0-29-34_0-29-56_label_B2-0-0.mp4|0.3427708|(1,529,0.3427708)
Sin.City.2005__#01-51-59_01-52-29_label_B2-0-0.mp4|0.9750666|(1,721,0.9750666)
Death.Proof.2007__#01-40-41_01-42-17_label_B5-B6-0.mp4|0.43805704|(1,2305,0.43805704)
v=k98yVPXiYoU__#1_label_G-0-0.mp4|0.9522374|(1,736,0.9522374)
Young.And.Dangerous.IV.1997__#01-32-04_01-32-58_label_B1-0-0.mp4|0.00024623307|(1,1297,0.00024623307)
v=V7FtjJStY1M__#1_label_G-0-0.mp4|0.020001905|(1,360,0.020001905)
v=CczYDDDf22A__#1_label_G-0-0.mp4|0.9814636|(1,679,0.9814636)
v=2WkuPNLfl5s__#1_label_B4-0-0.mp4|0.8283052|(1,1242,0.8283052)
Fast.Furious.2009__#01-18-00_01-19-00_label_B2-B6-0.mp4|0.0135787465|(1,1441,0.0135787465)
v=GI49YSCruwY__#1_label_B4-0-0.mp4|0.21869609|(1,3032,0.21869609)
Salt.2010__#01-06-27_01-07-07_label_G-B2-0.mp4|0.99124616|(1,962,0.99124616)
v=CcD-YNlkMPY__#1_label_G-0-0.mp4|1.3584446e-07|(1,1996,1.3584446e-07)
v=zoIn2hOrUIM__#00-01-00_00-02-45_label_B6-0-0.mp4|0.99992836|(1,2522,0.99992836)
v=TsuuRo6PEXM__#1_label_B1-0-0.mp4|0.8824249|(2,4001,0.8824249,343,4343,0.3227859)
v=bfOlheR5nUQ__#00-04-33_00-06-02_label_B4-0-0.mp4|0.999731|(1,2138,0.999731)
Spectre.2015__#00-44-05_00-44-40_label_B1-B2-0.mp4|0.026741853|(1,841,0.026741853)
Haywire.2011__#01-20-20_01-21-57_label_B1-0-0.mp4|0.9229852|(1,2329,0.9229852)
v=osjdmjNJUdg__#1_label_B1-0-0.mp4|0.10768589|(1,2320,0.10768589)
Saving.Private.Ryan.1998__#02-23-58_02-24-18_label_G-0-0.mp4|0.97712654|(1,481,0.97712654)
Jason.Bourne.2016__#0-29-48_0-30-29_label_B4-0-0.mp4|0.30010137|(1,985,0.30010137)
Braveheart.1995__#01-26-50_01-32-30_label_B1-0-0.mp4|0.9990012|(3,4001,0.9990012,4000,8001,0.9942524,4161,8161,0.98668903)
v=wG-2t0M8CPc__#1_label_B1-0-0.mp4|0.0004152752|(1,2073,0.0004152752)
v=FRj2K0ulD8Q__#00-00-00_00-00-57_label_B4-0-0.mp4|0.97770077|(1,1370,0.97770077)
v=15wDrZJQpsw__#00-09-00_00-10-55_label_B6-0-0.mp4|0.98406744|(1,2762,0.98406744)
v=OOjjPGN8jSU__#1_label_B6-0-0.mp4|0.0050339806|(2,4001,0.002574693,1918,5918,0.0050339806)
The.Hurt.Locker.2008__#0-19-22_0-22-32_label_B2-B1-0.mp4|0.59950906|(2,4001,0.59950906,561,4561,0.025505224)
Bullet.in.the.Head.1990__#01-26-30_01-27-34_label_B2-0-0.mp4|0.09965489|(1,1537,0.09965489)
Fast.Furious.2009__#00-42-10_00-42-41_label_B6-0-0.mp4|0.8993283|(1,745,0.8993283)
Taken.3.2014__#01-12-48_01-14-30_label_B2-B1-0.mp4|0.017376008|(1,2449,0.017376008)
v=g2v3EkBj9Zc__#1_label_B4-0-0.mp4|0.94426113|(1,764,0.94426113)
v=UYFR-XbyZQc__#00-01-19_00-02-42_label_G-0-0.mp4|0.92494863|(1,1992,0.92494863)
Haywire.2011__#00-16-07_00-16-49_label_B1-0-0.mp4|0.00048180725|(1,1008,0.00048180725)
v=ntaXjnpusxM__#1_label_G-0-0.mp4|0.42960808|(1,688,0.42960808)
v=3xkwZk44VQs__#1_label_B4-0-0.mp4|0.29865277|(1,2517,0.29865277)
Brick.Mansions.2014__#01-02-00_01-02-43_label_B2-0-0.mp4|0.71071446|(1,1032,0.71071446)
v=rAlZRFZTwxM__#00-03-13_00-07-08_label_G-0-0.mp4|0.00015486286|(2,4001,0.00015486286,1641,5641,2.812615e-06)
v=UK--hvgP2uY__#1_label_G-0-0.mp4|0.053243738|(1,2605,0.053243738)
v=yy-KIWDcBr4__#00-16-10_00-17-19_label_B6-0-0.mp4|0.72418386|(1,1658,0.72418386)
v=k_cvJa1kNaM__#1_label_B4-0-0.mp4|0.0015261526|(2,4001,2.6403387e-07,1628,5628,0.0015261526)
Deadpool.2.2018__#0-50-30_0-51-20_label_B1-0-0.mp4|0.67395526|(1,1201,0.67395526)
v=9Jk2sIp5MRQ__#1_label_G-0-0.mp4|0.899859|(1,568,0.899859)
v=Q7NpJXOTiMY__#1_label_G-0-0.mp4|0.9759966|(1,1628,0.9759966)
IP.Man.2.2010__#01-35-55_01-39-11_label_B1-0-0.mp4|0.00071858696|(2,4001,3.500579e-05,704,4704,0.00071858696)
The.World.Is.Not.Enough.1999__#00-07-04_00-07-45_label_G-B2-0.mp4|0.9861712|(1,984,0.9861712)
Desperado.1995__#01-14-11_01-17-28_label_B2-G-0.mp4|0.3387617|(2,4001,0.006371922,729,4729,0.3387617)
City.Of.Men.2007__#00-57-37_00-58-27_label_B2-0-0.mp4|0.023231978|(1,1200,0.023231978)
v=eqtJjxsTgtg__#1_label_G-0-0.mp4|0.8668697|(1,1194,0.8668697)
v=BXR3d22BhHs__#00-07-00_00-08-00_label_B4-0-0.mp4|3.7704813e-05|(1,1443,3.7704813e-05)
v=yvnj5VIDsNI__#1_label_B4-0-0.mp4|0.9917209|(2,4001,0.9917209,890,4890,0.042501975)
v=ONsmJAyFAAw__#1_label_G-0-0.mp4|0.92825407|(1,1563,0.92825407)
v=qqsd-cZr01k__#00-06-10_00-07-19_label_B6-0-0.mp4|0.9988846|(1,1658,0.9988846)
Rush.Hour.1998.BluRay__#00-08-08_00-09-15_label_B2-B6-G.mp4|0.99381375|(1,1609,0.99381375)
Sin.City.2005__#0-43-45_0-44-01_label_B2-0-0.mp4|0.8096224|(1,385,0.8096224)
v=rJz4NXm6vis__#1_label_B4-0-0.mp4|0.9575773|(1,1892,0.9575773)
The.Bourne.Ultimatum.2007__#01-26-27_01-28-03_label_B2-B6-0.mp4|0.9984169|(1,2305,0.9984169)
v=73uRcX0Dvfc__#00-00-00_00-01-51_label_B6-G-0.mp4|0.9993038|(1,2666,0.9993038)
GoldenEye.1995__#00-24-53_00-25-06_label_B1-0-0.mp4|0.5388241|(1,313,0.5388241)
v=gsz_P8t-KM4__#1_label_B4-0-0.mp4|0.26897907|(3,4001,0.00070533,4000,8001,0.025776576,5741,9741,0.26897907)
v=PWBZiM-rkoE__#1_label_G-0-0.mp4|2.8961188e-06|(1,2711,2.8961188e-06)
v=J_ZsNd97wXw__#1_label_G-0-0.mp4|0.99279565|(1,1204,0.99279565)
Saving.Private.Ryan.1998__#02-16-58_02-17-13_label_G-0-0.mp4|0.976127|(1,361,0.976127)
v=CoxsDkB-rWU__#00-07-06_00-10-30_label_B4-0-0.mp4|0.9996457|(2,4001,0.9996457,898,4898,0.9991072)
Fast.Furious.2009__#00-21-06_00-21-57_label_B6-B2-0.mp4|0.0016373706|(1,1225,0.0016373706)
v=wVey5JDRf_g__#00-00-00_00-01-20_label_B6-0-0.mp4|0.32596335|(1,1922,0.32596335)
Shoot.Em.Up.2007__#00-53-25_00-56-47_label_B2-0-0.mp4|0.0017342706|(2,4001,0.00022610923,850,4850,0.0017342706)
Deadpool.2.2018__#0-04-46_0-05-01_label_B2-0-0.mp4|0.43101203|(1,361,0.43101203)
v=0qtIjyt-7wg__#00-01-00_00-02-45_label_B6-0-0.mp4|0.9998425|(1,2522,0.9998425)
v=wnd3IYH7x1o__#1_label_G-0-0.mp4|0.99992883|(1,1139,0.99992883)
v=Dh-3BlhAOnE__#00-00-00_00-13-36_label_B4-0-0.mp4|0.9964728|(5,4001,0.00021709022,4000,8001,0.037782423,8000,12001,0.0029884938,12000,16001,0.8525373,15586,19586,0.9964728)
v=waIS8TaJxts__#00-09-00_00-10-45_label_B6-0-0.mp4|0.9789097|(1,2522,0.9789097)
Ip.Man.2008__#01-14-31_01-15-24_label_B1-0-0.mp4|0.7107901|(1,1274,0.7107901)
v=8oTjTufJnXI__#1_label_G-0-0.mp4|0.99981374|(1,2694,0.99981374)
v=3y2OOc6WTrg__#1_label_B1-0-0.mp4|0.16142155|(2,4001,0.16142155,352,4352,0.052612107)
v=k7R_Qo-BiAw__#00-10-30_00-10-51_label_B6-0-0.mp4|0.9999933|(1,506,0.9999933)
Love.Death.and.Robots.S01E13__#0-11-48_0-12-07_label_G-0-0.mp4|0.9743319|(1,456,0.9743319)
Braveheart.1995__#02-07-00_02-08-15_label_B1-0-0.mp4|0.98675644|(1,1802,0.98675644)
Saving.Private.Ryan.1998__#02-20-00_02-20-13_label_G-0-0.mp4|0.9982318|(1,313,0.9982318)
v=yy-KIWDcBr4__#00-08-35_00-10-25_label_B6-0-0.mp4|0.9997726|(1,2642,0.9997726)
v=vhACO_m5pH0__#00-14-42_00-15-40_label_B6-0-0.mp4|0.05992323|(1,1394,0.05992323)
v=7zEFHKKBA0g__#1_label_B4-0-0.mp4|0.0013568578|(2,4001,0.0013568578,420,4420,0.00035627777)
Saving.Private.Ryan.1998__#00-47-50_00-49-35_label_B2-0-0.mp4|0.9147585|(1,2521,0.9147585)
v=cEOM18n8fhU__#1_label_G-0-0.mp4|0.4750401|(1,2831,0.4750401)
v=aWPWHU8x6kE__#1_label_B4-0-0.mp4|0.9951946|(2,4001,0.00875989,829,4829,0.9951946)
v=yrpZJ8Vr3aA__#1_label_B1-0-0.mp4|0.007762659|(1,2354,0.007762659)
v=w16YmhAZ1_Y__#1_label_G-0-0.mp4|0.993566|(1,1480,0.993566)
v=1djrJ0wxlYo__#1_label_B4-0-0.mp4|0.4112792|(1,1536,0.4112792)
Casino.Royale.2006__#00-50-05_00-51-16_label_B1-B2-B6.mp4|0.93629795|(1,1705,0.93629795)
v=SE5fxK7SasU__#00-03-23_00-04-08_label_B4-0-0.mp4|0.21077515|(1,1082,0.21077515)
Operation.Red.Sea.2018__#0-29-36_0-30-20_label_B2-G-0.mp4|0.8484388|(1,1056,0.8484388)
v=7rDRFFSUrPI__#00-01-50_00-02-32_label_G-0-0.mp4|0.014613307|(1,1010,0.014613307)
Casino.Royale.2006__#01-46-40_01-47-14_label_B6-0-0.mp4|0.9299279|(1,817,0.9299279)
v=u0Tnw01PNxc__#1_label_B4-0-0.mp4|0.6927021|(1,1377,0.6927021)
v=ZoS8gm5OcOM__#00-06-20_00-07-30_label_B6-0-0.mp4|0.9992182|(1,1682,0.9992182)
Rush.Hour.1998.BluRay__#01-25-21_01-25-46_label_B2-0-0.mp4|0.8576942|(1,602,0.8576942)
Fast.Furious.6.2013__#01-03-25_01-04-59_label_B1-0-0.mp4|0.928938|(1,2256,0.928938)
Brick.Mansions.2014__#00-16-26_00-17-12_label_B1-0-0.mp4|0.68908197|(1,1104,0.68908197)
v=fIlmgvc-bUk__#1_label_B4-0-0.mp4|0.9942887|(1,1415,0.9942887)
v=GqMh_HBNWZE__#00-01-00_00-02-45_label_B6-0-0.mp4|0.9999156|(1,2522,0.9999156)
v=PuZy1PQIgrA__#1_label_B1-0-0.mp4|0.0029135922|(1,2816,0.0029135922)
v=OFxPTJxA5pg__#1_label_B4-0-0.mp4|0.008229538|(5,4001,2.9672745e-05,4000,8001,0.0004946337,8000,12001,0.008229538,12000,16001,4.862862e-05,13542,17542,4.035854e-05)
v=vhACO_m5pH0__#00-20-42_00-22-40_label_B6-0-0.mp4|0.014276793|(1,2834,0.014276793)
Mindhunters.2004__#01-19-00_01-20-05_label_B2-0-0.mp4|0.9987459|(1,1561,0.9987459)
v=RUjrMYWhLng__#1_label_B6-0-0.mp4|0.00036670998|(3,4001,0.00036670998,4000,8001,0.00016140999,6434,10434,7.3131094e-05)
v=iHuggczItBk__#00-01-00_00-02-45_label_B6-0-0.mp4|0.011956753|(1,2522,0.011956753)
v=GbMQ2CxeNHU__#1_label_B4-0-0.mp4|0.1351404|(2,4001,0.1351404,1490,5490,0.02201618)
v=ROrpKx3aIjA__#1_label_G-0-0.mp4|0.9984243|(1,1300,0.9984243)
v=abATVcjFumY__#1_label_G-0-0.mp4|0.0049168663|(1,1835,0.0049168663)
v=T-LH8Gv5zzY__#1_label_B4-0-0.mp4|0.9491941|(1,2426,0.9491941)
Sin.City.2005__#0-06-42_0-07-06_label_B1-0-0.mp4|0.023346245|(1,577,0.023346245)
Fast.Furious.6.2013__#00-45-40_00-47-13_label_B2-0-0.mp4|0.27488744|(1,2233,0.27488744)
v=X4I8FhpGJwo__#00-09-00_00-10-45_label_B6-0-0.mp4|0.989944|(1,2522,0.989944)
v=zI0q5UDP47g__#1_label_B4-0-0.mp4|0.23375829|(1,3603,0.23375829)
v=HSisjzLESak__#00-01-00_00-02-45_label_B6-0-0.mp4|0.993156|(1,2522,0.993156)
v=gbRIKogNZvE__#1_label_B4-0-0.mp4|0.034272745|(1,2990,0.034272745)
Fury.2014__#00-07-30_00-07-58_label_G-0-0.mp4|0.9369548|(1,673,0.9369548)
Haywire.2011__#00-03-51_00-05-12_label_B1-B2-0.mp4|0.5518034|(1,1945,0.5518034)
v=8ewWXhYRUNs__#1_label_B1-0-0.mp4|0.5772052|(1,1369,0.5772052)
v=JfLYNEsrTew__#1_label_G-0-0.mp4|0.00017215723|(1,750,0.00017215723)
GoldenEye.1995__#02-03-40_02-04-13_label_G-0-0.mp4|0.013337146|(1,794,0.013337146)
Deadpool.2.2018__#01-03-09_01-03-54_label_B4-0-0.mp4|0.37634403|(1,1081,0.37634403)
v=sE-DC2trBkI__#00-01-00_00-02-45_label_B6-0-0.mp4|0.99965155|(1,2522,0.99965155)
v=QWwDsPSe7iM__#1_label_B4-0-0.mp4|0.21694516|(1,2334,0.21694516)
v=rKpXqwE2rg8__#00-01-57_00-03-06_label_B4-0-0.mp4|0.6598969|(1,1658,0.6598969)
v=qqsd-cZr01k__#00-01-00_00-02-45_label_B6-0-0.mp4|0.14932264|(1,2522,0.14932264)
v=waIS8TaJxts__#00-07-40_00-08-50_label_B6-0-0.mp4|0.9999907|(1,1682,0.9999907)
Jason.Bourne.2016__#0-50-20_0-50-30_label_G-0-0.mp4|0.99957484|(1,241,0.99957484)
v=8oJMGgaww70__#1_label_B4-0-0.mp4|0.99125355|(1,3595,0.99125355)
Mission.Impossible.Ghost.Protocol.2011__#01-12-38_01-13-43_label_B1-0-0.mp4|0.12998608|(1,1561,0.12998608)
v=3e3C-LQWF2s__#1_label_B1-0-0.mp4|0.001578371|(2,4001,0.0009816927,421,4421,0.001578371)
v=yDqThVpu1AM__#1_label_B4-0-0.mp4|0.00037623526|(1,744,0.00037623526)
v=u5SF4SlqNDQ__#00-00-00_00-01-00_label_G-0-0.mp4|1.0041109e-06|(1,1442,1.0041109e-06)
v=DD3jfKr8e-k__#00-00-00_00-01-40_label_B4-0-0.mp4|0.0005925476|(1,2402,0.0005925476)
Bullet.in.the.Head.1990__#00-17-20_00-18-55_label_B1-0-0.mp4|2.5004595e-06|(1,2281,2.5004595e-06)
v=CFfc4UWzVB8__#00-00-00_00-00-30_label_B4-0-0.mp4|0.009506039|(1,722,0.009506039)
v=251___mEwZA__#1_label_B1-0-0.mp4|0.0033103107|(2,4001,0.0028894243,577,4577,0.0033103107)
v=FRj2K0ulD8Q__#00-04-16_00-06-05_label_B4-0-0.mp4|0.48272613|(1,2618,0.48272613)
v=_BgJEXQkjNQ__#1_label_G-0-0.mp4|0.99964976|(3,4001,0.050053764,4000,8001,0.99964976,4139,8139,0.9608923)
v=waIS8TaJxts__#00-01-30_00-02-45_label_B6-0-0.mp4|0.22612697|(1,1802,0.22612697)
v=Y43UkfAe_bc__#00-00-00_00-01-40_label_B4-0-0.mp4|0.9957183|(1,2402,0.9957183)
v=tT-SrQC6Ddw__#00-04-00_00-05-15_label_B6-0-0.mp4|0.03327363|(1,1800,0.03327363)
v=qrKfaX1lCUM__#1_label_G-0-0.mp4|0.0030201252|(2,4001,0.0030201252,3409,7409,5.1846027e-06)
The.Bourne.Identity.2002__#0-19-53_0-21-48_label_B1-0-0.mp4|0.073312595|(1,2761,0.073312595)
Desperado.1995__#00-38-36_00-39-21_label_B1-B2-0.mp4|0.79306865|(1,1081,0.79306865)
Spectre.2015__#02-02-57_02-03-27_label_B1-B2-0.mp4|0.97707456|(1,722,0.97707456)
v=PRH5rYUHoVU__#00-00-25_00-02-50_label_B6-0-0.mp4|0.99867815|(1,3480,0.99867815)
Fast.Furious.2009__#01-29-10_01-29-55_label_B2-0-0.mp4|0.007197521|(1,1080,0.007197521)
The.Bourne.Identity.2002__#01-45-00_01-45-46_label_B1-0-0.mp4|0.048075352|(1,1104,0.048075352)
v=KUeUxbsBO6s__#1_label_B1-0-0.mp4|0.0004081256|(1,2748,0.0004081256)
Spectre.2015__#01-32-55_01-35-40_label_B1-B2-0.mp4|0.992896|(1,3962,0.992896)
v=2Rr21qkZEDQ__#00-14-10_00-16-09_label_B6-0-0.mp4|0.8013257|(1,2858,0.8013257)
v=J67oj92maC0__#1_label_G-0-0.mp4|0.99942845|(2,4001,0.9986656,673,4673,0.99942845)
v=aQ3qMpgZjwg__#00-00-00_00-01-48_label_B4-0-0.mp4|0.018136358|(1,2593,0.018136358)
Quantum.Of.Solace.2008__#01-30-26_01-30-42_label_B2-B1-0.mp4|0.4249772|(1,384,0.4249772)
Sin.City.2005__#0-22-04_0-22-18_label_B5-0-0.mp4|0.0330766|(1,337,0.0330766)
Fast.Five.2011__#01-29-27_01-32-05_label_B1-0-0.mp4|0.9319639|(1,3793,0.9319639)
Taken.3.2014__#01-09-26_01-09-54_label_G-0-0.mp4|0.2623779|(1,674,0.2623779)
God.Bless.America.2011__#01-32-00_01-32-50_label_B2-0-0.mp4|0.291102|(1,1201,0.291102)
v=afhttnv46Y4__#1_label_B1-0-0.mp4|0.019201351|(1,2500,0.019201351)
v=EOAfl8yMiN8__#00-00-00_00-00-51_label_B6-0-0.mp4|0.9991192|(1,1226,0.9991192)
Black.Hawk.Down.2001__#01-32-40_01-34-00_label_B4-0-0.mp4|0.7939358|(1,1921,0.7939358)
v=35zynOrkvMk__#1_label_G-0-0.mp4|0.020050425|(1,365,0.020050425)
Mission.Impossible.II.2000__#01-18-55_01-20-53_label_B2-0-0.mp4|9.420044e-06|(1,2833,9.420044e-06)
Young.And.Dangerous.IV.1997__#01-07-50_01-09-45_label_B1-0-0.mp4|0.012880798|(1,2761,0.012880798)
v=vaSOMEIe1Bg__#1_label_G-0-0.mp4|0.5424416|(1,1385,0.5424416)
Sin.City.2005__#0-32-00_0-32-16_label_B2-0-0.mp4|0.009591416|(1,384,0.009591416)
Kill.Bill.Vol.1.2003__#01-21-39_01-26-55_label_B1-0-0.mp4|0.007546274|(2,4001,0.00069482904,3585,7585,0.007546274)
Mission.Impossible.II.2000__#01-29-30_01-29-44_label_B1-0-0.mp4|0.9829674|(1,337,0.9829674)
v=38GQ9L2meyE__#1_label_B6-0-0.mp4|0.0015429454|(2,4001,0.0008017913,650,4650,0.0015429454)
v=HSisjzLESak__#00-07-40_00-08-50_label_B6-0-0.mp4|0.99975103|(1,1682,0.99975103)
Spectre.2015__#01-10-35_01-10-53_label_B2-0-0.mp4|0.24263027|(1,433,0.24263027)
Ip.Man.2008__#00-48-57_00-50-47_label_B1-0-0.mp4|3.1545242e-06|(1,2641,3.1545242e-06)
Yellow.Sea.2010__#01-58-30_01-59-27_label_B5-0-0.mp4|0.2772165|(1,1369,0.2772165)
City.of.God.2002__#00-37-20_00-38-02_label_B5-0-0.mp4|0.0023760386|(1,1009,0.0023760386)
v=BFPkt0AuSFA__#1_label_B4-0-0.mp4|0.9999511|(1,3380,0.9999511)
Haywire.2011__#00-39-07_00-41-48_label_B1-B2-0.mp4|0.006208084|(1,3865,0.006208084)
v=Z12t5h2mBJc__#1_label_B1-0-0.mp4|0.09683554|(2,4001,0.09683554,1047,5047,0.008020153)
Taken.2.UNRATED.EXTENDED.2012__#00-13-42_00-14-16_label_B5-0-0.mp4|0.32351217|(1,818,0.32351217)
v=fhiAyxpDQMU__#1_label_B4-0-0.mp4|0.07548793|(1,3985,0.07548793)
Jason.Bourne.2016__#0-17-25_0-18-53_label_B4-0-0.mp4|0.9808117|(1,2112,0.9808117)
Ip.Man.3.2015__#00-17-51_00-18-51_label_B1-0-0.mp4|0.0234986|(1,1440,0.0234986)
Death.Proof.2007__#00-45-05_00-47-36_label_B5-0-0.mp4|0.046720617|(1,3625,0.046720617)
v=nLAapCIlr-o__#00-08-35_00-10-25_label_B6-0-0.mp4|0.9364429|(1,2642,0.9364429)
v=CUr-Mg8Hmh0__#1_label_G-0-0.mp4|8.660207e-05|(2,4001,2.653795e-05,1043,5043,8.660207e-05)
The.Bourne.Legacy.2012__#0-39-56_0-40-15_label_G-0-0.mp4|0.92028487|(1,457,0.92028487)
v=0qtIjyt-7wg__#00-04-00_00-05-15_label_B6-0-0.mp4|0.29047906|(1,1802,0.29047906)
v=DtxU8UYiFws__#1_label_G-0-0.mp4|0.0019686606|(1,1450,0.0019686606)
v=f6j3YWgVBto__#00-06-16_00-06-51_label_B6-0-0.mp4|0.00042968683|(1,840,0.00042968683)
Black.Hawk.Down.2001__#02-00-12_02-01-29_label_B2-0-0.mp4|0.15711397|(1,1850,0.15711397)
v=X1arMZmYhsk__#00-13-00_00-14-09_label_B6-0-0.mp4|0.999936|(1,1658,0.999936)
Saving.Private.Ryan.1998__#02-25-42_02-26-03_label_B2-0-0.mp4|0.5090432|(1,505,0.5090432)
v=LJ0Pu5_Mefs__#1_label_G-0-0.mp4|0.99986994|(1,984,0.99986994)
The.Hurt.Locker.2008__#01-02-10_01-03-55_label_B2-0-0.mp4|0.884313|(1,2521,0.884313)
v=rXWOpZ7W2fA__#1_label_B1-0-0.mp4|0.9926807|(1,2796,0.9926807)
Casino.Royale.2006__#00-51-16_00-52-41_label_B1-B6-0.mp4|0.041123915|(1,2041,0.041123915)
Brick.Mansions.2014__#00-11-57_00-12-12_label_B2-0-0.mp4|0.009050546|(1,360,0.009050546)
The.Bourne.Identity.2002__#01-27-39_01-29-19_label_B2-0-0.mp4|0.80923605|(1,2400,0.80923605)
v=xe4ee56aHSg__#1_label_G-0-0.mp4|0.99704355|(1,532,0.99704355)
Desperado.1995__#00-16-48_00-18-52_label_B1-0-0.mp4|0.013902999|(1,2977,0.013902999)
v=6TR2rcgHm4g__#1_label_B4-0-0.mp4|0.7305392|(1,1621,0.7305392)
v=w2NgAYJHnS0__#1_label_G-0-0.mp4|0.06913325|(1,1011,0.06913325)
Sin.City.2005__#01-19-08_01-19-23_label_G-0-0.mp4|0.00013113116|(1,361,0.00013113116)
Braveheart.1995__#02-05-34_02-06-40_label_B1-0-0.mp4|0.99986863|(1,1585,0.99986863)
v=uBXprlsmd18__#00-06-10_00-07-19_label_B6-0-0.mp4|0.9938664|(1,1658,0.9938664)
Fast.Five.2011__#00-32-56_00-33-26_label_B2-0-0.mp4|0.99970895|(1,721,0.99970895)
v=YhCSFZNwfHc__#00-01-15_00-01-42_label_G-B2-0.mp4|0.8414081|(1,648,0.8414081)
Bullet.in.the.Head.1990__#02-02-00_02-05-22_label_B2-B6-G.mp4|0.99198264|(2,4001,0.96326315,849,4849,0.99198264)
v=7isLhaNYgkU__#1_label_B4-0-0.mp4|0.98979|(2,4001,0.98979,1706,5706,0.984901)
City.Of.Men.2007__#00-51-50_00-53-31_label_B2-0-0.mp4|0.98938143|(1,2425,0.98938143)
wangted.2008__#0-22-55_0-23-40_label_B2-0-0.mp4|0.013956655|(1,1081,0.013956655)
v=CLFYvG6MsZU__#00-02-16_00-05-06_label_B2-0-0.mp4|0.0021129388|(2,4001,4.92073e-05,83,4083,0.0021129388)
Bad.Boys.1995__#01-11-55_01-12-40_label_G-B2-B6.mp4|0.004813657|(1,1081,0.004813657)
GoldenEye.1995__#01-17-05_01-19-57_label_B2-B1-0.mp4|0.015920758|(2,4001,0.015920758,129,4129,0.0038166614)
Kill.Bill.Vol.2.2004__#0-25-20_0-26-20_label_B2-0-0.mp4|1.4149646e-05|(1,1441,1.4149646e-05)
v=wVey5JDRf_g__#00-04-09_00-05-06_label_B6-0-0.mp4|0.6407023|(1,1371,0.6407023)
v=tv0rI-5ycBU__#1_label_B4-0-0.mp4|0.99966526|(1,3249,0.99966526)
Yellow.Sea.2010__#01-05-40_01-06-47_label_B1-B2-0.mp4|0.98773175|(1,1609,0.98773175)
v=YdrISbwy_zI__#1_label_G-0-0.mp4|0.9999434|(1,1723,0.9999434)
v=pL2HjXvWuPc__#1_label_B1-0-0.mp4|0.00021358085|(2,4001,8.863666e-05,836,4836,0.00021358085)
v=7xQr5wYwNPg__#1_label_B4-0-0.mp4|0.14508736|(1,1121,0.14508736)
v=vv-MFJPi4Qs__#1_label_G-0-0.mp4|0.99987745|(1,1004,0.99987745)
Mission.Impossible.III.2006__#01-06-52_01-07-15_label_G-0-0.mp4|0.96350724|(1,553,0.96350724)
Mission.Impossible.V.Rogue.Nation.2015__#01-15-52_01-16-48_label_B6-B2-0.mp4|0.14794147|(1,1344,0.14794147)
Spectre.2015__#01-08-58_01-09-20_label_B1-B2-0.mp4|0.9126079|(1,529,0.9126079)
v=OB0-MXNPUIU__#1_label_B4-0-0.mp4|0.015605249|(2,4001,0.010914341,21,4021,0.015605249)
Kill.Bill.Vol.1.2003__#01-26-56_01-28-18_label_B1-0-0.mp4|0.8289532|(1,1969,0.8289532)
v=wPkBaI6vOv0__#00-00-00_00-01-00_label_G-0-0.mp4|0.99901223|(1,1442,0.99901223)
v=0qtIjyt-7wg__#00-00-00_00-00-51_label_B6-0-0.mp4|0.2773102|(1,1226,0.2773102)
v=S-7rRLrxnVQ__#1_label_B4-0-0.mp4|0.9971413|(1,3273,0.9971413)
Ip.Man.2008__#00-46-51_00-47-30_label_B1-0-0.mp4|0.94634|(1,937,0.94634)
City.of.God.2002__#01-52-20_01-54-32_label_B2-0-0.mp4|0.76169115|(1,3169,0.76169115)
v=vhACO_m5pH0__#00-09-42_00-10-40_label_B6-0-0.mp4|0.008470969|(1,1394,0.008470969)
Mission.Impossible.II.2000__#01-25-08_01-25-31_label_B2-0-0.mp4|0.9842918|(1,553,0.9842918)
Taken.2.UNRATED.EXTENDED.2012__#01-18-40_01-19-00_label_B1-0-0.mp4|0.9964497|(1,481,0.9964497)
v=bfOlheR5nUQ__#00-00-00_00-04-33_label_B4-0-0.mp4|0.8773949|(2,4001,0.10529482,2554,6554,0.8773949)
The.Fast.and.the.Furious.2001__#01-14-04_01-15-20_label_B1-0-0.mp4|0.049761023|(1,1825,0.049761023)
v=zoIn2hOrUIM__#00-06-10_00-07-19_label_B6-0-0.mp4|0.9999838|(1,1658,0.9999838)
Ip.Man.3.2015__#00-46-08_00-54-20_label_B1-0-0.mp4|0.12406278|(3,4001,1.47340215e-05,4000,8001,0.008187534,7808,11808,0.12406278)
v=D1eP4Bn4hDQ__#00-09-20_00-10-45_label_B6-0-0.mp4|0.99999404|(1,2040,0.99999404)
v=ADQNFs9bfFk__#00-00-00_00-00-58_label_B4-0-0.mp4|0.17240736|(1,1394,0.17240736)
Young.And.Dangerous.I.1996__#0-46-25_0-46-55_label_B6-0-0.mp4|0.95546377|(1,722,0.95546377)
v=NnmqkS1e88s__#1_label_B4-0-0.mp4|0.6302196|(1,1752,0.6302196)
v=hxyhulJYz5I__#00-06-09_00-07-00_label_B6-0-0.mp4|0.012894519|(1,1226,0.012894519)
v=Rc9EOFjtj0c__#1_label_B6-0-0.mp4|0.99876887|(1,3365,0.99876887)
Rush.Hour.3.2007.BluRay__#00-04-59_00-05-31_label_B2-0-0.mp4|0.014346642|(1,769,0.014346642)
v=WiS3TIvykeY__#1_label_B4-0-0.mp4|0.86746997|(1,1562,0.86746997)
Taken.3.2014__#01-04-50_01-05-05_label_B1-0-0.mp4|0.55338323|(1,361,0.55338323)
Young.And.Dangerous.III.1996__#00-23-00_00-25-54_label_B4-0-0.mp4|9.429967e-06|(2,4001,9.429967e-06,178,4178,1.2433296e-06)
v=78u9uBJBqIw__#1_label_B4-B5-0.mp4|0.0031082751|(1,3486,0.0031082751)
v=FRj2K0ulD8Q__#00-06-05_00-08-25_label_B4-0-0.mp4|0.007992444|(1,3339,0.007992444)
The.Hurt.Locker.2008__#0-08-45_0-09-57_label_G-0-0.mp4|0.19842692|(1,1729,0.19842692)
Bad.Boys.II.2003__#00-06-42_00-10-00_label_B2-G-0.mp4|0.94909215|(2,4001,0.94909215,753,4753,0.4017173)
v=EOAfl8yMiN8__#00-03-00_00-04-09_label_B6-0-0.mp4|0.99286413|(1,1658,0.99286413)
v=v_LxqgpRouM__#1_label_G-0-0.mp4|0.29299334|(1,889,0.29299334)
The.Bourne.Legacy.2012__#0-59-18_01-01-52_label_B2-B1-0.mp4|0.9976641|(1,3697,0.9976641)
v=p7kvQ4OpDgU__#1_label_B4-0-0.mp4|0.9980275|(1,1889,0.9980275)
v=sE-DC2trBkI__#00-09-00_00-10-05_label_B6-0-0.mp4|0.028387949|(1,1563,0.028387949)
v=vhACO_m5pH0__#00-17-42_00-18-40_label_B6-0-0.mp4|0.017548827|(1,1394,0.017548827)
wangted.2008__#0-45-25_0-47-01_label_B1-0-0.mp4|0.9826973|(1,2305,0.9826973)
v=AF9p0YA0hyA__#00-00-45_00-01-44_label_B4-0-0.mp4|0.006112486|(1,1418,0.006112486)
Tropa.de.Elite.2.2010__#00-42-00_00-43-00_label_B2-0-0.mp4|0.18720767|(1,1441,0.18720767)
v=DRGMajXo_PI__#00-02-15_00-03-02_label_G-0-0.mp4|0.99137187|(1,1130,0.99137187)
New.Kids.Turbo.2010__#00-22-35_00-23-14_label_B1-0-0.mp4|0.120181784|(1,936,0.120181784)
v=uBXprlsmd18__#00-03-00_00-04-09_label_B6-0-0.mp4|0.9523863|(1,1658,0.9523863)
Mission.Impossible.Ghost.Protocol.2011__#01-56-52_01-57-03_label_B1-0-0.mp4|0.582471|(1,264,0.582471)
v=pFamvR9CpYw__#00-06-36_00-15-20_label_B4-0-0.mp4|0.0849148|(4,4001,4.781839e-05,4000,8001,0.0034416395,8000,12001,0.0849148,8579,12579,0.00031444425)
v=tivXK3PGByk__#1_label_B1-0-0.mp4|0.52304137|(1,3690,0.52304137)
v=nLAapCIlr-o__#00-11-00_00-12-45_label_B6-0-0.mp4|0.99814904|(1,2522,0.99814904)
Mission.Impossible.II.2000__#01-32-56_01-33-25_label_B1-0-0.mp4|0.94799376|(1,697,0.94799376)
Mission.Impossible.Ghost.Protocol.2011__#00-01-18_00-01-40_label_B2-0-0.mp4|0.94859964|(1,529,0.94859964)
v=FfrXebzAwOg__#00-06-10_00-07-19_label_B6-0-0.mp4|0.0048291944|(1,1658,0.0048291944)
Mission.Impossible.Fallout.2018__#00-39-18_00-40-36_label_B1-0-0.mp4|0.00058668794|(1,1873,0.00058668794)
v=Q9Re4CnFJRg__#00-01-21_00-01-47_label_G-0-0.mp4|0.9451427|(1,624,0.9451427)
v=sE-DC2trBkI__#00-03-00_00-04-09_label_B6-0-0.mp4|0.99967134|(1,1658,0.99967134)
v=utQ5AvXtNLA__#1_label_B4-0-0.mp4|0.9056868|(1,1076,0.9056868)
v=waIS8TaJxts__#00-05-50_00-06-20_label_B6-0-0.mp4|0.9617381|(1,723,0.9617381)
Fast.Furious.2009__#00-25-59_00-26-25_label_B1-0-0.mp4|0.13028258|(1,625,0.13028258)
Love.Death.and.Robots.S01E15__#0-05-38_0-06-18_label_G-0-0.mp4|0.18691342|(1,960,0.18691342)
The.Fast.and.the.Furious.2001__#01-37-40_01-38-30_label_B6-0-0.mp4|0.98831475|(1,1201,0.98831475)
v=BpargJW29Wo__#00-00-50_00-01-30_label_B1-0-0.mp4|0.0010635366|(1,962,0.0010635366)
Operation.Red.Sea.2018__#01-20-58_01-22-00_label_B5-0-0.mp4|3.59049e-07|(1,1488,3.59049e-07)
v=O9g1uuI62m0__#1_label_B4-0-0.mp4|0.5205917|(2,4001,0.5205917,545,4545,0.0006440053)
v=U6MC8JJJZSY__#1_label_G-0-0.mp4|0.99857473|(1,1045,0.99857473)
Mission.Impossible.III.2006__#01-54-02_01-54-40_label_B2-0-0.mp4|0.8495457|(1,913,0.8495457)
v=qmsQ-obL1Z4__#00-03-26_00-04-04_label_B6-0-0.mp4|0.47610348|(1,912,0.47610348)
v=Ia9ATKNeUbY__#00-01-52_00-03-10_label_B6-0-0.mp4|0.99136376|(1,1874,0.99136376)
v=_tsSKAsVZfo__#1_label_B4-0-0.mp4|3.3104054e-05|(1,2534,3.3104054e-05)
v=iHuggczItBk__#00-04-00_00-04-55_label_B6-0-0.mp4|0.22990288|(1,1322,0.22990288)
v=sbEHU4GskX4__#1_label_B1-0-0.mp4|0.00018370363|(1,2832,0.00018370363)
IP.Man.2.2010__#00-07-14_00-09-13_label_B1-0-0.mp4|6.619901e-05|(1,2856,6.619901e-05)
Young.And.Dangerous.I.1996__#0-20-50_0-22-15_label_B1-0-0.mp4|0.08115239|(1,2041,0.08115239)
v=X4I8FhpGJwo__#00-07-40_00-08-50_label_B6-0-0.mp4|0.013040997|(1,1682,0.013040997)
v=qyTGi0N4OVg__#1_label_G-0-0.mp4|0.9832751|(1,1248,0.9832751)
v=vhACO_m5pH0__#00-10-42_00-11-40_label_B6-0-0.mp4|0.0015867439|(1,1394,0.0015867439)
Tropa.de.Elite.2.2010__#00-46-11_00-46-50_label_B2-0-0.mp4|0.13046356|(1,937,0.13046356)
v=5Ftl4nOSytc__#1_label_G-0-0.mp4|0.9999176|(1,2282,0.9999176)
GoldenEye.1995__#02-02-15_02-02-47_label_B1-0-0.mp4|0.92126024|(1,770,0.92126024)
Casino.Royale.2006__#00-18-30_00-19-20_label_G-B2-0.mp4|0.99799156|(1,1201,0.99799156)
Braveheart.1995__#00-56-30_00-57-20_label_B1-0-0.mp4|0.40477675|(1,1200,0.40477675)
v=0W8LohxH9nI__#1_label_B1-0-0.mp4|0.00010999177|(1,1413,0.00010999177)
Operation.Red.Sea.2018__#0-02-17_0-02-37_label_B2-0-0.mp4|0.65589607|(1,480,0.65589607)
v=pHZ9gOfmY_k__#1_label_B4-0-0.mp4|0.9989097|(2,4001,0.9989097,1179,5179,0.9490552)
v=waIS8TaJxts__#00-00-00_00-00-51_label_B6-0-0.mp4|0.994385|(1,1226,0.994385)
v=6KQFxxHmVMc__#1_label_B1-0-0.mp4|6.045643e-06|(1,3654,6.045643e-06)
Skyfall.2012__#00-03-22_00-03-40_label_B6-0-0.mp4|0.38026577|(1,433,0.38026577)
Fury.2014__#00-39-36_00-40-44_label_B1-B2-0.mp4|0.012118788|(1,1634,0.012118788)
v=MJLylzPRvyw__#1_label_B4-0-0.mp4|0.9620032|(1,3587,0.9620032)
v=Q8K7roZu3WU__#1_label_B1-0-0.mp4|0.0002651772|(1,1295,0.0002651772)
v=BzwNU2xmT64__#00-01-00_00-02-45_label_B6-0-0.mp4|0.9984377|(1,2522,0.9984377)
v=FW_qbiPH7UA__#1_label_B1-0-0.mp4|0.0018950647|(1,3283,0.0018950647)
v=TOEVc-pOEwM__#00-08-40_00-10-40_label_B6-0-0.mp4|0.20124403|(1,2883,0.20124403)
v=HUL83wCQATc__#1_label_B1-0-0.mp4|0.0017988347|(1,2103,0.0017988347)
v=IWzI9V3WSnc__#1_label_B4-0-0.mp4|0.9929068|(1,2689,0.9929068)
v=0N0PbzjEg0U__#1_label_B4-0-0.mp4|0.9831771|(1,1518,0.9831771)
v=TfS-MJoVNjM__#1_label_B4-0-0.mp4|0.9797076|(1,1311,0.9797076)
v=m5zK-tzYCQM__#1_label_B4-0-0.mp4|0.045282047|(1,1755,0.045282047)
v=Y1hxr1MWLjM__#1_label_B1-0-0.mp4|0.0007482269|(1,3071,0.0007482269)
Love.Death.and.Robots.S01E10__#0-01-00_0-02-13_label_B2-G-0.mp4|0.0005073843|(1,1752,0.0005073843)
v=H5W58Loofks__#00-05-50_00-06-20_label_B6-0-0.mp4|0.5675775|(1,723,0.5675775)
v=d5lTTPvJLpw__#1_label_B4-0-0.mp4|0.0016231309|(2,4001,0.0016231309,2277,6277,0.00032250385)
Crank.Dircut.2006__#0-27-42_0-29-01_label_B1-0-0.mp4|0.55513865|(1,1898,0.55513865)
Mission.Impossible.V.Rogue.Nation.2015__#00-14-40_00-17-12_label_B1-0-0.mp4|0.18274496|(1,3649,0.18274496)
Kingsman.The.Golden.Circle.2017__#00-41-22_00-41-32_label_B2-0-0.mp4|0.028134625|(1,241,0.028134625)
v=Ia9ATKNeUbY__#00-06-19_00-06-50_label_B6-0-0.mp4|0.89966404|(1,746,0.89966404)
Gladiator.2000__#01-10-27_01-11-59_label_B1-0-0.mp4|0.0005357877|(1,2208,0.0005357877)
City.Of.Men.2007__#01-35-30_01-36-00_label_B2-0-0.mp4|0.020415168|(1,721,0.020415168)
v=ovQ1VTJ_IUI__#1_label_B1-0-0.mp4|0.19423851|(1,1688,0.19423851)
The.Fast.and.the.Furious.2001__#01-24-18_01-25-05_label_B6-0-0.mp4|0.8126015|(1,1128,0.8126015)
City.Of.Men.2007__#01-17-27_01-17-59_label_B2-0-0.mp4|0.04694636|(1,769,0.04694636)
Brick.Mansions.2014__#00-41-25_00-42-36_label_B1-0-0.mp4|0.00043484225|(1,1704,0.00043484225)
Mission.Impossible.II.2000__#01-46-20_01-47-11_label_B2-B6-0.mp4|0.9931612|(1,1225,0.9931612)
Taken.2.UNRATED.EXTENDED.2012__#01-18-25_01-18-40_label_B2-0-0.mp4|0.9956255|(1,361,0.9956255)
Rush.Hour.1998.BluRay__#01-20-28_01-21-38_label_B2-0-0.mp4|4.8163784e-05|(1,1682,4.8163784e-05)
v=kPWdgckIhLI__#1_label_B4-0-0.mp4|0.9980843|(1,793,0.9980843)
wangted.2008__#0-48-30_0-49-00_label_B2-0-0.mp4|0.013966988|(1,721,0.013966988)
Taken.3.2014__#00-03-58_00-04-16_label_B2-0-0.mp4|0.8173551|(1,433,0.8173551)
Law.Abiding.Citizen.2009__#01-26-34_01-27-25_label_B2-0-0.mp4|0.1377484|(1,1225,0.1377484)
God.Bless.America.2011__#00-12-40_00-13-12_label_B2-0-0.mp4|0.030546278|(1,769,0.030546278)
v=JHsfKFF9Oag__#1_label_A.mp4|0.19828138|(1,2699,0.19828138)
v=fkps18H3SXY__#00-36-00_00-42-00_label_A.mp4|0.013928991|(3,4001,0.009267813,4000,8001,0.009594651,4643,8643,0.013928991)
Flipped.2010__#00-45-40_00-47-30_label_A.mp4|0.0010711092|(1,2641,0.0010711092)
Tropa.de.Elite.2.2010__#01-33-31_01-34-20_label_A.mp4|5.063506e-05|(1,1177,5.063506e-05)
Gladiator.2000__#02-43-00_02-43-59_label_A.mp4|0.5915713|(1,1417,0.5915713)
Mission.Impossible.V.Rogue.Nation.2015__#01-29-39_01-33-39_label_A.mp4|0.00043929295|(2,4001,0.00043929295,1762,5762,5.365349e-06)
v=RRiN5W9XwJE__#1_label_A.mp4|0.0009982298|(1,2616,0.0009982298)
v=-5RWxUUJ7lQ__#1_label_A.mp4|0.22571695|(5,4001,0.00034823158,4000,8001,0.00417339,8000,12001,0.000201886,12000,16001,0.0020102942,15123,19123,0.22571695)
v=9eME1y6V-T4__#02-00-00_02-06-00_label_A.mp4|0.00090327207|(3,4001,0.00042978697,4000,8001,0.00012210192,4642,8642,0.00090327207)
v=enYITYwvPAQ__#00-27-00_00-30-00_label_A.mp4|1.7809542e-06|(2,4001,1.7809542e-06,321,4321,2.4891244e-07)
Bullet.in.the.Head.1990__#00-51-46_00-52-50_label_A.mp4|1.0923425e-05|(1,1537,1.0923425e-05)
Deadpool.2016__#0-18-35_0-18-55_label_A.mp4|0.0064472845|(1,481,0.0064472845)
New.Kids.Turbo.2010__#00-41-30_00-42-05_label_A.mp4|0.017374549|(1,840,0.017374549)
v=4jVgDKbu_TI__#1_label_A.mp4|0.0001303684|(5,4001,0.0001303684,4000,8001,9.052598e-06,8000,12001,2.5022484e-06,12000,16001,1.6510123e-06,14974,18974,7.902198e-06)
Haywire.2011__#00-02-06_00-03-29_label_A.mp4|0.4185223|(1,1993,0.4185223)
God.Bless.America.2011__#00-51-00_00-52-00_label_A.mp4|4.8084345e-05|(1,1441,4.8084345e-05)
Kingsman.The.Secret.Service.2014__#00-25-29_00-26-24_label_A.mp4|0.00029917876|(1,1321,0.00029917876)
v=x0-z4h6mFoU__#1_label_A.mp4|3.8128278e-06|(2,4001,3.8128278e-06,610,4610,3.6195656e-06)
Love.Me.If.You.Dare.2003__#00-11-20_00-15-08_label_A.mp4|7.9660545e-05|(2,4001,4.462404e-06,1474,5474,7.9660545e-05)
v=H9Y5_X1sEEA__#00-42-00_00-45-00_label_A.mp4|2.1633059e-05|(2,4001,2.1523952e-05,322,4322,2.1633059e-05)
The.Bourne.Ultimatum.2007__#0-55-55_0-56-10_label_A.mp4|0.9274711|(1,361,0.9274711)
Hot.Fuzz.2007__#00-19-20_00-22-06_label_A.mp4|5.041544e-05|(1,3986,5.041544e-05)
The.Intouchables.2011__#00-51-55_00-55-16_label_A.mp4|0.00023591527|(2,4001,0.00023591527,826,4826,4.748875e-06)
Tropa.de.Elite.2.2010__#00-05-30_00-06-30_label_A.mp4|6.418615e-06|(1,1441,6.418615e-06)
v=yZ2wlTAN49g__#00-03-00_00-06-00_label_A.mp4|2.3881521e-05|(2,4001,2.0673637e-05,322,4322,2.3881521e-05)
v=gGlqujwrhbI__#00-12-00_00-15-00_label_A.mp4|0.002304761|(2,4001,0.002304761,322,4322,0.00012221606)
v=LYzmr5ORvCg__#1_label_A.mp4|3.901717e-07|(1,3925,3.901717e-07)
v=MyM5G7fo7Gg__#00-06-00_00-09-00_label_A.mp4|7.825987e-06|(2,4001,7.825987e-06,322,4322,1.5376115e-06)
Before.Sunrise.1995__#01-36-45_01-38-10_label_A.mp4|0.00023684293|(1,2040,0.00023684293)
v=ErOcW_CSOyQ__#1_label_A.mp4|0.00015854517|(5,4001,2.543136e-05,4000,8001,0.00015854517,8000,12001,5.685682e-06,12000,16001,6.2381755e-06,13477,17477,3.0492572e-05)
v=9eME1y6V-T4__#01-06-00_01-12-00_label_A.mp4|0.0002498528|(3,4001,3.2656246e-06,4000,8001,4.8947742e-05,4642,8642,0.0002498528)
God.Bless.America.2011__#01-23-13_01-25-31_label_A.mp4|5.158306e-06|(1,3313,5.158306e-06)
v=pCyCi-q4MqY__#1_label_A.mp4|2.5588286e-06|(2,4001,2.388261e-07,714,4714,2.5588286e-06)
v=Hd_2Y29_FLU__#1_label_A.mp4|1.8341456e-06|(1,3272,1.8341456e-06)
GoldenEye.1995__#01-33-40_01-34-30_label_A.mp4|7.1519884e-05|(1,1201,7.1519884e-05)
v=a0TQkX_zLt0__#1_label_A.mp4|3.688731e-06|(3,4001,3.688731e-06,4000,8001,3.3914562e-06,7764,11764,6.414721e-07)
Be.with.You.2018__#00-16-18_00-18-09_label_A.mp4|0.009248245|(1,2665,0.009248245)
v=NeAC-MfTZzU__#00-15-00_00-18-00_label_A.mp4|0.0011590961|(2,4001,0.00036889774,322,4322,0.0011590961)
About.Time.2013__#00-23-50_00-24-31_label_A.mp4|0.002908896|(1,985,0.002908896)
v=QUlWIIHMIEQ__#1_label_A.mp4|0.03831802|(1,1106,0.03831802)
A.Beautiful.Mind.2001__#01-14-30_01-16-59_label_A.mp4|3.8439234e-06|(1,3577,3.8439234e-06)
Flipped.2010__#01-07-30_01-09-51_label_A.mp4|8.390451e-06|(1,3384,8.390451e-06)
v=I7oSupyExVY__#1_label_A.mp4|0.17594261|(2,4001,1.3083602e-05,825,4825,0.17594261)
v=8SC55pYljMM__#1_label_A.mp4|0.007179743|(2,4001,6.950063e-05,324,4324,0.007179743)
Kingsman.The.Golden.Circle.2017__#00-44-52_00-46-20_label_A.mp4|9.791264e-07|(1,2113,9.791264e-07)
v=vFPQ_NiDBIU__#02-42-00_02-48-00_label_A.mp4|1.0484362e-05|(3,4001,1.0484362e-05,4000,8001,2.1724117e-07,4640,8640,1.9296913e-07)
v=lVJVRywgmYM__#1_label_A.mp4|5.188607e-05|(2,4001,4.701632e-05,1937,5937,5.188607e-05)
v=KERh4R2BbS0__#1_label_A.mp4|8.142586e-05|(6,4001,8.142586e-05,4000,8001,5.3441154e-06,8000,12001,2.6157944e-05,12000,16001,4.7738e-06,16000,20001,5.586201e-05,16652,20652,2.5410425e-06)
v=Yr41_8QOTF8__#00-09-00_00-12-00_label_A.mp4|7.08805e-05|(2,4001,7.08805e-05,321,4321,3.7548292e-05)
v=rmDBn5Rpd3s__#1_label_A.mp4|0.0021064347|(1,707,0.0021064347)
v=9eME1y6V-T4__#00-42-00_00-48-00_label_A.mp4|0.007115848|(3,4001,4.444484e-07,4000,8001,0.0023522545,4642,8642,0.007115848)
v=vFPQ_NiDBIU__#01-00-00_01-06-00_label_A.mp4|0.0007796387|(3,4001,0.00017837842,4000,8001,0.00037180804,4640,8640,0.0007796387)
v=GnN9VTh_s2A__#1_label_A.mp4|0.13093804|(1,683,0.13093804)
v=ajnl7P9bf78__#1_label_A.mp4|0.3862348|(1,1624,0.3862348)
Fury.2014__#01-13-32_01-14-43_label_A.mp4|0.00065546203|(1,1705,0.00065546203)
Desperado.1995__#01-22-10_01-23-17_label_A.mp4|0.00058347144|(1,1609,0.00058347144)
v=5l-nbDl0qvg__#1_label_A.mp4|2.9491406e-05|(4,4001,1.1097071e-05,4000,8001,1.8720177e-05,8000,12001,2.0781981e-06,9124,13124,2.9491406e-05)
Before.Sunrise.1995__#00-23-50_00-24-31_label_A.mp4|0.011681377|(1,985,0.011681377)
The.Notebook.2004__#00-20-35_00-23-06_label_A.mp4|1.4594102e-08|(1,3625,1.4594102e-08)
v=SdYFFo_tsfk__#00-00-00_00-06-00_label_A.mp4|0.007892799|(3,4001,8.799745e-05,4000,8001,0.0031092432,4642,8642,0.007892799)
From.Dusk.Till.Dawn.1996__#00-31-52_00-34-21_label_A.mp4|0.0014894975|(1,3576,0.0014894975)
About.Time.2013__#00-30-50_00-32-31_label_A.mp4|4.3339453e-05|(1,2425,4.3339453e-05)
The.Secret.Life.of.Walter.Mitty.2013__#00-36-52_00-41-00_label_A.mp4|0.00061944267|(2,4001,0.00012939569,1953,5953,0.00061944267)
v=plhVMWR33go__#1_label_A.mp4|6.857037e-07|(3,4001,1.6307088e-07,4000,8001,3.4753728e-07,4047,8047,6.857037e-07)
v=t_TZYpT6xjY__#1_label_A.mp4|1.917704e-06|(2,4001,1.917704e-06,741,4741,4.1641715e-07)
The.Notebook.2004__#00-11-00_00-15-08_label_A.mp4|0.03182443|(2,4001,0.03182443,1954,5954,7.4938e-05)
v=lyZxvgPD4gM__#1_label_A.mp4|0.1053623|(2,4001,0.0015793752,1529,5529,0.1053623)
v=ZpWR_YZNZTM__#1_label_A.mp4|9.595023e-05|(1,3437,9.595023e-05)
Taken.2.UNRATED.EXTENDED.2012__#00-17-08_00-17-30_label_A.mp4|0.3095221|(1,529,0.3095221)
Before.Sunrise.1995__#00-42-52_00-45-31_label_A.mp4|3.5655196e-07|(1,3817,3.5655196e-07)
Still.Walking.2008__#01-02-18_01-03-10_label_A.mp4|5.435355e-05|(1,1249,5.435355e-05)
Love.Me.If.You.Dare.2003__#01-04-40_01-06-59_label_A.mp4|9.550084e-05|(1,3338,9.550084e-05)
Fast.Furious.6.2013__#01-37-00_01-38-05_label_A.mp4|1.7809862e-05|(1,1561,1.7809862e-05)
v=H9Y5_X1sEEA__#00-03-00_00-06-00_label_A.mp4|2.9827961e-05|(2,4001,1.5437003e-05,322,4322,2.9827961e-05)
Deadpool.2.2018__#0-02-35_0-03-12_label_A.mp4|0.02492991|(1,890,0.02492991)
v=fkps18H3SXY__#00-54-00_01-00-00_label_A.mp4|0.0028291028|(3,4001,0.0028291028,4000,8001,0.0012679457,4642,8642,0.00015520673)
v=vFPQ_NiDBIU__#01-48-00_01-54-00_label_A.mp4|0.0014833777|(3,4001,1.3616499e-06,4000,8001,4.5978773e-05,4640,8640,0.0014833777)
v=jAvOGTD7_pU__#00-12-00_00-15-00_label_A.mp4|4.1171228e-05|(2,4001,8.451025e-06,322,4322,4.1171228e-05)
Be.with.You.2018__#00-23-50_00-24-31_label_A.mp4|0.07480998|(1,985,0.07480998)
Before.Sunset.2004__#01-14-30_01-16-51_label_A.mp4|0.0026109493|(1,3385,0.0026109493)
Before.Sunrise.1995__#00-04-20_00-05-35_label_A.mp4|0.0006778851|(1,1801,0.0006778851)
v=7smETZfN0XA__#1_label_A.mp4|2.3191221e-06|(1,3020,2.3191221e-06)
v=9eME1y6V-T4__#01-00-00_01-06-00_label_A.mp4|1.8375966e-05|(3,4001,9.821583e-07,4000,8001,1.8066838e-05,4642,8642,1.8375966e-05)
Skyfall.2012__#02-14-50_02-16-25_label_A.mp4|3.2854216e-05|(1,2281,3.2854216e-05)
The.Bourne.Identity.2002__#01-09-16_01-11-16_label_A.mp4|2.9331057e-05|(1,2882,2.9331057e-05)
Be.with.You.2018__#01-14-30_01-16-59_label_A.mp4|0.00017504467|(1,3577,0.00017504467)
v=6cvZOGzfqWU__#1_label_A.mp4|1.1332299e-05|(2,4001,1.1332299e-05,1594,5594,9.4363095e-06)
v=Yr41_8QOTF8__#00-21-00_00-24-00_label_A.mp4|2.5655489e-05|(2,4001,1.17275895e-05,321,4321,2.5655489e-05)
v=qV4YYnXdQCc__#00-03-00_00-06-00_label_A.mp4|1.3070489e-07|(2,4001,2.0077783e-08,322,4322,1.3070489e-07)
Spectre.2015__#01-17-22_01-18-53_label_A.mp4|3.3122583e-06|(1,2184,3.3122583e-06)
v=JzrpCC7XmyE__#00-06-00_00-12-00_label_A.mp4|2.2916665e-05|(3,4001,6.5043264e-07,4000,8001,1.1865817e-05,4642,8642,2.2916665e-05)
v=g4FnGZ5MAdo__#1_label_A.mp4|0.00046246074|(2,4001,9.1658694e-05,958,4958,0.00046246074)
The.Pursuit.of.Happyness.2006__#00-30-50_00-32-31_label_A.mp4|0.0026298575|(1,2425,0.0026298575)
v=rJgg00ic1G8__#1_label_A.mp4|1.3711502e-05|(2,4001,1.3711502e-05,1651,5651,1.1880488e-06)
v=qhUItxoTrmg__#1_label_A.mp4|5.6326417e-06|(2,4001,5.6326417e-06,571,4571,4.509114e-06)
v=1202rYvw7go__#1_label_A.mp4|0.5692019|(1,3951,0.5692019)
Be.with.You.2018__#00-04-20_00-05-35_label_A.mp4|0.00048657853|(1,1801,0.00048657853)
The.Hurt.Locker.2008__#0-29-25_0-30-15_label_A.mp4|7.654295e-05|(1,1200,7.654295e-05)
wangted.2008__#0-27-17_0-28-07_label_A.mp4|0.9986386|(1,1200,0.9986386)
Mission.Impossible.II.2000__#00-24-30_00-30-10_label_A.mp4|0.23770823|(3,4001,0.23770823,4000,8001,0.0009778516,4160,8160,0.00022977317)
v=H9Y5_X1sEEA__#00-36-00_00-39-00_label_A.mp4|6.0890165e-05|(2,4001,6.0890165e-05,323,4323,3.4741533e-05)
v=q2SP66Jb6Cw__#00-00-00_00-06-00_label_A.mp4|0.9476412|(3,4001,0.9476412,4000,8001,0.40407133,4642,8642,0.20872289)
Love.Death.and.Robots.S01E02__#00-03-15_00-04-20_label_A.mp4|0.0010041351|(1,1560,0.0010041351)
v=Q8b0XbtpFsA__#1_label_A.mp4|0.00018390745|(2,4001,6.795475e-05,633,4633,0.00018390745)
v=3ZVcLOjwOMk__#1_label_A.mp4|3.1261243e-05|(1,1885,3.1261243e-05)
Still.Walking.2008__#00-16-18_00-17-27_label_A.mp4|0.0004272242|(1,1657,0.0004272242)
v=f6j3YWgVBto__#00-01-50_00-02-30_label_A.mp4|0.0011351332|(1,960,0.0011351332)
Casino.Royale.2006__#00-28-10_00-30-10_label_A.mp4|9.2719665e-06|(1,2881,9.2719665e-06)
God.Bless.America.2011__#00-58-09_01-04-00_label_A.mp4|5.287084e-05|(3,4001,5.287084e-05,4000,8001,3.8335993e-06,4425,8425,6.855023e-07)
v=gxrLosPS27c__#1_label_A.mp4|7.570334e-07|(1,2219,7.570334e-07)
v=vFPQ_NiDBIU__#00-42-00_00-48-00_label_A.mp4|2.960502e-05|(3,4001,2.960502e-05,4000,8001,4.512207e-06,4640,8640,1.69979e-05)
v=L2Qs4KyW-Co__#1_label_A.mp4|0.068221465|(2,4001,0.03447616,426,4426,0.068221465)
Flipped.2010__#00-42-52_00-45-31_label_A.mp4|3.7057825e-06|(1,3817,3.7057825e-06)
Still.Walking.2008__#00-51-55_00-55-16_label_A.mp4|0.0036526516|(2,4001,0.0036526516,826,4826,0.0008225106)
v=DdIA1Owbcdc__#1_label_A.mp4|0.00037210714|(1,1064,0.00037210714)
v=KEh6EOQvQO0__#1_label_A.mp4|0.0003369059|(1,3183,0.0003369059)
The.Secret.Life.of.Walter.Mitty.2013__#01-01-20_01-04-00_label_A.mp4|8.258055e-06|(1,3841,8.258055e-06)
Young.And.Dangerous.III.1996__#00-15-52_00-17-00_label_A.mp4|3.452003e-06|(1,1634,3.452003e-06)
Ip.Man.2008__#00-40-25_00-40-45_label_A.mp4|0.0006936497|(1,481,0.0006936497)
Kill.Bill.Vol.1.2003__#01-08-15_01-09-15_label_A.mp4|0.00047307377|(1,1441,0.00047307377)
v=Wc2QW06H48M__#1_label_A.mp4|0.17638764|(1,1554,0.17638764)
v=JzrpCC7XmyE__#01-06-00_01-12-00_label_A.mp4|4.37163e-06|(3,4001,4.37163e-06,4000,8001,1.1037753e-06,4642,8642,5.5380053e-07)
Kingsman.The.Golden.Circle.2017__#02-09-30_02-10-45_label_A.mp4|3.009618e-05|(1,1801,3.009618e-05)
Spectre.2015__#00-16-41_00-18-55_label_A.mp4|6.9008885e-05|(1,3216,6.9008885e-05)
v=0LEefpIPBHA__#1_label_A.mp4|0.0046580276|(1,1142,0.0046580276)
Bad.Boys.II.2003__#01-11-16_01-14-00_label_A.mp4|7.3348697e-06|(1,3937,7.3348697e-06)
v=tlFJIG9mTGQ__#00-15-00_00-18-36_label_A.mp4|1.657814e-05|(2,4001,1.657814e-05,1187,5187,2.668343e-06)
The.Hurt.Locker.2008__#0-45-39_0-47-06_label_A.mp4|0.00066443236|(1,2089,0.00066443236)
v=GrHfWKeTDEI__#1_label_A.mp4|0.00039319124|(2,4001,0.00039319124,1066,5066,0.00023010357)
Salt.2010__#00-13-45_00-16-10_label_A.mp4|0.0027796226|(1,3481,0.0027796226)
v=cvEJ5WFk2KE__#00-06-00_00-09-00_label_A.mp4|3.0131645e-05|(2,4001,2.6315498e-05,321,4321,3.0131645e-05)
v=tI7fktKY6OU__#1_label_A.mp4|0.002285896|(4,4001,0.002285896,4000,8001,4.6770325e-05,8000,12001,4.7839832e-05,10916,14916,0.0002041099)
v=NbNFfnVSIn8__#1_label_A.mp4|0.00019442178|(2,4001,0.00019442178,592,4592,4.3041702e-05)
v=2JJ9d97sd64__#1_label_A.mp4|7.862111e-06|(1,3140,7.862111e-06)
v=S1meRf5BsEw__#1_label_A.mp4|8.4449306e-07|(2,4001,7.036886e-07,104,4104,8.4449306e-07)
The.Secret.Life.of.Walter.Mitty.2013__#00-08-55_00-10-50_label_A.mp4|0.031585153|(1,2762,0.031585153)
v=0vVOXlgHC1U__#00-48-00_00-54-00_label_A.mp4|0.00044464713|(3,4001,3.6441816e-06,4000,8001,0.00044464713,4642,8642,8.771302e-05)
v=tlFJIG9mTGQ__#00-12-00_00-15-00_label_A.mp4|0.00010703239|(2,4001,4.979947e-05,322,4322,0.00010703239)
Operation.Red.Sea.2018__#0-45-54_0-46-33_label_A.mp4|0.07432423|(1,936,0.07432423)
Fast.Five.2011__#01-59-16_02-01-12_label_A.mp4|5.347077e-06|(1,2785,5.347077e-06)
Yellow.Sea.2010__#00-10-16_00-11-14_label_A.mp4|0.0013013378|(1,1393,0.0013013378)
v=vHnAmx0UYbM__#1_label_A.mp4|9.36744e-05|(6,4001,1.12685186e-07,4000,8001,2.8890764e-07,8000,12001,1.6398959e-06,12000,16001,5.1081105e-07,16000,20001,9.36744e-05,16045,20045,5.2222433e-05)
Shoot.Em.Up.2007__#00-25-50_00-27-10_label_A.mp4|0.00015250155|(1,1921,0.00015250155)
Bad.Boys.1995__#00-10-00_00-11-52_label_A.mp4|4.5432e-05|(1,2689,4.5432e-05)
Love.Actually.2003__#01-39-05_01-46-40_label_A.mp4|0.004373931|(3,4001,1.3440955e-05,4000,8001,0.004373931,6921,10921,0.0006621188)
Bullet.in.the.Head.1990__#01-58-25_01-59-30_label_A.mp4|1.7560009e-07|(1,1561,1.7560009e-07)
v=W5qLlC9il3s__#1_label_A.mp4|0.0015585175|(1,1385,0.0015585175)
The.Notebook.2004__#01-30-25_01-33-56_label_A.mp4|0.0005997453|(2,4001,6.22937e-05,1065,5065,0.0005997453)
About.Time.2013__#00-40-52_00-42-31_label_A.mp4|2.4088915e-05|(1,2377,2.4088915e-05)
Law.Abiding.Citizen.2009__#00-00-35_00-01-31_label_A.mp4|5.80904e-06|(1,1345,5.80904e-06)
v=HTEyaXBPf9U__#1_label_A.mp4|0.38779065|(2,4001,0.008801578,1120,5120,0.38779065)
The.Notebook.2004__#00-25-20_00-29-20_label_A.mp4|1.6388624e-06|(2,4001,1.6388624e-06,1761,5761,3.912433e-07)
v=AqFWYZsOgWY__#00-21-00_00-24-00_label_A.mp4|4.322929e-06|(2,4001,4.322929e-06,322,4322,1.8406763e-06)
The.Bourne.Identity.2002__#0-29-16_0-32-00_label_A.mp4|1.2854784e-05|(1,3937,1.2854784e-05)
v=9eME1y6V-T4__#01-18-00_01-24-00_label_A.mp4|0.047138073|(3,4001,2.4084413e-05,4000,8001,0.00010217429,4642,8642,0.047138073)
IP.Man.2.2010__#00-02-50_00-06-45_label_A.mp4|3.0376159e-05|(2,4001,7.561634e-06,1640,5640,3.0376159e-05)
Rush.Hour.3.2007.BluRay__#01-00-40_01-04-00_label_A.mp4|1.2468777e-06|(2,4001,1.2005959e-06,801,4801,1.2468777e-06)
v=_Hn2Xlt-IWU__#1_label_A.mp4|1.0453392e-05|(1,3943,1.0453392e-05)
v=uyvM-vq5DwA__#1_label_A.mp4|3.9355855e-06|(2,4001,3.9355855e-06,788,4788,1.0738083e-06)
Love.Death.and.Robots.S01E04__#00-14-28_00-15-27_label_A.mp4|8.8353945e-06|(1,1416,8.8353945e-06)
v=hdy5kZ5dwj8__#1_label_A.mp4|1.31128945e-05|(2,4001,1.31128945e-05,674,4674,1.0980514e-05)
Love.Actually.2003__#01-17-00_01-19-40_label_A.mp4|0.00024084028|(1,3842,0.00024084028)
v=fkps18H3SXY__#00-00-00_00-06-00_label_A.mp4|7.025588e-05|(3,4001,7.025588e-05,4000,8001,3.4953384e-05,4642,8642,4.3042484e-05)
v=3MUqt3OkxIo__#1_label_A.mp4|2.33506e-05|(1,2500,2.33506e-05)
v=p2ggHwtb-Zg__#00-24-00_00-27-00_label_A.mp4|3.623131e-05|(2,4001,1.4893575e-05,322,4322,3.623131e-05)
v=eAgqJnO3kr8__#00-06-00_00-12-00_label_A.mp4|3.4547927e-06|(3,4001,2.552898e-07,4000,8001,3.4547927e-06,4642,8642,2.2111365e-07)
v=vQ9AwVrM9pU__#1_label_A.mp4|3.888162e-05|(1,3138,3.888162e-05)
v=Wp6gzFUaci8__#1_label_A.mp4|0.00087962043|(1,2780,0.00087962043)
Brick.Mansions.2014__#00-08-37_00-10-04_label_A.mp4|0.07549196|(1,2088,0.07549196)
v=VRn8Tc02TbU__#00-18-00_00-21-00_label_A.mp4|6.027911e-06|(2,4001,6.027911e-06,322,4322,2.3062396e-06)
Young.And.Dangerous.IV.1997__#0-10-35_0-11-50_label_A.mp4|0.00023275185|(1,1801,0.00023275185)
Sin.City.2005__#01-43-21_01-44-21_label_A.mp4|0.00049134844|(1,1441,0.00049134844)
Salt.2010__#01-16-00_01-16-50_label_A.mp4|0.0001235189|(1,1201,0.0001235189)
v=X60PecZRLGE__#1_label_A.mp4|2.3576074e-06|(1,2644,2.3576074e-06)
v=p2ggHwtb-Zg__#00-21-00_00-24-00_label_A.mp4|0.0006743402|(2,4001,2.9988256e-05,323,4323,0.0006743402)
v=QBfO3qfo7zg__#1_label_A.mp4|0.005268089|(2,4001,0.005268089,661,4661,0.005218893)
Kill.Bill.Vol.1.2003__#00-21-42_00-22-42_label_A.mp4|0.043499485|(1,1441,0.043499485)
GoldenEye.1995__#01-02-11_01-03-43_label_A.mp4|0.0052523576|(1,2209,0.0052523576)
v=9eME1y6V-T4__#01-36-00_01-42-00_label_A.mp4|0.135692|(3,4001,3.9301973e-05,4000,8001,0.038282827,4642,8642,0.135692)
The.Pursuit.of.Happyness.2006__#01-34-18_01-38-11_label_A.mp4|0.051171426|(2,4001,2.4704493e-06,1593,5593,0.051171426)
v=5AlAh8J3WqE__#1_label_A.mp4|0.09722824|(3,4001,0.09722824,4000,8001,2.5891371e-05,6885,10885,9.3348935e-05)
Taken.3.2014__#00-36-03_00-36-48_label_A.mp4|0.000263744|(1,1081,0.000263744)
Your.Name.2016__#00-05-52_00-08-22_label_A.mp4|0.0013885127|(1,3601,0.0013885127)
v=mfFYGFJhBI4__#1_label_A.mp4|0.0145626785|(1,255,0.0145626785)
v=H9Y5_X1sEEA__#00-30-00_00-33-00_label_A.mp4|1.1801322e-05|(2,4001,2.628864e-06,323,4323,1.1801322e-05)
Love.Actually.2003__#01-34-18_01-38-11_label_A.mp4|7.3316596e-06|(2,4001,2.0189032e-06,1593,5593,7.3316596e-06)
v=VcsJf1q9QX8__#1_label_A.mp4|0.0014930249|(1,2560,0.0014930249)
The.Secret.Life.of.Walter.Mitty.2013__#01-23-00_01-29-08_label_A.mp4|0.00028487568|(3,4001,5.5678633e-05,4000,8001,9.196634e-05,4833,8833,0.00028487568)
The.Bourne.Supremacy.2004__#01-34-52_01-35-50_label_A.mp4|0.0035493812|(1,1393,0.0035493812)
Quantum.Of.Solace.2008__#00-47-29_00-50-52_label_A.mp4|1.6184906e-06|(2,4001,3.0508562e-07,873,4873,1.6184906e-06)
v=es97CGK_5XQ__#1_label_A.mp4|0.035185244|(1,1633,0.035185244)
v=y7vIfdKwHDk__#1_label_A.mp4|0.00013041019|(2,4001,0.00013041019,182,4182,3.461791e-05)
v=NjI-AuzKgMc__#1_label_A.mp4|2.3997083e-07|(1,2836,2.3997083e-07)
Salt.2010__#00-02-10_00-03-57_label_A.mp4|0.041352335|(1,2569,0.041352335)
The.Bourne.Supremacy.2004__#0-58-18_01-00-58_label_A.mp4|2.725875e-06|(1,3842,2.725875e-06)
Shoplifters.2018__#00-17-30_00-19-10_label_A.mp4|2.0252755e-05|(1,2401,2.0252755e-05)
Mission.Impossible.Ghost.Protocol.2011__#01-07-24_01-09-09_label_A.mp4|4.432234e-07|(1,2521,4.432234e-07)
v=EToznHwS0OA__#1_label_A.mp4|2.3129129e-05|(1,3730,2.3129129e-05)
Before.Sunset.2004__#00-23-50_00-24-31_label_A.mp4|0.002114995|(1,985,0.002114995)
Ip.Man.2008__#01-04-27_01-06-22_label_A.mp4|0.0002938235|(1,2761,0.0002938235)
A.Beautiful.Mind.2001__#00-40-52_00-42-01_label_A.mp4|0.001995571|(1,1657,0.001995571)
IP.Man.2.2010__#00-54-00_00-57-12_label_A.mp4|4.4452674e-05|(2,4001,2.020156e-05,608,4608,4.4452674e-05)
The.Bourne.Identity.2002__#0-57-11_0-58-45_label_A.mp4|9.1596485e-05|(1,2257,9.1596485e-05)
Love.Actually.2003__#00-51-55_00-55-16_label_A.mp4|0.00011246068|(2,4001,0.00011246068,826,4826,1.652055e-06)
The.Attorney.2013__#00-47-00_00-49-30_label_A.mp4|0.0001692388|(1,3601,0.0001692388)
v=3lSHv_DUbJs__#1_label_A.mp4|7.104026e-05|(1,3566,7.104026e-05)
v=QiLNvC7CIuY__#1_label_A.mp4|0.014302296|(1,1161,0.014302296)
v=ODGDLQ0TT3M__#1_label_A.mp4|0.1856528|(1,2138,0.1856528)
Thelma...Louise.1991__#01-53-54_01-54-50_label_A.mp4|3.1361488e-08|(1,1345,3.1361488e-08)
v=usAvzbDq6-c__#00-21-00_00-24-00_label_A.mp4|3.636915e-06|(2,4001,2.5373618e-06,322,4322,3.636915e-06)
The.Notebook.2004__#01-52-20_01-58-00_label_A.mp4|0.0016165146|(3,4001,0.0016165146,4000,8001,0.00031200724,4161,8161,0.00026518782)
Bullet.in.the.Head.1990__#00-25-11_00-26-15_label_A.mp4|1.75749e-05|(1,1537,1.75749e-05)
v=yviKz5J-pEA__#1_label_A.mp4|0.0074592135|(1,3731,0.0074592135)
v=QozLwYYVotY__#1_label_A.mp4|2.2678125e-05|(1,3254,2.2678125e-05)
Before.Sunrise.1995__#00-03-00_00-04-05_label_A.mp4|5.8751277e-05|(1,1561,5.8751277e-05)
v=aBsrZKrRtqU__#1_label_A.mp4|0.00042469264|(1,1235,0.00042469264)
v=eAgqJnO3kr8__#00-48-00_00-54-00_label_A.mp4|5.4008224e-06|(3,4001,8.9301693e-07,4000,8001,6.52547e-07,4642,8642,5.4008224e-06)
Lord.of.War__#00-59-20_01-00-35_label_A.mp4|0.017047139|(1,1801,0.017047139)
The.Intouchables.2011__#00-58-18_01-02-30_label_A.mp4|2.8412316e-05|(2,4001,2.8412316e-05,2049,6049,6.500893e-06)
Operation.Red.Sea.2018__#0-12-26_0-13-36_label_A.mp4|6.4593005e-05|(1,1680,6.4593005e-05)
The.Intouchables.2011__#00-04-20_00-05-35_label_A.mp4|0.0006182934|(1,1801,0.0006182934)
v=Ehh8ZdIMMj4__#1_label_A.mp4|1.3783932e-06|(1,2708,1.3783932e-06)
The.Notebook.2004__#00-08-55_00-10-50_label_A.mp4|1.0127306e-06|(1,2762,1.0127306e-06)
Flipped.2010__#00-08-55_00-10-50_label_A.mp4|3.5195333e-07|(1,2762,3.5195333e-07)
v=vsI_pKNcgeQ__#00-15-00_00-18-00_label_A.mp4|2.4987907e-05|(2,4001,9.011941e-06,322,4322,2.4987907e-05)
v=ldnLxTablA8__#1_label_A.mp4|1.6356244e-05|(1,2300,1.6356244e-05)
Love.Actually.2003__#01-04-40_01-06-59_label_A.mp4|0.0016343957|(1,3336,0.0016343957)
GoldenEye.1995__#00-56-11_00-56-51_label_A.mp4|0.0003355871|(1,962,0.0003355871)
v=AqFWYZsOgWY__#00-33-00_00-36-00_label_A.mp4|2.8675747e-06|(2,4001,8.597533e-07,322,4322,2.8675747e-06)
v=MyM5G7fo7Gg__#00-18-00_00-21-00_label_A.mp4|3.0503132e-05|(2,4001,1.3409076e-05,323,4323,3.0503132e-05)
One.Day.2011__#01-02-50_01-07-05_label_A.mp4|1.6174003e-05|(2,4001,1.7437666e-06,2121,6121,1.6174003e-05)
Death.Proof.2007__#00-02-04_00-05-00_label_A.mp4|3.9986444e-06|(2,4001,8.9378204e-07,225,4225,3.9986444e-06)
Fast.Furious.2009__#01-08-33_01-10-18_label_A.mp4|0.00051103916|(1,2521,0.00051103916)
A.Beautiful.Mind.2001__#00-25-20_00-29-20_label_A.mp4|7.1151567e-06|(2,4001,7.1151567e-06,1761,5761,3.9527185e-06)
Tropa.de.Elite.2.2010__#01-30-51_01-32-30_label_A.mp4|4.065761e-05|(1,2377,4.065761e-05)
v=EeUTpfyb0qo__#1_label_A.mp4|0.00016296265|(5,4001,2.5095636e-07,4000,8001,0.00016296265,8000,12001,1.4758314e-06,12000,16001,1.1043292e-06,14143,18143,5.6558406e-06)
v=HksDvkX6Bjk__#1_label_A.mp4|1.537606e-05|(4,4001,9.288106e-08,4000,8001,1.245138e-06,8000,12001,1.537606e-05,11435,15435,6.4557594e-07)
Before.Sunrise.1995__#00-40-52_00-42-01_label_A.mp4|0.00126462|(1,1657,0.00126462)
v=9FxmNOXF25Q__#1_label_A.mp4|0.00046352125|(2,4001,0.00046352125,120,4120,3.6327496e-05)
Your.Name.2016__#01-01-20_01-04-00_label_A.mp4|0.19258665|(1,3841,0.19258665)
Black.Hawk.Down.2001__#00-06-44_00-07-39_label_A.mp4|0.0008598374|(1,1321,0.0008598374)
v=SmFpAAHmoII__#1_label_A.mp4|0.0002694188|(1,3951,0.0002694188)
Election.2005__#00-03-35_00-05-05_label_A.mp4|5.18303e-06|(1,2160,5.18303e-06)
v=H12BVHrNiXs__#1_label_A.mp4|2.3937182e-06|(2,4001,2.3937182e-06,787,4787,2.3163504e-06)
v=Oh6FDdpH08A__#1_label_A.mp4|7.686714e-05|(1,3344,7.686714e-05)
v=RarYGpz-blM__#1_label_A.mp4|1.2044445e-06|(1,3384,1.2044445e-06)
The.Pursuit.of.Happyness.2006__#00-17-30_00-19-10_label_A.mp4|0.02902306|(1,2401,0.02902306)
Young.And.Dangerous.II.1996__#0-53-25_0-54-20_label_A.mp4|0.003743656|(1,1322,0.003743656)
v=1EvRIhdsX1s__#1_label_A.mp4|0.0036602393|(1,862,0.0036602393)
Black.Hawk.Down.2001__#01-36-44_01-37-33_label_A.mp4|0.06324561|(1,1176,0.06324561)
City.of.God.2002__#00-33-10_00-34-50_label_A.mp4|9.1959e-06|(1,2401,9.1959e-06)
v=g7fnNf88IOc__#1_label_A.mp4|3.9403972e-07|(1,3635,3.9403972e-07)
Ip.Man.2008__#00-02-56_00-05-24_label_A.mp4|7.4570823e-07|(1,3553,7.4570823e-07)
v=hgoGZZSMhMQ__#1_label_A.mp4|0.23331912|(1,159,0.23331912)
Mission.Impossible.II.2000__#00-11-37_00-15-46_label_A.mp4|0.00066236587|(1,693,0.00066236587)
Kill.Bill.Vol.2.2004__#01-03-13_01-04-13_label_A.mp4|1.02910635e-05|(1,1441,1.02910635e-05)
v=Pf7WtK-YPDA__#1_label_A.mp4|0.008769608|(1,1954,0.008769608)
Mission.Impossible.Ghost.Protocol.2011__#01-24-59_01-28-30_label_A.mp4|6.4607667e-07|(2,4001,6.4607667e-07,1064,5064,6.582486e-08)
v=0vVOXlgHC1U__#00-12-00_00-18-00_label_A.mp4|8.040604e-05|(3,4001,4.767308e-06,4000,8001,1.0546245e-05,4642,8642,8.040604e-05)
Hear.Me.2009__#00-30-50_00-32-31_label_A.mp4|4.0334363e-08|(1,2425,4.0334363e-08)
v=H9Y5_X1sEEA__#00-45-00_00-48-00_label_A.mp4|1.3148043e-05|(2,4001,1.3148043e-05,323,4323,1.0509799e-05)
A.Beautiful.Mind.2001__#00-50-26_00-55-16_label_A.mp4|0.0031722665|(2,4001,3.6012192e-05,2962,6962,0.0031722665)
v=9qxJ6bznkNI__#1_label_A.mp4|0.0026986916|(2,4001,0.0026986916,1454,5454,0.0023579504)
Flipped.2010__#01-10-30_01-13-51_label_A.mp4|9.610397e-05|(2,4001,8.059001e-07,825,4825,9.610397e-05)
v=94zZ9iptP54__#1_label_A.mp4|0.25341728|(1,932,0.25341728)
Love.Me.If.You.Dare.2003__#00-33-52_00-39-00_label_A.mp4|5.9640126e-05|(2,4001,1.0775701e-06,3394,7394,5.9640126e-05)
The.Fast.and.the.Furious.2001__#01-38-50_01-39-59_label_A.mp4|0.00010516679|(1,1657,0.00010516679)
Taken.3.2014__#01-20-10_01-21-30_label_A.mp4|0.00053947937|(1,1921,0.00053947937)
v=wQrV75N2BrI__#1_label_A.mp4|0.001193605|(9,4001,6.1837316e-05,4000,8001,7.918719e-06,8000,12001,3.303701e-05,12000,16001,7.736561e-06,16000,20001,1.4206718e-05,20000,24001,0.001193605,24000,28001,0.00023154795,28000,32001,0.00013579981,29196,33196,0.00016688956)
Good.Will.Hunting.1997__#00-08-55_00-10-50_label_A.mp4|4.6841865e-06|(1,2762,4.6841865e-06)
v=vp_W8CqtCug__#1_label_A.mp4|4.191274e-05|(1,3806,4.191274e-05)
The.Fast.and.the.Furious.2001__#00-26-09_00-26-52_label_A.mp4|0.25334242|(1,1033,0.25334242)
v=SdYFFo_tsfk__#00-18-00_00-24-00_label_A.mp4|0.00056586164|(3,4001,0.00056586164,4000,8001,0.00042543517,4642,8642,0.00030466818)
v=y7JEq-kf-2I__#00-01-50_00-02-30_label_A.mp4|0.00019097971|(1,960,0.00019097971)
Mission.Impossible.Ghost.Protocol.2011__#00-49-03_00-51-21_label_A.mp4|0.005202865|(1,3313,0.005202865)
Jason.Bourne.2016__#0-51-37_0-53-20_label_A.mp4|0.0004213264|(1,2473,0.0004213264)
v=usAvzbDq6-c__#00-18-00_00-21-00_label_A.mp4|3.88005e-06|(2,4001,5.194413e-07,322,4322,3.88005e-06)
v=VGP9qh7U4H0__#1_label_A.mp4|2.2706322e-06|(2,4001,1.0109395e-06,1284,5284,2.2706322e-06)
Tropa.de.Elite.2007__#00-10-30_00-12-08_label_A.mp4|0.0001850875|(1,2352,0.0001850875)
v=n0AhGnEjako__#1_label_A.mp4|0.038391266|(1,2376,0.038391266)
v=5NZxPmTpV6Y__#1_label_A.mp4|1.5734517e-05|(1,2807,1.5734517e-05)
Desperado.1995__#00-19-00_00-20-31_label_A.mp4|7.647369e-06|(1,2185,7.647369e-06)
Good.Will.Hunting.1997__#00-58-18_01-02-30_label_A.mp4|0.0005598355|(2,4001,6.9265803e-07,2049,6049,0.0005598355)
v=bU86SW6L7Tc__#1_label_A.mp4|2.4405888e-05|(2,4001,2.4405888e-05,250,4250,1.6393738e-05)
v=VNQ1Vkz_cM4__#1_label_A.mp4|0.0062790033|(2,4001,0.0062790033,1622,5622,3.20765e-05)
City.Of.Men.2007__#01-36-01_01-37-31_label_A.mp4|0.0006723544|(1,2161,0.0006723544)
v=BL8ppFg7NKI__#1_label_A.mp4|0.00021664667|(2,4001,0.00021664667,1470,5470,0.00021175669)
Young.And.Dangerous.I.1996__#0-55-09_0-56-59_label_A.mp4|2.228453e-05|(1,2641,2.228453e-05)
The.Bourne.Ultimatum.2007__#01-32-57_01-33-53_label_A.mp4|0.000339651|(1,1345,0.000339651)
v=-tqHsoEoUyY__#1_label_A.mp4|0.14421326|(1,1011,0.14421326)
v=eAgqJnO3kr8__#00-42-00_00-48-00_label_A.mp4|1.9961874e-06|(3,4001,1.9961874e-06,4000,8001,5.949072e-07,4642,8642,1.916128e-06)
v=ibYV3e17R5c__#1_label_A.mp4|9.393167e-05|(1,3375,9.393167e-05)
IP.Man.2.2010__#01-44-00_01-44-42_label_A.mp4|0.0016471556|(1,1008,0.0016471556)
Tropa.de.Elite.2007__#00-52-33_00-54-35_label_A.mp4|0.0023408874|(1,2930,0.0023408874)
v=usAvzbDq6-c__#00-03-00_00-06-00_label_A.mp4|0.0020577474|(2,4001,0.0008134295,322,4322,0.0020577474)
v=smnw0Q7AxFQ__#1_label_A.mp4|0.0010783129|(2,4001,4.0519775e-05,3956,7956,0.0010783129)
Hear.Me.2009__#00-49-48_00-51-12_label_A.mp4|8.454782e-06|(1,2017,8.454782e-06)
Saving.Private.Ryan.1998__#02-00-56_02-03-06_label_A.mp4|0.0014808909|(1,3121,0.0014808909)
Be.with.You.2018__#01-42-06_01-45-53_label_A.mp4|3.3938133e-05|(2,4001,1.5393003e-06,1449,5449,3.3938133e-05)
Bullet.in.the.Head.1990__#00-03-59_00-04-40_label_A.mp4|0.00014238541|(1,985,0.00014238541)
