Mission.Impossible.Fallout.2018__#00-31-21_00-32-50_label_B1-0-0.mp4|0.5176485|(1,2136,0.5176485)
v=bhZs3ALdL7Y__#1_label_G-0-0.mp4|0.5034593|(1,81,0.5034593)
Skyfall.2012__#01-55-44_01-56-57_label_B2-G-0.mp4|0.5114657|(1,1753,0.5114657)
v=15wDrZJQpsw__#00-05-20_00-06-20_label_B6-0-0.mp4|0.52217203|(1,1443,0.52217203)
v=gp_D8r-2hwk__#1_label_G-0-0.mp4|0.5213536|(1,2551,0.5213536)
Quantum.Of.Solace.2008__#01-19-30_01-20-05_label_B1-0-0.mp4|0.50908905|(1,841,0.50908905)
Saving.Private.Ryan.1998__#02-24-18_02-25-42_label_B1-0-0.mp4|0.50588095|(1,2017,0.50588095)
Rush.Hour.3.2007.BluRay__#00-34-11_00-35-46_label_B1-0-0.mp4|0.50438786|(1,2281,0.50438786)
The.Bourne.Identity.2002__#0-54-45_0-56-25_label_B6-0-0.mp4|0.5084917|(1,2401,0.5084917)
Rush.Hour.1998.BluRay__#00-11-05_00-12-10_label_B2-B1-0.mp4|0.511824|(1,1562,0.511824)
v=GN-7_ye5k4E__#1_label_G-0-0.mp4|0.50416255|(1,2681,0.50416255)
v=b0MUjeKAGZw__#1_label_B4-0-0.mp4|0.51541597|(1,2795,0.51541597)
Mission.Impossible.III.2006__#00-56-23_00-56-40_label_G-0-0.mp4|0.5131309|(1,409,0.5131309)
Kingsman.The.Secret.Service.2014__#01-43-40_01-44-50_label_B2-G-0.mp4|0.51500046|(1,1681,0.51500046)
v=m5Ya6z6qroo__#1_label_B4-0-0.mp4|0.51887465|(2,4001,0.5168671,1647,5647,0.51887465)
Rush.Hour.3.2007.BluRay__#01-12-16_01-12-36_label_B1-0-0.mp4|0.50499177|(1,481,0.50499177)
Kingsman.The.Secret.Service.2014__#00-22-10_00-23-10_label_B2-0-0.mp4|0.51473844|(1,1441,0.51473844)
v=5BBoVfKOyeM__#00-08-19_00-10-10_label_B6-0-0.mp4|0.5202998|(1,2666,0.5202998)
v=3xWiBCIxjIk__#1_label_B4-0-0.mp4|0.5114971|(1,3748,0.5114971)
Lord.of.War__#00-50-10_00-50-50_label_G-0-0.mp4|0.5119768|(1,961,0.5119768)
v=3WmMhircZOc__#1_label_B4-0-0.mp4|0.5142075|(2,4001,0.5142075,2025,6025,0.5101443)
v=DVdXoVUNkhg__#1_label_G-0-0.mp4|0.5092735|(1,1146,0.5092735)
v=1GFBuaGCeTo__#1_label_G-0-0.mp4|0.5097467|(1,1253,0.5097467)
v=hAHXCMRvY_I__#1_label_G-0-0.mp4|0.5208478|(1,486,0.5208478)
v=lpkL0Y1MhA8__#1_label_B4-0-0.mp4|0.51646155|(1,2524,0.51646155)
City.of.God.2002__#00-40-16_00-41-30_label_B2-0-0.mp4|0.5141958|(1,1778,0.5141958)
Mission.Impossible.Ghost.Protocol.2011__#01-54-24_01-54-50_label_B1-0-0.mp4|0.5045846|(1,625,0.5045846)
v=AF9p0YA0hyA__#00-03-03_00-04-20_label_B4-0-0.mp4|0.5091986|(1,1850,0.5091986)
v=fQQzg2VfJME__#1_label_B4-0-0.mp4|0.51558435|(1,1348,0.51558435)
v=pFamvR9CpYw__#00-00-00_00-06-36_label_B4-0-0.mp4|0.51794064|(3,4001,0.5167186,4000,8001,0.51520485,5506,9506,0.51794064)
Ip.Man.2008__#01-40-37_01-42-07_label_B4-0-0.mp4|0.5113534|(1,2161,0.5113534)
v=lcBUb7EOQ4o__#1_label_G-0-0.mp4|0.5198549|(1,2237,0.5198549)
Operation.Red.Sea.2018__#0-25-36_0-26-03_label_G-0-0.mp4|0.51079386|(1,648,0.51079386)
v=q_DhkdHGXos__#1_label_B1-0-0.mp4|0.51634264|(2,4001,0.5145663,638,4638,0.51634264)
v=7QOdBpDrmKk__#00-01-00_00-02-45_label_B6-0-0.mp4|0.52107096|(1,2522,0.52107096)
Mission.Impossible.V.Rogue.Nation.2015__#01-54-23_01-55-10_label_B2-0-0.mp4|0.50739235|(1,1129,0.50739235)
v=xbPWQKZspfU__#1_label_B1-0-0.mp4|0.51663333|(2,4001,0.51663333,1034,5034,0.51532066)
v=nLAapCIlr-o__#00-07-22_00-08-19_label_B6-0-0.mp4|0.5172692|(1,1370,0.5172692)
Kill.Bill.Vol.1.2003__#01-17-20_01-20-20_label_B1-0-0.mp4|0.5081619|(2,4001,0.5072295,321,4321,0.5081619)
v=Dn_SDu22WpM__#00-08-35_00-10-05_label_B6-0-0.mp4|0.5153692|(1,2163,0.5153692)
v=-fOWSLV6Esw__#1_label_B4-0-0.mp4|0.50985307|(1,789,0.50985307)
Election.2005__#00-47-57_00-50-54_label_B5-0-0.mp4|0.51579744|(2,4001,0.51579744,248,4248,0.5154496)
v=-kwNh1lMU-w__#1_label_B4-0-0.mp4|0.5126843|(2,4001,0.5123886,81,4081,0.5126843)
v=6nfo9c7a5pE__#1_label_B1-0-0.mp4|0.51053315|(1,1235,0.51053315)
v=SMy2_qNO2Y0__#00-01-50_00-03-13_label_G-0-0.mp4|0.52253497|(1,1994,0.52253497)
v=Qc3pAEeK16A__#1_label_B1-0-0.mp4|0.5059638|(1,1409,0.5059638)
v=9CWJd1SezkA__#1_label_G-0-0.mp4|0.5132914|(1,700,0.5132914)
Tropa.de.Elite.2.2010__#01-33-01_01-33-30_label_B2-0-0.mp4|0.50464237|(1,698,0.50464237)
Mission.Impossible.V.Rogue.Nation.2015__#00-17-27_00-17-55_label_B2-0-0.mp4|0.50266254|(1,673,0.50266254)
v=tP19WuyY3IY__#00-00-00_00-00-51_label_B6-0-0.mp4|0.5113647|(1,1226,0.5113647)
Operation.Red.Sea.2018__#0-16-06_0-16-46_label_G-0-0.mp4|0.51433825|(1,960,0.51433825)
The.Bourne.Ultimatum.2007__#01-44-02_01-44-11_label_B2-0-0.mp4|0.5022871|(1,217,0.5022871)
Operation.Red.Sea.2018__#0-56-26_0-57-10_label_G-0-0.mp4|0.5135661|(1,1056,0.5135661)
Lord.of.War__#01-41-04_01-41-53_label_B1-0-0.mp4|0.5156408|(1,1177,0.5156408)
v=wVey5JDRf_g__#00-01-30_00-02-41_label_B6-0-0.mp4|0.5180586|(1,1706,0.5180586)
v=1io9Uh54Vhg__#1_label_B4-0-0.mp4|0.5174908|(1,1980,0.5174908)
v=Q6zIX29HkSo__#1_label_B4-0-0.mp4|0.51083535|(1,2145,0.51083535)
v=BzwNU2xmT64__#00-04-10_00-06-09_label_B6-0-0.mp4|0.5182758|(1,2858,0.5182758)
v=iHuggczItBk__#00-03-00_00-03-55_label_B6-0-0.mp4|0.5206519|(1,1322,0.5206519)
v=nLAapCIlr-o__#00-16-10_00-18-09_label_B6-0-0.mp4|0.517656|(1,2858,0.517656)
Ip.Man.3.2015__#00-44-45_00-45-08_label_B1-0-0.mp4|0.5122523|(1,552,0.5122523)
Black.Hawk.Down.2001__#01-13-59_01-14-49_label_B2-0-0.mp4|0.5124553|(1,1201,0.5124553)
v=3zgaqeVSXuI__#1_label_B4-0-0.mp4|0.5125162|(1,1953,0.5125162)
Young.And.Dangerous.I.1996__#0-46-57_0-48-57_label_B1-0-0.mp4|0.509416|(1,2881,0.509416)
v=8tqeeBGjnPg__#00-03-12_00-04-15_label_B6-0-0.mp4|0.52092916|(1,1515,0.52092916)
v=iWfUqxibqG0__#1_label_G-0-0.mp4|0.51175725|(1,631,0.51175725)
v=Ia9ATKNeUbY__#00-04-19_00-05-11_label_B6-0-0.mp4|0.5120998|(1,1250,0.5120998)
v=UK2w9Sh47fM__#1_label_G-0-0.mp4|0.5153267|(1,1198,0.5153267)
Salt.2010__#00-17-40_00-18-16_label_B1-0-0.mp4|0.50726897|(1,865,0.50726897)
v=2Rr21qkZEDQ__#00-03-00_00-04-09_label_B6-0-0.mp4|0.5211864|(1,1658,0.5211864)
Skyfall.2012__#01-20-05_01-20-20_label_B1-B2-0.mp4|0.5089126|(1,361,0.5089126)
Bullet.in.the.Head.1990__#00-41-30_00-44-16_label_B4-G-0.mp4|0.51498735|(1,3986,0.51498735)
v=5Tnl7_8RqlA__#00-11-00_00-12-45_label_B6-0-0.mp4|0.51155376|(1,2522,0.51155376)
v=BXR3d22BhHs__#00-06-00_00-07-00_label_B4-0-0.mp4|0.5109341|(1,1443,0.5109341)
The.Fast.and.the.Furious.2001__#00-52-18_00-53-36_label_B1-0-0.mp4|0.5073199|(1,1873,0.5073199)
v=gENp4SyNxkI__#1_label_B1-0-0.mp4|0.52081525|(1,1275,0.52081525)
v=YANmwpkuWRo__#1_label_G-0-0.mp4|0.51058733|(1,1080,0.51058733)
v=96N4XAJ7FKM__#1_label_B1-0-0.mp4|0.5169353|(2,4001,0.5169353,860,4860,0.5156893)
Mission.Impossible.II.2000__#01-38-25_01-38-41_label_B2-B5-0.mp4|0.5059968|(1,385,0.5059968)
v=15wDrZJQpsw__#00-00-00_00-00-51_label_B6-0-0.mp4|0.5172389|(1,1226,0.5172389)
Skyfall.2012__#01-57-40_01-58-00_label_B2-0-0.mp4|0.50389355|(1,481,0.50389355)
Spectre.2015__#02-15-30_02-16-05_label_G-0-0.mp4|0.5097055|(1,842,0.5097055)
GoldenEye.1995__#00-10-00_00-10-40_label_G-0-0.mp4|0.51399696|(1,961,0.51399696)
v=0yHBkMBE8r4__#1_label_B1-0-0.mp4|0.5139911|(2,4001,0.513862,1162,5162,0.5139911)
Bad.Boys.1995__#01-33-51_01-34-37_label_B2-0-0.mp4|0.50860447|(1,1104,0.50860447)
v=YKtw6uLEGps__#1_label_B4-0-0.mp4|0.51545954|(1,2934,0.51545954)
v=cO1UefhG7AY__#1_label_G-0-0.mp4|0.5178777|(2,4001,0.5178777,574,4574,0.51558685)
v=Lt9M_tSij_4__#00-00-00_00-04-24_label_B6-0-0.mp4|0.52737117|(2,4001,0.5216912,2336,6336,0.52737117)
v=kVl-6-A9ZO4__#00-08-01_00-09-35_label_B6-0-0.mp4|0.51899695|(1,2259,0.51899695)
v=X6Tbn8_X-Os__#1_label_B1-0-0.mp4|0.5180078|(2,4001,0.5180078,899,4899,0.51720494)
v=BQjKQbYgUBA__#1_label_B1-0-0.mp4|0.5103807|(1,3423,0.5103807)
Skyfall.2012__#02-08-44_02-09-17_label_B1-0-0.mp4|0.5051926|(1,793,0.5051926)
Deadpool.2016__#0-18-58_0-19-20_label_B1-0-0.mp4|0.5062137|(1,529,0.5062137)
v=zQbnQBCTSiA__#1_label_B1-0-0.mp4|0.5113348|(2,4001,0.5113348,1695,5695,0.51098454)
v=Hnfy9XhlIPM__#1_label_B4-0-0.mp4|0.51813585|(2,4001,0.51280147,661,4661,0.51813585)
v=ZkUciDD55kA__#00-00-00_00-00-30_label_G-0-0.mp4|0.5163431|(1,722,0.5163431)
v=MqrNCb2N5to__#1_label_B1-0-0.mp4|0.5211093|(1,2533,0.5211093)
v=_5Kmb4tqMxs__#1_label_B4-0-0.mp4|0.5115471|(1,1305,0.5115471)
Taken.2.UNRATED.EXTENDED.2012__#01-06-28_01-06-49_label_B2-0-0.mp4|0.51203007|(1,505,0.51203007)
Mission.Impossible.V.Rogue.Nation.2015__#01-19-48_01-20-20_label_B6-0-0.mp4|0.51349926|(1,770,0.51349926)
Yellow.Sea.2010__#01-04-00_01-04-50_label_B1-0-0.mp4|0.5137411|(1,1200,0.5137411)
v=HSisjzLESak__#00-00-00_00-00-51_label_B6-0-0.mp4|0.51528007|(1,1226,0.51528007)
Operation.Red.Sea.2018__#01-37-22_01-37-36_label_G-B2-0.mp4|0.5126982|(1,336,0.5126982)
Shoot.Em.Up.2007__#00-56-56_00-57-15_label_B2-0-0.mp4|0.50993115|(1,457,0.50993115)
v=jYENhkzdpO8__#00-00-00_00-01-31_label_B6-0-0.mp4|0.5178172|(1,2186,0.5178172)
New.Kids.Turbo.2010__#00-50-13_00-50-34_label_B1-0-0.mp4|0.51539123|(1,504,0.51539123)
v=bDm2-1NZBLw__#1_label_B4-0-0.mp4|0.51473796|(1,2210,0.51473796)
Bullet.in.the.Head.1990__#00-23-31_00-24-40_label_G-0-0.mp4|0.51408994|(1,1657,0.51408994)
v=ZnFlL84K7HE__#00-27-53_00-34-45_label_B4-0-0.mp4|0.5102075|(3,4001,0.51009566,4000,8001,0.50858504,5890,9890,0.5102075)
City.of.God.2002__#01-24-10_01-25-10_label_B2-0-0.mp4|0.5107408|(1,1441,0.5107408)
v=ICnreR1hxP0__#1_label_B4-0-0.mp4|0.52052456|(2,4001,0.52052456,328,4328,0.51573664)
v=2al4t5inObA__#1_label_B4-0-0.mp4|0.5080379|(1,3582,0.5080379)
v=3wxWNAM8Cso__#1_label_G-0-0.mp4|0.5196786|(2,4001,0.5144097,2063,6063,0.5196786)
v=pMtu7fOHdII__#1_label_B1-0-0.mp4|0.51163656|(1,1252,0.51163656)
Black.Hawk.Down.2001__#01-42-58_01-43-58_label_G-0-0.mp4|0.51798743|(1,1441,0.51798743)
v=ZoS8gm5OcOM__#00-07-50_00-08-55_label_B6-0-0.mp4|0.51721865|(1,1562,0.51721865)
v=tP19WuyY3IY__#00-06-10_00-07-51_label_B6-0-0.mp4|0.51685774|(1,2426,0.51685774)
v=CvMpD1yqfxI__#1_label_G-0-0.mp4|0.5155106|(1,873,0.5155106)
v=-etV57xZ4_I__#1_label_B4-0-0.mp4|0.5133567|(1,265,0.5133567)
Taken.Extended.Cut.2008__#00-50-45_00-51-04_label_B2-B6-0.mp4|0.5050203|(1,456,0.5050203)
v=UzxuX79xq4s__#1_label_B4-0-0.mp4|0.5207196|(2,4001,0.5207196,1286,5286,0.51837724)
v=EH_QB6cm6BE__#1_label_G-0-0.mp4|0.5153776|(1,658,0.5153776)
Salt.2010__#01-12-05_01-12-32_label_B2-G-0.mp4|0.5135045|(1,649,0.5135045)
v=y1z12D5bx7c__#1_label_B4-0-0.mp4|0.5254394|(2,4001,0.5251721,850,4850,0.5254394)
v=1q5V6DKH3bw__#1_label_B4-0-0.mp4|0.51170677|(1,3029,0.51170677)
v=v-Plzx73K68__#1_label_B4-0-0.mp4|0.51731396|(1,1016,0.51731396)
Mission.Impossible.Fallout.2018__#02-03-50_02-04-35_label_B1-0-0.mp4|0.50932175|(1,1080,0.50932175)
v=ZCjNPgNu42g__#1_label_B4-0-0.mp4|0.51047975|(1,3483,0.51047975)
v=7QOdBpDrmKk__#00-10-30_00-10-51_label_B6-0-0.mp4|0.51396066|(1,506,0.51396066)
v=OE9t3XImErk__#1_label_B1-0-0.mp4|0.50252587|(1,557,0.50252587)
Sin.City.2005__#0-10-40_0-11-40_label_B2-0-0.mp4|0.50060517|(1,1441,0.50060517)
v=_YobflFU_HU__#00-06-10_00-07-51_label_B6-0-0.mp4|0.516356|(1,2426,0.516356)
Casino.Royale.2006__#01-17-29_01-17-46_label_B1-0-0.mp4|0.50861377|(1,409,0.50861377)
The.Fast.and.the.Furious.2001__#00-29-00_00-29-52_label_B2-G-0.mp4|0.519207|(1,1249,0.519207)
v=2jwO15SMyuo__#1_label_B4-0-0.mp4|0.50491095|(1,2376,0.50491095)
Rush.Hour.3.2007.BluRay__#00-40-56_00-41-52_label_B2-0-0.mp4|0.5044506|(1,1345,0.5044506)
v=uQY15O3LKI0__#1_label_B6-0-0.mp4|0.51445484|(1,3970,0.51445484)
v=iegHZ_UWWsA__#00-14-05_00-20-33_label_B4-0-0.mp4|0.51301265|(3,4001,0.51142853,4000,8001,0.51039875,5314,9314,0.51301265)
God.Bless.America.2011__#00-38-25_00-39-37_label_B2-B5-0.mp4|0.5151708|(1,1729,0.5151708)
Bullet.in.the.Head.1990__#01-45-21_01-46-20_label_B2-0-0.mp4|0.50620437|(1,1417,0.50620437)
Taken.2.UNRATED.EXTENDED.2012__#01-00-00_01-00-16_label_B2-0-0.mp4|0.5153349|(1,385,0.5153349)
v=Ia9ATKNeUbY__#00-05-19_00-06-09_label_B6-0-0.mp4|0.5154394|(1,1202,0.5154394)
v=Q-u3Y9TkZhQ__#1_label_B4-0-0.mp4|0.51737076|(1,1036,0.51737076)
v=uprb6aBzymw__#00-03-03_00-05-13_label_B4-0-0.mp4|0.5199637|(1,3121,0.5199637)
v=cuUK-3MNqtw__#1_label_B1-0-0.mp4|0.5095325|(1,2063,0.5095325)
Fast.Five.2011__#00-32-05_00-32-24_label_B1-B2-0.mp4|0.50797874|(1,457,0.50797874)
Kingsman.The.Golden.Circle.2017__#00-35-55_00-36-35_label_B1-0-0.mp4|0.50580287|(1,962,0.50580287)
The.Hurt.Locker.2008__#01-27-42_01-28-09_label_G-0-0.mp4|0.5114558|(1,649,0.5114558)
Fast.Furious.6.2013__#01-38-33_01-39-20_label_B1-0-0.mp4|0.505605|(1,1129,0.505605)
v=u5SF4SlqNDQ__#00-02-39_00-03-41_label_G-0-0.mp4|0.5160387|(1,1491,0.5160387)
Tropa.de.Elite.2.2010__#00-13-41_00-14-56_label_B4-0-0.mp4|0.51049614|(1,1801,0.51049614)
Fast.Five.2011__#00-01-41_00-01-57_label_B6-0-0.mp4|0.51271623|(1,385,0.51271623)
Taken.Extended.Cut.2008__#00-33-51_00-34-03_label_B1-0-0.mp4|0.509481|(1,289,0.509481)
Taken.2.UNRATED.EXTENDED.2012__#00-45-50_00-46-20_label_G-0-0.mp4|0.51107|(1,722,0.51107)
Shoot.Em.Up.2007__#00-32-40_00-35-10_label_B2-0-0.mp4|0.5128552|(1,3601,0.5128552)
Saving.Private.Ryan.1998__#02-23-00_02-23-28_label_B1-0-0.mp4|0.51058817|(1,673,0.51058817)
The.World.Is.Not.Enough.1999__#00-10-22_00-10-40_label_G-0-0.mp4|0.51354706|(1,433,0.51354706)
Skyfall.2012__#00-06-10_00-06-25_label_B6-0-0.mp4|0.51096356|(1,361,0.51096356)
v=9Ydg5IeZpFI__#1_label_B1-0-0.mp4|0.5170482|(2,4001,0.515977,621,4621,0.5170482)
Taken.3.2014__#01-19-13_01-19-30_label_B1-0-0.mp4|0.50719035|(1,409,0.50719035)
v=oipd63DGadU__#1_label_B1-0-0.mp4|0.52035975|(1,1398,0.52035975)
Mission.Impossible.III.2006__#00-19-56_00-20-26_label_B2-0-0.mp4|0.5128019|(1,721,0.5128019)
v=m8EkFsaGPzU__#1_label_B4-0-0.mp4|0.51813483|(2,4001,0.51813483,1703,5703,0.51743615)
Sin.City.2005__#0-29-34_0-29-56_label_B2-0-0.mp4|0.49860853|(1,529,0.49860853)
Sin.City.2005__#01-51-59_01-52-29_label_B2-0-0.mp4|0.5114222|(1,721,0.5114222)
Death.Proof.2007__#01-40-41_01-42-17_label_B5-B6-0.mp4|0.51476645|(1,2305,0.51476645)
v=k98yVPXiYoU__#1_label_G-0-0.mp4|0.5146038|(1,736,0.5146038)
Young.And.Dangerous.IV.1997__#01-32-04_01-32-58_label_B1-0-0.mp4|0.51011044|(1,1297,0.51011044)
v=V7FtjJStY1M__#1_label_G-0-0.mp4|0.5121719|(1,360,0.5121719)
v=CczYDDDf22A__#1_label_G-0-0.mp4|0.5185286|(1,679,0.5185286)
v=2WkuPNLfl5s__#1_label_B4-0-0.mp4|0.50658476|(1,1242,0.50658476)
Fast.Furious.2009__#01-18-00_01-19-00_label_B2-B6-0.mp4|0.50645566|(1,1441,0.50645566)
v=GI49YSCruwY__#1_label_B4-0-0.mp4|0.51641315|(1,3032,0.51641315)
Salt.2010__#01-06-27_01-07-07_label_G-B2-0.mp4|0.51112276|(1,962,0.51112276)
v=CcD-YNlkMPY__#1_label_G-0-0.mp4|0.5163521|(1,1996,0.5163521)
v=zoIn2hOrUIM__#00-01-00_00-02-45_label_B6-0-0.mp4|0.51665574|(1,2522,0.51665574)
v=TsuuRo6PEXM__#1_label_B1-0-0.mp4|0.5156231|(2,4001,0.51479346,343,4343,0.5156231)
v=bfOlheR5nUQ__#00-04-33_00-06-02_label_B4-0-0.mp4|0.51172173|(1,2138,0.51172173)
Spectre.2015__#00-44-05_00-44-40_label_B1-B2-0.mp4|0.5049671|(1,841,0.5049671)
Haywire.2011__#01-20-20_01-21-57_label_B1-0-0.mp4|0.51422703|(1,2329,0.51422703)
v=osjdmjNJUdg__#1_label_B1-0-0.mp4|0.51327264|(1,2320,0.51327264)
Saving.Private.Ryan.1998__#02-23-58_02-24-18_label_G-0-0.mp4|0.5099882|(1,481,0.5099882)
Jason.Bourne.2016__#0-29-48_0-30-29_label_B4-0-0.mp4|0.507633|(1,985,0.507633)
Braveheart.1995__#01-26-50_01-32-30_label_B1-0-0.mp4|0.51316345|(3,4001,0.51117605,4000,8001,0.51316345,4161,8161,0.51312584)
v=wG-2t0M8CPc__#1_label_B1-0-0.mp4|0.5143403|(1,2073,0.5143403)
v=FRj2K0ulD8Q__#00-00-00_00-00-57_label_B4-0-0.mp4|0.514062|(1,1370,0.514062)
v=15wDrZJQpsw__#00-09-00_00-10-55_label_B6-0-0.mp4|0.51467663|(1,2762,0.51467663)
v=OOjjPGN8jSU__#1_label_B6-0-0.mp4|0.5136801|(2,4001,0.51270187,1918,5918,0.5136801)
The.Hurt.Locker.2008__#0-19-22_0-22-32_label_B2-B1-0.mp4|0.5144248|(2,4001,0.5124818,561,4561,0.5144248)
Bullet.in.the.Head.1990__#01-26-30_01-27-34_label_B2-0-0.mp4|0.51087815|(1,1537,0.51087815)
Fast.Furious.2009__#00-42-10_00-42-41_label_B6-0-0.mp4|0.50452435|(1,745,0.50452435)
Taken.3.2014__#01-12-48_01-14-30_label_B2-B1-0.mp4|0.51136553|(1,2449,0.51136553)
v=g2v3EkBj9Zc__#1_label_B4-0-0.mp4|0.5114513|(1,764,0.5114513)
v=UYFR-XbyZQc__#00-01-19_00-02-42_label_G-0-0.mp4|0.518917|(1,1992,0.518917)
Haywire.2011__#00-16-07_00-16-49_label_B1-0-0.mp4|0.51286954|(1,1008,0.51286954)
v=ntaXjnpusxM__#1_label_G-0-0.mp4|0.5120304|(1,688,0.5120304)
v=3xkwZk44VQs__#1_label_B4-0-0.mp4|0.5149715|(1,2517,0.5149715)
Brick.Mansions.2014__#01-02-00_01-02-43_label_B2-0-0.mp4|0.5077582|(1,1032,0.5077582)
v=rAlZRFZTwxM__#00-03-13_00-07-08_label_G-0-0.mp4|0.5169492|(2,4001,0.5113642,1641,5641,0.5169492)
v=UK--hvgP2uY__#1_label_G-0-0.mp4|0.51636064|(1,2605,0.51636064)
v=yy-KIWDcBr4__#00-16-10_00-17-19_label_B6-0-0.mp4|0.5174733|(1,1658,0.5174733)
v=k_cvJa1kNaM__#1_label_B4-0-0.mp4|0.51808673|(2,4001,0.51541257,1628,5628,0.51808673)
Deadpool.2.2018__#0-50-30_0-51-20_label_B1-0-0.mp4|0.5072006|(1,1201,0.5072006)
v=9Jk2sIp5MRQ__#1_label_G-0-0.mp4|0.5149258|(1,568,0.5149258)
v=Q7NpJXOTiMY__#1_label_G-0-0.mp4|0.5031456|(1,1628,0.5031456)
IP.Man.2.2010__#01-35-55_01-39-11_label_B1-0-0.mp4|0.5104885|(2,4001,0.5104885,704,4704,0.5102914)
The.World.Is.Not.Enough.1999__#00-07-04_00-07-45_label_G-B2-0.mp4|0.51542467|(1,984,0.51542467)
Desperado.1995__#01-14-11_01-17-28_label_B2-G-0.mp4|0.51622367|(2,4001,0.51622367,729,4729,0.51614356)
City.Of.Men.2007__#00-57-37_00-58-27_label_B2-0-0.mp4|0.50945383|(1,1200,0.50945383)
v=eqtJjxsTgtg__#1_label_G-0-0.mp4|0.5173224|(1,1194,0.5173224)
v=BXR3d22BhHs__#00-07-00_00-08-00_label_B4-0-0.mp4|0.5140527|(1,1443,0.5140527)
v=yvnj5VIDsNI__#1_label_B4-0-0.mp4|0.51176|(2,4001,0.51176,890,4890,0.51034236)
v=ONsmJAyFAAw__#1_label_G-0-0.mp4|0.5176457|(1,1563,0.5176457)
v=qqsd-cZr01k__#00-06-10_00-07-19_label_B6-0-0.mp4|0.5149774|(1,1658,0.5149774)
Rush.Hour.1998.BluRay__#00-08-08_00-09-15_label_B2-B6-G.mp4|0.5093443|(1,1609,0.5093443)
Sin.City.2005__#0-43-45_0-44-01_label_B2-0-0.mp4|0.510112|(1,385,0.510112)
v=rJz4NXm6vis__#1_label_B4-0-0.mp4|0.5140357|(1,1892,0.5140357)
The.Bourne.Ultimatum.2007__#01-26-27_01-28-03_label_B2-B6-0.mp4|0.509537|(1,2305,0.509537)
v=73uRcX0Dvfc__#00-00-00_00-01-51_label_B6-G-0.mp4|0.5180848|(1,2666,0.5180848)
GoldenEye.1995__#00-24-53_00-25-06_label_B1-0-0.mp4|0.50491965|(1,313,0.50491965)
v=gsz_P8t-KM4__#1_label_B4-0-0.mp4|0.51450604|(3,4001,0.51450604,4000,8001,0.5133816,5741,9741,0.5144208)
v=PWBZiM-rkoE__#1_label_G-0-0.mp4|0.5142345|(1,2711,0.5142345)
v=J_ZsNd97wXw__#1_label_G-0-0.mp4|0.5200102|(1,1204,0.5200102)
Saving.Private.Ryan.1998__#02-16-58_02-17-13_label_G-0-0.mp4|0.5118474|(1,361,0.5118474)
v=CoxsDkB-rWU__#00-07-06_00-10-30_label_B4-0-0.mp4|0.52435744|(2,4001,0.5238133,898,4898,0.52435744)
Fast.Furious.2009__#00-21-06_00-21-57_label_B6-B2-0.mp4|0.50771457|(1,1225,0.50771457)
v=wVey5JDRf_g__#00-00-00_00-01-20_label_B6-0-0.mp4|0.5207752|(1,1922,0.5207752)
Shoot.Em.Up.2007__#00-53-25_00-56-47_label_B2-0-0.mp4|0.5164208|(2,4001,0.51570785,850,4850,0.5164208)
Deadpool.2.2018__#0-04-46_0-05-01_label_B2-0-0.mp4|0.5156919|(1,361,0.5156919)
v=0qtIjyt-7wg__#00-01-00_00-02-45_label_B6-0-0.mp4|0.5218776|(1,2522,0.5218776)
v=wnd3IYH7x1o__#1_label_G-0-0.mp4|0.51247394|(1,1139,0.51247394)
v=Dh-3BlhAOnE__#00-00-00_00-13-36_label_B4-0-0.mp4|0.5155703|(5,4001,0.5155703,4000,8001,0.5047119,8000,12001,0.51434726,12000,16001,0.51347214,15586,19586,0.51024884)
v=waIS8TaJxts__#00-09-00_00-10-45_label_B6-0-0.mp4|0.5120453|(1,2522,0.5120453)
Ip.Man.2008__#01-14-31_01-15-24_label_B1-0-0.mp4|0.51392144|(1,1274,0.51392144)
v=8oTjTufJnXI__#1_label_G-0-0.mp4|0.51809675|(1,2694,0.51809675)
v=3y2OOc6WTrg__#1_label_B1-0-0.mp4|0.5100917|(2,4001,0.50988305,352,4352,0.5100917)
v=k7R_Qo-BiAw__#00-10-30_00-10-51_label_B6-0-0.mp4|0.5142413|(1,506,0.5142413)
Love.Death.and.Robots.S01E13__#0-11-48_0-12-07_label_G-0-0.mp4|0.5116301|(1,456,0.5116301)
Braveheart.1995__#02-07-00_02-08-15_label_B1-0-0.mp4|0.51477987|(1,1802,0.51477987)
Saving.Private.Ryan.1998__#02-20-00_02-20-13_label_G-0-0.mp4|0.51315355|(1,313,0.51315355)
v=yy-KIWDcBr4__#00-08-35_00-10-25_label_B6-0-0.mp4|0.5176156|(1,2642,0.5176156)
v=vhACO_m5pH0__#00-14-42_00-15-40_label_B6-0-0.mp4|0.5213864|(1,1394,0.5213864)
v=7zEFHKKBA0g__#1_label_B4-0-0.mp4|0.5223213|(2,4001,0.5223213,420,4420,0.520404)
Saving.Private.Ryan.1998__#00-47-50_00-49-35_label_B2-0-0.mp4|0.5173979|(1,2521,0.5173979)
v=cEOM18n8fhU__#1_label_G-0-0.mp4|0.5156641|(1,2831,0.5156641)
v=aWPWHU8x6kE__#1_label_B4-0-0.mp4|0.5105866|(2,4001,0.5082193,829,4829,0.5105866)
v=yrpZJ8Vr3aA__#1_label_B1-0-0.mp4|0.5064592|(1,2354,0.5064592)
v=w16YmhAZ1_Y__#1_label_G-0-0.mp4|0.5103892|(1,1480,0.5103892)
v=1djrJ0wxlYo__#1_label_B4-0-0.mp4|0.51522416|(1,1536,0.51522416)
Casino.Royale.2006__#00-50-05_00-51-16_label_B1-B2-B6.mp4|0.5062617|(1,1705,0.5062617)
v=SE5fxK7SasU__#00-03-23_00-04-08_label_B4-0-0.mp4|0.50026286|(1,1082,0.50026286)
Operation.Red.Sea.2018__#0-29-36_0-30-20_label_B2-G-0.mp4|0.5140534|(1,1056,0.5140534)
v=7rDRFFSUrPI__#00-01-50_00-02-32_label_G-0-0.mp4|0.51434565|(1,1010,0.51434565)
Casino.Royale.2006__#01-46-40_01-47-14_label_B6-0-0.mp4|0.50568265|(1,817,0.50568265)
v=u0Tnw01PNxc__#1_label_B4-0-0.mp4|0.5161158|(1,1377,0.5161158)
v=ZoS8gm5OcOM__#00-06-20_00-07-30_label_B6-0-0.mp4|0.51775324|(1,1682,0.51775324)
Rush.Hour.1998.BluRay__#01-25-21_01-25-46_label_B2-0-0.mp4|0.5132536|(1,602,0.5132536)
Fast.Furious.6.2013__#01-03-25_01-04-59_label_B1-0-0.mp4|0.5036197|(1,2256,0.5036197)
Brick.Mansions.2014__#00-16-26_00-17-12_label_B1-0-0.mp4|0.50946623|(1,1104,0.50946623)
v=fIlmgvc-bUk__#1_label_B4-0-0.mp4|0.5144586|(1,1415,0.5144586)
v=GqMh_HBNWZE__#00-01-00_00-02-45_label_B6-0-0.mp4|0.51775706|(1,2522,0.51775706)
v=PuZy1PQIgrA__#1_label_B1-0-0.mp4|0.50878763|(1,2816,0.50878763)
v=OFxPTJxA5pg__#1_label_B4-0-0.mp4|0.52201575|(5,4001,0.51920086,4000,8001,0.5187039,8000,12001,0.52201575,12000,16001,0.5188403,13542,17542,0.5204657)
v=vhACO_m5pH0__#00-20-42_00-22-40_label_B6-0-0.mp4|0.52142227|(1,2834,0.52142227)
Mindhunters.2004__#01-19-00_01-20-05_label_B2-0-0.mp4|0.50520706|(1,1561,0.50520706)
v=RUjrMYWhLng__#1_label_B6-0-0.mp4|0.52046317|(3,4001,0.51834273,4000,8001,0.51952666,6434,10434,0.52046317)
v=iHuggczItBk__#00-01-00_00-02-45_label_B6-0-0.mp4|0.5202628|(1,2522,0.5202628)
v=GbMQ2CxeNHU__#1_label_B4-0-0.mp4|0.5205279|(2,4001,0.517816,1490,5490,0.5205279)
v=ROrpKx3aIjA__#1_label_G-0-0.mp4|0.5058697|(1,1300,0.5058697)
v=abATVcjFumY__#1_label_G-0-0.mp4|0.5150335|(1,1835,0.5150335)
v=T-LH8Gv5zzY__#1_label_B4-0-0.mp4|0.519329|(1,2426,0.519329)
Sin.City.2005__#0-06-42_0-07-06_label_B1-0-0.mp4|0.51103544|(1,577,0.51103544)
Fast.Furious.6.2013__#00-45-40_00-47-13_label_B2-0-0.mp4|0.51115143|(1,2233,0.51115143)
v=X4I8FhpGJwo__#00-09-00_00-10-45_label_B6-0-0.mp4|0.5193818|(1,2522,0.5193818)
v=zI0q5UDP47g__#1_label_B4-0-0.mp4|0.5074726|(1,3603,0.5074726)
v=HSisjzLESak__#00-01-00_00-02-45_label_B6-0-0.mp4|0.51759964|(1,2522,0.51759964)
v=gbRIKogNZvE__#1_label_B4-0-0.mp4|0.5176902|(1,2990,0.5176902)
Fury.2014__#00-07-30_00-07-58_label_G-0-0.mp4|0.5067455|(1,673,0.5067455)
Haywire.2011__#00-03-51_00-05-12_label_B1-B2-0.mp4|0.5101626|(1,1945,0.5101626)
v=8ewWXhYRUNs__#1_label_B1-0-0.mp4|0.516323|(1,1369,0.516323)
v=JfLYNEsrTew__#1_label_G-0-0.mp4|0.5094494|(1,750,0.5094494)
GoldenEye.1995__#02-03-40_02-04-13_label_G-0-0.mp4|0.51141316|(1,794,0.51141316)
Deadpool.2.2018__#01-03-09_01-03-54_label_B4-0-0.mp4|0.5056336|(1,1081,0.5056336)
v=sE-DC2trBkI__#00-01-00_00-02-45_label_B6-0-0.mp4|0.5175538|(1,2522,0.5175538)
v=QWwDsPSe7iM__#1_label_B4-0-0.mp4|0.51016843|(1,2334,0.51016843)
v=rKpXqwE2rg8__#00-01-57_00-03-06_label_B4-0-0.mp4|0.51091486|(1,1658,0.51091486)
v=qqsd-cZr01k__#00-01-00_00-02-45_label_B6-0-0.mp4|0.5239213|(1,2522,0.5239213)
v=waIS8TaJxts__#00-07-40_00-08-50_label_B6-0-0.mp4|0.5122913|(1,1682,0.5122913)
Jason.Bourne.2016__#0-50-20_0-50-30_label_G-0-0.mp4|0.5138424|(1,241,0.5138424)
v=8oJMGgaww70__#1_label_B4-0-0.mp4|0.5156817|(1,3595,0.5156817)
Mission.Impossible.Ghost.Protocol.2011__#01-12-38_01-13-43_label_B1-0-0.mp4|0.50904804|(1,1561,0.50904804)
v=3e3C-LQWF2s__#1_label_B1-0-0.mp4|0.5128529|(2,4001,0.5128529,421,4421,0.51196975)
v=yDqThVpu1AM__#1_label_B4-0-0.mp4|0.50770575|(1,744,0.50770575)
v=u5SF4SlqNDQ__#00-00-00_00-01-00_label_G-0-0.mp4|0.51781833|(1,1442,0.51781833)
v=DD3jfKr8e-k__#00-00-00_00-01-40_label_B4-0-0.mp4|0.511364|(1,2402,0.511364)
Bullet.in.the.Head.1990__#00-17-20_00-18-55_label_B1-0-0.mp4|0.5094045|(1,2281,0.5094045)
v=CFfc4UWzVB8__#00-00-00_00-00-30_label_B4-0-0.mp4|0.520762|(1,722,0.520762)
v=251___mEwZA__#1_label_B1-0-0.mp4|0.5203622|(2,4001,0.52005035,577,4577,0.5203622)
v=FRj2K0ulD8Q__#00-04-16_00-06-05_label_B4-0-0.mp4|0.517435|(1,2618,0.517435)
v=_BgJEXQkjNQ__#1_label_G-0-0.mp4|0.5144261|(3,4001,0.5111166,4000,8001,0.51266646,4139,8139,0.5144261)
v=waIS8TaJxts__#00-01-30_00-02-45_label_B6-0-0.mp4|0.5192923|(1,1802,0.5192923)
v=Y43UkfAe_bc__#00-00-00_00-01-40_label_B4-0-0.mp4|0.51396143|(1,2402,0.51396143)
v=tT-SrQC6Ddw__#00-04-00_00-05-15_label_B6-0-0.mp4|0.5156519|(1,1800,0.5156519)
v=qrKfaX1lCUM__#1_label_G-0-0.mp4|0.5119749|(2,4001,0.5119749,3409,7409,0.5097057)
The.Bourne.Identity.2002__#0-19-53_0-21-48_label_B1-0-0.mp4|0.5113221|(1,2761,0.5113221)
Desperado.1995__#00-38-36_00-39-21_label_B1-B2-0.mp4|0.5162065|(1,1081,0.5162065)
Spectre.2015__#02-02-57_02-03-27_label_B1-B2-0.mp4|0.50198364|(1,722,0.50198364)
v=PRH5rYUHoVU__#00-00-25_00-02-50_label_B6-0-0.mp4|0.5269016|(1,3480,0.5269016)
Fast.Furious.2009__#01-29-10_01-29-55_label_B2-0-0.mp4|0.5086097|(1,1080,0.5086097)
The.Bourne.Identity.2002__#01-45-00_01-45-46_label_B1-0-0.mp4|0.503496|(1,1104,0.503496)
v=KUeUxbsBO6s__#1_label_B1-0-0.mp4|0.50871164|(1,2748,0.50871164)
Spectre.2015__#01-32-55_01-35-40_label_B1-B2-0.mp4|0.51096183|(1,3962,0.51096183)
v=2Rr21qkZEDQ__#00-14-10_00-16-09_label_B6-0-0.mp4|0.51825154|(1,2858,0.51825154)
v=J67oj92maC0__#1_label_G-0-0.mp4|0.51859224|(2,4001,0.5162084,673,4673,0.51859224)
v=aQ3qMpgZjwg__#00-00-00_00-01-48_label_B4-0-0.mp4|0.5167382|(1,2593,0.5167382)
Quantum.Of.Solace.2008__#01-30-26_01-30-42_label_B2-B1-0.mp4|0.51094073|(1,384,0.51094073)
Sin.City.2005__#0-22-04_0-22-18_label_B5-0-0.mp4|0.50837356|(1,337,0.50837356)
Fast.Five.2011__#01-29-27_01-32-05_label_B1-0-0.mp4|0.51086295|(1,3793,0.51086295)
Taken.3.2014__#01-09-26_01-09-54_label_G-0-0.mp4|0.5111965|(1,674,0.5111965)
God.Bless.America.2011__#01-32-00_01-32-50_label_B2-0-0.mp4|0.5127075|(1,1201,0.5127075)
v=afhttnv46Y4__#1_label_B1-0-0.mp4|0.50879544|(1,2500,0.50879544)
v=EOAfl8yMiN8__#00-00-00_00-00-51_label_B6-0-0.mp4|0.5168833|(1,1226,0.5168833)
Black.Hawk.Down.2001__#01-32-40_01-34-00_label_B4-0-0.mp4|0.5063644|(1,1921,0.5063644)
v=35zynOrkvMk__#1_label_G-0-0.mp4|0.51402086|(1,365,0.51402086)
Mission.Impossible.II.2000__#01-18-55_01-20-53_label_B2-0-0.mp4|0.51262105|(1,2833,0.51262105)
Young.And.Dangerous.IV.1997__#01-07-50_01-09-45_label_B1-0-0.mp4|0.507944|(1,2761,0.507944)
v=vaSOMEIe1Bg__#1_label_G-0-0.mp4|0.51444393|(1,1385,0.51444393)
Sin.City.2005__#0-32-00_0-32-16_label_B2-0-0.mp4|0.50502485|(1,384,0.50502485)
Kill.Bill.Vol.1.2003__#01-21-39_01-26-55_label_B1-0-0.mp4|0.5148605|(2,4001,0.50555944,3585,7585,0.5148605)
Mission.Impossible.II.2000__#01-29-30_01-29-44_label_B1-0-0.mp4|0.50724417|(1,337,0.50724417)
v=38GQ9L2meyE__#1_label_B6-0-0.mp4|0.51669616|(2,4001,0.5157607,650,4650,0.51669616)
v=HSisjzLESak__#00-07-40_00-08-50_label_B6-0-0.mp4|0.5208989|(1,1682,0.5208989)
Spectre.2015__#01-10-35_01-10-53_label_B2-0-0.mp4|0.5143343|(1,433,0.5143343)
Ip.Man.2008__#00-48-57_00-50-47_label_B1-0-0.mp4|0.50691104|(1,2641,0.50691104)
Yellow.Sea.2010__#01-58-30_01-59-27_label_B5-0-0.mp4|0.5093278|(1,1369,0.5093278)
City.of.God.2002__#00-37-20_00-38-02_label_B5-0-0.mp4|0.5141139|(1,1009,0.5141139)
v=BFPkt0AuSFA__#1_label_B4-0-0.mp4|0.5080356|(1,3380,0.5080356)
Haywire.2011__#00-39-07_00-41-48_label_B1-B2-0.mp4|0.51119137|(1,3865,0.51119137)
v=Z12t5h2mBJc__#1_label_B1-0-0.mp4|0.51832974|(2,4001,0.51832974,1047,5047,0.51756984)
Taken.2.UNRATED.EXTENDED.2012__#00-13-42_00-14-16_label_B5-0-0.mp4|0.50471735|(1,818,0.50471735)
v=fhiAyxpDQMU__#1_label_B4-0-0.mp4|0.5104405|(1,3985,0.5104405)
Jason.Bourne.2016__#0-17-25_0-18-53_label_B4-0-0.mp4|0.5060254|(1,2112,0.5060254)
Ip.Man.3.2015__#00-17-51_00-18-51_label_B1-0-0.mp4|0.5150932|(1,1440,0.5150932)
Death.Proof.2007__#00-45-05_00-47-36_label_B5-0-0.mp4|0.50641686|(1,3625,0.50641686)
v=nLAapCIlr-o__#00-08-35_00-10-25_label_B6-0-0.mp4|0.5235207|(1,2642,0.5235207)
v=CUr-Mg8Hmh0__#1_label_G-0-0.mp4|0.5260395|(2,4001,0.5260395,1043,5043,0.5258969)
The.Bourne.Legacy.2012__#0-39-56_0-40-15_label_G-0-0.mp4|0.5072842|(1,457,0.5072842)
v=0qtIjyt-7wg__#00-04-00_00-05-15_label_B6-0-0.mp4|0.51934946|(1,1802,0.51934946)
v=DtxU8UYiFws__#1_label_G-0-0.mp4|0.5203682|(1,1450,0.5203682)
v=f6j3YWgVBto__#00-06-16_00-06-51_label_B6-0-0.mp4|0.5106696|(1,840,0.5106696)
Black.Hawk.Down.2001__#02-00-12_02-01-29_label_B2-0-0.mp4|0.51319224|(1,1850,0.51319224)
v=X1arMZmYhsk__#00-13-00_00-14-09_label_B6-0-0.mp4|0.5233605|(1,1658,0.5233605)
Saving.Private.Ryan.1998__#02-25-42_02-26-03_label_B2-0-0.mp4|0.5126521|(1,505,0.5126521)
v=LJ0Pu5_Mefs__#1_label_G-0-0.mp4|0.5202823|(1,984,0.5202823)
The.Hurt.Locker.2008__#01-02-10_01-03-55_label_B2-0-0.mp4|0.5152284|(1,2521,0.5152284)
v=rXWOpZ7W2fA__#1_label_B1-0-0.mp4|0.51037866|(1,2796,0.51037866)
Casino.Royale.2006__#00-51-16_00-52-41_label_B1-B6-0.mp4|0.50434124|(1,2041,0.50434124)
Brick.Mansions.2014__#00-11-57_00-12-12_label_B2-0-0.mp4|0.5044364|(1,360,0.5044364)
The.Bourne.Identity.2002__#01-27-39_01-29-19_label_B2-0-0.mp4|0.50880456|(1,2400,0.50880456)
v=xe4ee56aHSg__#1_label_G-0-0.mp4|0.50738907|(1,532,0.50738907)
Desperado.1995__#00-16-48_00-18-52_label_B1-0-0.mp4|0.50831825|(1,2977,0.50831825)
v=6TR2rcgHm4g__#1_label_B4-0-0.mp4|0.50899625|(1,1621,0.50899625)
v=w2NgAYJHnS0__#1_label_G-0-0.mp4|0.51186365|(1,1011,0.51186365)
Sin.City.2005__#01-19-08_01-19-23_label_G-0-0.mp4|0.5038407|(1,361,0.5038407)
Braveheart.1995__#02-05-34_02-06-40_label_B1-0-0.mp4|0.5110755|(1,1585,0.5110755)
v=uBXprlsmd18__#00-06-10_00-07-19_label_B6-0-0.mp4|0.52122134|(1,1658,0.52122134)
Fast.Five.2011__#00-32-56_00-33-26_label_B2-0-0.mp4|0.5133408|(1,721,0.5133408)
v=YhCSFZNwfHc__#00-01-15_00-01-42_label_G-B2-0.mp4|0.5189652|(1,648,0.5189652)
Bullet.in.the.Head.1990__#02-02-00_02-05-22_label_B2-B6-G.mp4|0.519564|(2,4001,0.5160875,849,4849,0.519564)
v=7isLhaNYgkU__#1_label_B4-0-0.mp4|0.518499|(2,4001,0.5137337,1706,5706,0.518499)
City.Of.Men.2007__#00-51-50_00-53-31_label_B2-0-0.mp4|0.5046187|(1,2425,0.5046187)
wangted.2008__#0-22-55_0-23-40_label_B2-0-0.mp4|0.5086214|(1,1081,0.5086214)
v=CLFYvG6MsZU__#00-02-16_00-05-06_label_B2-0-0.mp4|0.5122183|(2,4001,0.5115718,83,4083,0.5122183)
Bad.Boys.1995__#01-11-55_01-12-40_label_G-B2-B6.mp4|0.51337564|(1,1081,0.51337564)
GoldenEye.1995__#01-17-05_01-19-57_label_B2-B1-0.mp4|0.507989|(2,4001,0.50773835,129,4129,0.507989)
Kill.Bill.Vol.2.2004__#0-25-20_0-26-20_label_B2-0-0.mp4|0.50850517|(1,1441,0.50850517)
v=wVey5JDRf_g__#00-04-09_00-05-06_label_B6-0-0.mp4|0.52101487|(1,1371,0.52101487)
v=tv0rI-5ycBU__#1_label_B4-0-0.mp4|0.5149379|(1,3249,0.5149379)
Yellow.Sea.2010__#01-05-40_01-06-47_label_B1-B2-0.mp4|0.51346004|(1,1609,0.51346004)
v=YdrISbwy_zI__#1_label_G-0-0.mp4|0.51024354|(1,1723,0.51024354)
v=pL2HjXvWuPc__#1_label_B1-0-0.mp4|0.5120871|(2,4001,0.5120871,836,4836,0.51164526)
v=7xQr5wYwNPg__#1_label_B4-0-0.mp4|0.50831485|(1,1121,0.50831485)
v=vv-MFJPi4Qs__#1_label_G-0-0.mp4|0.51664|(1,1004,0.51664)
Mission.Impossible.III.2006__#01-06-52_01-07-15_label_G-0-0.mp4|0.509945|(1,553,0.509945)
Mission.Impossible.V.Rogue.Nation.2015__#01-15-52_01-16-48_label_B6-B2-0.mp4|0.51772964|(1,1344,0.51772964)
Spectre.2015__#01-08-58_01-09-20_label_B1-B2-0.mp4|0.5144057|(1,529,0.5144057)
v=OB0-MXNPUIU__#1_label_B4-0-0.mp4|0.5190829|(2,4001,0.5190829,21,4021,0.51906884)
Kill.Bill.Vol.1.2003__#01-26-56_01-28-18_label_B1-0-0.mp4|0.50206167|(1,1969,0.50206167)
v=wPkBaI6vOv0__#00-00-00_00-01-00_label_G-0-0.mp4|0.5147445|(1,1442,0.5147445)
v=0qtIjyt-7wg__#00-00-00_00-00-51_label_B6-0-0.mp4|0.519611|(1,1226,0.519611)
v=S-7rRLrxnVQ__#1_label_B4-0-0.mp4|0.50832564|(1,3273,0.50832564)
Ip.Man.2008__#00-46-51_00-47-30_label_B1-0-0.mp4|0.5039676|(1,937,0.5039676)
City.of.God.2002__#01-52-20_01-54-32_label_B2-0-0.mp4|0.5075066|(1,3169,0.5075066)
v=vhACO_m5pH0__#00-09-42_00-10-40_label_B6-0-0.mp4|0.52186775|(1,1394,0.52186775)
Mission.Impossible.II.2000__#01-25-08_01-25-31_label_B2-0-0.mp4|0.5056985|(1,553,0.5056985)
Taken.2.UNRATED.EXTENDED.2012__#01-18-40_01-19-00_label_B1-0-0.mp4|0.50934863|(1,481,0.50934863)
v=bfOlheR5nUQ__#00-00-00_00-04-33_label_B4-0-0.mp4|0.51470715|(2,4001,0.5140458,2554,6554,0.51470715)
The.Fast.and.the.Furious.2001__#01-14-04_01-15-20_label_B1-0-0.mp4|0.5146895|(1,1825,0.5146895)
v=zoIn2hOrUIM__#00-06-10_00-07-19_label_B6-0-0.mp4|0.5100853|(1,1658,0.5100853)
Ip.Man.3.2015__#00-46-08_00-54-20_label_B1-0-0.mp4|0.5182535|(3,4001,0.5182535,4000,8001,0.5140226,7808,11808,0.51514477)
v=D1eP4Bn4hDQ__#00-09-20_00-10-45_label_B6-0-0.mp4|0.52803665|(1,2040,0.52803665)
v=ADQNFs9bfFk__#00-00-00_00-00-58_label_B4-0-0.mp4|0.5136967|(1,1394,0.5136967)
Young.And.Dangerous.I.1996__#0-46-25_0-46-55_label_B6-0-0.mp4|0.5054146|(1,722,0.5054146)
v=NnmqkS1e88s__#1_label_B4-0-0.mp4|0.5142748|(1,1752,0.5142748)
v=hxyhulJYz5I__#00-06-09_00-07-00_label_B6-0-0.mp4|0.5224152|(1,1226,0.5224152)
v=Rc9EOFjtj0c__#1_label_B6-0-0.mp4|0.51446384|(1,3365,0.51446384)
Rush.Hour.3.2007.BluRay__#00-04-59_00-05-31_label_B2-0-0.mp4|0.5040901|(1,769,0.5040901)
v=WiS3TIvykeY__#1_label_B4-0-0.mp4|0.5212214|(1,1562,0.5212214)
Taken.3.2014__#01-04-50_01-05-05_label_B1-0-0.mp4|0.51000756|(1,361,0.51000756)
Young.And.Dangerous.III.1996__#00-23-00_00-25-54_label_B4-0-0.mp4|0.5107961|(2,4001,0.5107961,178,4178,0.51063955)
v=78u9uBJBqIw__#1_label_B4-B5-0.mp4|0.5109622|(1,3486,0.5109622)
v=FRj2K0ulD8Q__#00-06-05_00-08-25_label_B4-0-0.mp4|0.5139584|(1,3339,0.5139584)
The.Hurt.Locker.2008__#0-08-45_0-09-57_label_G-0-0.mp4|0.5115264|(1,1729,0.5115264)
Bad.Boys.II.2003__#00-06-42_00-10-00_label_B2-G-0.mp4|0.51236993|(2,4001,0.511802,753,4753,0.51236993)
v=EOAfl8yMiN8__#00-03-00_00-04-09_label_B6-0-0.mp4|0.5145823|(1,1658,0.5145823)
v=v_LxqgpRouM__#1_label_G-0-0.mp4|0.51900226|(1,889,0.51900226)
The.Bourne.Legacy.2012__#0-59-18_01-01-52_label_B2-B1-0.mp4|0.5096112|(1,3697,0.5096112)
v=p7kvQ4OpDgU__#1_label_B4-0-0.mp4|0.5097063|(1,1889,0.5097063)
v=sE-DC2trBkI__#00-09-00_00-10-05_label_B6-0-0.mp4|0.5181238|(1,1563,0.5181238)
v=vhACO_m5pH0__#00-17-42_00-18-40_label_B6-0-0.mp4|0.52187943|(1,1394,0.52187943)
wangted.2008__#0-45-25_0-47-01_label_B1-0-0.mp4|0.50742126|(1,2305,0.50742126)
v=AF9p0YA0hyA__#00-00-45_00-01-44_label_B4-0-0.mp4|0.5165397|(1,1418,0.5165397)
Tropa.de.Elite.2.2010__#00-42-00_00-43-00_label_B2-0-0.mp4|0.5198779|(1,1441,0.5198779)
v=DRGMajXo_PI__#00-02-15_00-03-02_label_G-0-0.mp4|0.5127876|(1,1130,0.5127876)
New.Kids.Turbo.2010__#00-22-35_00-23-14_label_B1-0-0.mp4|0.51367396|(1,936,0.51367396)
v=uBXprlsmd18__#00-03-00_00-04-09_label_B6-0-0.mp4|0.5170092|(1,1658,0.5170092)
Mission.Impossible.Ghost.Protocol.2011__#01-56-52_01-57-03_label_B1-0-0.mp4|0.502834|(1,264,0.502834)
v=pFamvR9CpYw__#00-06-36_00-15-20_label_B4-0-0.mp4|0.5244749|(4,4001,0.5172824,4000,8001,0.5244749,8000,12001,0.5182007,8579,12579,0.51988345)
v=tivXK3PGByk__#1_label_B1-0-0.mp4|0.51569504|(1,3690,0.51569504)
v=nLAapCIlr-o__#00-11-00_00-12-45_label_B6-0-0.mp4|0.5163649|(1,2522,0.5163649)
Mission.Impossible.II.2000__#01-32-56_01-33-25_label_B1-0-0.mp4|0.50202435|(1,697,0.50202435)
Mission.Impossible.Ghost.Protocol.2011__#00-01-18_00-01-40_label_B2-0-0.mp4|0.51433134|(1,529,0.51433134)
v=FfrXebzAwOg__#00-06-10_00-07-19_label_B6-0-0.mp4|0.5205886|(1,1658,0.5205886)
Mission.Impossible.Fallout.2018__#00-39-18_00-40-36_label_B1-0-0.mp4|0.5081046|(1,1873,0.5081046)
v=Q9Re4CnFJRg__#00-01-21_00-01-47_label_G-0-0.mp4|0.51988083|(1,624,0.51988083)
v=sE-DC2trBkI__#00-03-00_00-04-09_label_B6-0-0.mp4|0.5147669|(1,1658,0.5147669)
v=utQ5AvXtNLA__#1_label_B4-0-0.mp4|0.5146288|(1,1076,0.5146288)
v=waIS8TaJxts__#00-05-50_00-06-20_label_B6-0-0.mp4|0.51829994|(1,723,0.51829994)
Fast.Furious.2009__#00-25-59_00-26-25_label_B1-0-0.mp4|0.5065984|(1,625,0.5065984)
Love.Death.and.Robots.S01E15__#0-05-38_0-06-18_label_G-0-0.mp4|0.5109774|(1,960,0.5109774)
The.Fast.and.the.Furious.2001__#01-37-40_01-38-30_label_B6-0-0.mp4|0.5160625|(1,1201,0.5160625)
v=BpargJW29Wo__#00-00-50_00-01-30_label_B1-0-0.mp4|0.5133067|(1,962,0.5133067)
Operation.Red.Sea.2018__#01-20-58_01-22-00_label_B5-0-0.mp4|0.51064676|(1,1488,0.51064676)
v=O9g1uuI62m0__#1_label_B4-0-0.mp4|0.5137778|(2,4001,0.5137778,545,4545,0.5134983)
v=U6MC8JJJZSY__#1_label_G-0-0.mp4|0.51850075|(1,1045,0.51850075)
Mission.Impossible.III.2006__#01-54-02_01-54-40_label_B2-0-0.mp4|0.51155967|(1,913,0.51155967)
v=qmsQ-obL1Z4__#00-03-26_00-04-04_label_B6-0-0.mp4|0.5131353|(1,912,0.5131353)
v=Ia9ATKNeUbY__#00-01-52_00-03-10_label_B6-0-0.mp4|0.5257471|(1,1874,0.5257471)
v=_tsSKAsVZfo__#1_label_B4-0-0.mp4|0.50761634|(1,2534,0.50761634)
v=iHuggczItBk__#00-04-00_00-04-55_label_B6-0-0.mp4|0.5127945|(1,1322,0.5127945)
v=sbEHU4GskX4__#1_label_B1-0-0.mp4|0.51936364|(1,2832,0.51936364)
IP.Man.2.2010__#00-07-14_00-09-13_label_B1-0-0.mp4|0.5230653|(1,2856,0.5230653)
Young.And.Dangerous.I.1996__#0-20-50_0-22-15_label_B1-0-0.mp4|0.50809145|(1,2041,0.50809145)
v=X4I8FhpGJwo__#00-07-40_00-08-50_label_B6-0-0.mp4|0.520933|(1,1682,0.520933)
v=qyTGi0N4OVg__#1_label_G-0-0.mp4|0.5076404|(1,1248,0.5076404)
v=vhACO_m5pH0__#00-10-42_00-11-40_label_B6-0-0.mp4|0.5201318|(1,1394,0.5201318)
Tropa.de.Elite.2.2010__#00-46-11_00-46-50_label_B2-0-0.mp4|0.50919235|(1,937,0.50919235)
v=5Ftl4nOSytc__#1_label_G-0-0.mp4|0.5122072|(1,2282,0.5122072)
GoldenEye.1995__#02-02-15_02-02-47_label_B1-0-0.mp4|0.51000595|(1,770,0.51000595)
Casino.Royale.2006__#00-18-30_00-19-20_label_G-B2-0.mp4|0.5152566|(1,1201,0.5152566)
Braveheart.1995__#00-56-30_00-57-20_label_B1-0-0.mp4|0.5024983|(1,1200,0.5024983)
v=0W8LohxH9nI__#1_label_B1-0-0.mp4|0.5123393|(1,1413,0.5123393)
Operation.Red.Sea.2018__#0-02-17_0-02-37_label_B2-0-0.mp4|0.50970954|(1,480,0.50970954)
v=pHZ9gOfmY_k__#1_label_B4-0-0.mp4|0.51926273|(2,4001,0.51926273,1179,5179,0.51799446)
v=waIS8TaJxts__#00-00-00_00-00-51_label_B6-0-0.mp4|0.5175521|(1,1226,0.5175521)
v=6KQFxxHmVMc__#1_label_B1-0-0.mp4|0.50581306|(1,3654,0.50581306)
Skyfall.2012__#00-03-22_00-03-40_label_B6-0-0.mp4|0.5103203|(1,433,0.5103203)
Fury.2014__#00-39-36_00-40-44_label_B1-B2-0.mp4|0.5090415|(1,1634,0.5090415)
v=MJLylzPRvyw__#1_label_B4-0-0.mp4|0.51059645|(1,3587,0.51059645)
v=Q8K7roZu3WU__#1_label_B1-0-0.mp4|0.5075942|(1,1295,0.5075942)
v=BzwNU2xmT64__#00-01-00_00-02-45_label_B6-0-0.mp4|0.51849395|(1,2522,0.51849395)
v=FW_qbiPH7UA__#1_label_B1-0-0.mp4|0.51084286|(1,3283,0.51084286)
v=TOEVc-pOEwM__#00-08-40_00-10-40_label_B6-0-0.mp4|0.51624644|(1,2883,0.51624644)
v=HUL83wCQATc__#1_label_B1-0-0.mp4|0.5160432|(1,2103,0.5160432)
v=IWzI9V3WSnc__#1_label_B4-0-0.mp4|0.51102364|(1,2689,0.51102364)
v=0N0PbzjEg0U__#1_label_B4-0-0.mp4|0.5124795|(1,1518,0.5124795)
v=TfS-MJoVNjM__#1_label_B4-0-0.mp4|0.5167882|(1,1311,0.5167882)
v=m5zK-tzYCQM__#1_label_B4-0-0.mp4|0.5101763|(1,1755,0.5101763)
v=Y1hxr1MWLjM__#1_label_B1-0-0.mp4|0.5109592|(1,3071,0.5109592)
Love.Death.and.Robots.S01E10__#0-01-00_0-02-13_label_B2-G-0.mp4|0.51754636|(1,1752,0.51754636)
v=H5W58Loofks__#00-05-50_00-06-20_label_B6-0-0.mp4|0.5124472|(1,723,0.5124472)
v=d5lTTPvJLpw__#1_label_B4-0-0.mp4|0.51636267|(2,4001,0.51636267,2277,6277,0.51451045)
Crank.Dircut.2006__#0-27-42_0-29-01_label_B1-0-0.mp4|0.5112766|(1,1898,0.5112766)
Mission.Impossible.V.Rogue.Nation.2015__#00-14-40_00-17-12_label_B1-0-0.mp4|0.5044807|(1,3649,0.5044807)
Kingsman.The.Golden.Circle.2017__#00-41-22_00-41-32_label_B2-0-0.mp4|0.51666176|(1,241,0.51666176)
v=Ia9ATKNeUbY__#00-06-19_00-06-50_label_B6-0-0.mp4|0.5157346|(1,746,0.5157346)
Gladiator.2000__#01-10-27_01-11-59_label_B1-0-0.mp4|0.51180977|(1,2208,0.51180977)
City.Of.Men.2007__#01-35-30_01-36-00_label_B2-0-0.mp4|0.50632524|(1,721,0.50632524)
v=ovQ1VTJ_IUI__#1_label_B1-0-0.mp4|0.5128592|(1,1688,0.5128592)
The.Fast.and.the.Furious.2001__#01-24-18_01-25-05_label_B6-0-0.mp4|0.510028|(1,1128,0.510028)
City.Of.Men.2007__#01-17-27_01-17-59_label_B2-0-0.mp4|0.51127213|(1,769,0.51127213)
Brick.Mansions.2014__#00-41-25_00-42-36_label_B1-0-0.mp4|0.5138668|(1,1704,0.5138668)
Mission.Impossible.II.2000__#01-46-20_01-47-11_label_B2-B6-0.mp4|0.51132613|(1,1225,0.51132613)
Taken.2.UNRATED.EXTENDED.2012__#01-18-25_01-18-40_label_B2-0-0.mp4|0.5075298|(1,361,0.5075298)
Rush.Hour.1998.BluRay__#01-20-28_01-21-38_label_B2-0-0.mp4|0.50951123|(1,1682,0.50951123)
v=kPWdgckIhLI__#1_label_B4-0-0.mp4|0.50954074|(1,793,0.50954074)
wangted.2008__#0-48-30_0-49-00_label_B2-0-0.mp4|0.5066453|(1,721,0.5066453)
Taken.3.2014__#00-03-58_00-04-16_label_B2-0-0.mp4|0.51149124|(1,433,0.51149124)
Law.Abiding.Citizen.2009__#01-26-34_01-27-25_label_B2-0-0.mp4|0.50779396|(1,1225,0.50779396)
God.Bless.America.2011__#00-12-40_00-13-12_label_B2-0-0.mp4|0.5156042|(1,769,0.5156042)
v=JHsfKFF9Oag__#1_label_A.mp4|0.51281035|(1,2699,0.51281035)
v=fkps18H3SXY__#00-36-00_00-42-00_label_A.mp4|0.5161404|(3,4001,0.5161404,4000,8001,0.5159786,4643,8643,0.51574093)
Flipped.2010__#00-45-40_00-47-30_label_A.mp4|0.50793713|(1,2641,0.50793713)
Tropa.de.Elite.2.2010__#01-33-31_01-34-20_label_A.mp4|0.50911504|(1,1177,0.50911504)
Gladiator.2000__#02-43-00_02-43-59_label_A.mp4|0.5134108|(1,1417,0.5134108)
Mission.Impossible.V.Rogue.Nation.2015__#01-29-39_01-33-39_label_A.mp4|0.51688623|(2,4001,0.51593685,1762,5762,0.51688623)
v=RRiN5W9XwJE__#1_label_A.mp4|0.5098436|(1,2616,0.5098436)
v=-5RWxUUJ7lQ__#1_label_A.mp4|0.51197547|(5,4001,0.51197547,4000,8001,0.50969255,8000,12001,0.5051999,12000,16001,0.5074595,15123,19123,0.5080256)
v=9eME1y6V-T4__#02-00-00_02-06-00_label_A.mp4|0.51301265|(3,4001,0.5102378,4000,8001,0.51301265,4642,8642,0.5125171)
v=enYITYwvPAQ__#00-27-00_00-30-00_label_A.mp4|0.5182565|(2,4001,0.5182565,321,4321,0.51806396)
Bullet.in.the.Head.1990__#00-51-46_00-52-50_label_A.mp4|0.5056991|(1,1537,0.5056991)
Deadpool.2016__#0-18-35_0-18-55_label_A.mp4|0.5017538|(1,481,0.5017538)
New.Kids.Turbo.2010__#00-41-30_00-42-05_label_A.mp4|0.5062487|(1,840,0.5062487)
v=4jVgDKbu_TI__#1_label_A.mp4|0.5142297|(5,4001,0.5142297,4000,8001,0.50836074,8000,12001,0.51155853,12000,16001,0.51222837,14974,18974,0.51369756)
Haywire.2011__#00-02-06_00-03-29_label_A.mp4|0.51109314|(1,1993,0.51109314)
God.Bless.America.2011__#00-51-00_00-52-00_label_A.mp4|0.5133307|(1,1441,0.5133307)
Kingsman.The.Secret.Service.2014__#00-25-29_00-26-24_label_A.mp4|0.51180756|(1,1321,0.51180756)
v=x0-z4h6mFoU__#1_label_A.mp4|0.51698965|(2,4001,0.51698965,610,4610,0.5163208)
Love.Me.If.You.Dare.2003__#00-11-20_00-15-08_label_A.mp4|0.51746505|(2,4001,0.5174312,1474,5474,0.51746505)
v=H9Y5_X1sEEA__#00-42-00_00-45-00_label_A.mp4|0.5169533|(2,4001,0.5156739,322,4322,0.5169533)
The.Bourne.Ultimatum.2007__#0-55-55_0-56-10_label_A.mp4|0.5093709|(1,361,0.5093709)
Hot.Fuzz.2007__#00-19-20_00-22-06_label_A.mp4|0.50931007|(1,3986,0.50931007)
The.Intouchables.2011__#00-51-55_00-55-16_label_A.mp4|0.5113535|(2,4001,0.5113535,826,4826,0.5101524)
Tropa.de.Elite.2.2010__#00-05-30_00-06-30_label_A.mp4|0.51192856|(1,1441,0.51192856)
v=yZ2wlTAN49g__#00-03-00_00-06-00_label_A.mp4|0.5249222|(2,4001,0.52371836,322,4322,0.5249222)
v=gGlqujwrhbI__#00-12-00_00-15-00_label_A.mp4|0.52250487|(2,4001,0.5216091,322,4322,0.52250487)
v=LYzmr5ORvCg__#1_label_A.mp4|0.5148926|(1,3925,0.5148926)
v=MyM5G7fo7Gg__#00-06-00_00-09-00_label_A.mp4|0.51493245|(2,4001,0.51493245,322,4322,0.51483095)
Before.Sunrise.1995__#01-36-45_01-38-10_label_A.mp4|0.5124479|(1,2040,0.5124479)
v=ErOcW_CSOyQ__#1_label_A.mp4|0.520326|(5,4001,0.520326,4000,8001,0.51759636,8000,12001,0.51488596,12000,16001,0.51567584,13477,17477,0.51597273)
v=9eME1y6V-T4__#01-06-00_01-12-00_label_A.mp4|0.5156304|(3,4001,0.51141286,4000,8001,0.5145904,4642,8642,0.5156304)
God.Bless.America.2011__#01-23-13_01-25-31_label_A.mp4|0.5215806|(1,3313,0.5215806)
v=pCyCi-q4MqY__#1_label_A.mp4|0.52758706|(2,4001,0.5257822,714,4714,0.52758706)
v=Hd_2Y29_FLU__#1_label_A.mp4|0.5174347|(1,3272,0.5174347)
GoldenEye.1995__#01-33-40_01-34-30_label_A.mp4|0.5078681|(1,1201,0.5078681)
v=a0TQkX_zLt0__#1_label_A.mp4|0.5247999|(3,4001,0.5247999,4000,8001,0.5169605,7764,11764,0.519786)
Be.with.You.2018__#00-16-18_00-18-09_label_A.mp4|0.51470464|(1,2665,0.51470464)
v=NeAC-MfTZzU__#00-15-00_00-18-00_label_A.mp4|0.51327014|(2,4001,0.51279306,322,4322,0.51327014)
About.Time.2013__#00-23-50_00-24-31_label_A.mp4|0.5094703|(1,985,0.5094703)
v=QUlWIIHMIEQ__#1_label_A.mp4|0.5090527|(1,1106,0.5090527)
A.Beautiful.Mind.2001__#01-14-30_01-16-59_label_A.mp4|0.5131334|(1,3577,0.5131334)
Flipped.2010__#01-07-30_01-09-51_label_A.mp4|0.5135908|(1,3384,0.5135908)
v=I7oSupyExVY__#1_label_A.mp4|0.51129323|(2,4001,0.51129323,825,4825,0.50642705)
v=8SC55pYljMM__#1_label_A.mp4|0.50433856|(2,4001,0.50433856,324,4324,0.5042436)
Kingsman.The.Golden.Circle.2017__#00-44-52_00-46-20_label_A.mp4|0.5154439|(1,2113,0.5154439)
v=vFPQ_NiDBIU__#02-42-00_02-48-00_label_A.mp4|0.51131654|(3,4001,0.5100776,4000,8001,0.5088887,4640,8640,0.51131654)
v=lVJVRywgmYM__#1_label_A.mp4|0.51023597|(2,4001,0.51023597,1937,5937,0.5081521)
v=KERh4R2BbS0__#1_label_A.mp4|0.5167222|(6,4001,0.5167222,4000,8001,0.5123397,8000,12001,0.5130512,12000,16001,0.5132603,16000,20001,0.51539403,16652,20652,0.5164801)
v=Yr41_8QOTF8__#00-09-00_00-12-00_label_A.mp4|0.5082049|(2,4001,0.5082049,321,4321,0.508155)
v=rmDBn5Rpd3s__#1_label_A.mp4|0.5152664|(1,707,0.5152664)
v=9eME1y6V-T4__#00-42-00_00-48-00_label_A.mp4|0.5147441|(3,4001,0.5147441,4000,8001,0.51297754,4642,8642,0.51355594)
v=vFPQ_NiDBIU__#01-00-00_01-06-00_label_A.mp4|0.50137174|(3,4001,0.50137174,4000,8001,0.50036126,4640,8640,0.5001924)
v=GnN9VTh_s2A__#1_label_A.mp4|0.5117265|(1,683,0.5117265)
v=ajnl7P9bf78__#1_label_A.mp4|0.5173289|(1,1624,0.5173289)
Fury.2014__#01-13-32_01-14-43_label_A.mp4|0.5071287|(1,1705,0.5071287)
Desperado.1995__#01-22-10_01-23-17_label_A.mp4|0.5063261|(1,1609,0.5063261)
v=5l-nbDl0qvg__#1_label_A.mp4|0.5181889|(4,4001,0.51779306,4000,8001,0.5181889,8000,12001,0.5118883,9124,13124,0.50957614)
Before.Sunrise.1995__#00-23-50_00-24-31_label_A.mp4|0.5079193|(1,985,0.5079193)
The.Notebook.2004__#00-20-35_00-23-06_label_A.mp4|0.5099802|(1,3625,0.5099802)
v=SdYFFo_tsfk__#00-00-00_00-06-00_label_A.mp4|0.5183742|(3,4001,0.51794714,4000,8001,0.5178255,4642,8642,0.5183742)
From.Dusk.Till.Dawn.1996__#00-31-52_00-34-21_label_A.mp4|0.5198718|(1,3576,0.5198718)
About.Time.2013__#00-30-50_00-32-31_label_A.mp4|0.5098127|(1,2425,0.5098127)
The.Secret.Life.of.Walter.Mitty.2013__#00-36-52_00-41-00_label_A.mp4|0.5150085|(2,4001,0.5141954,1953,5953,0.5150085)
v=plhVMWR33go__#1_label_A.mp4|0.5143429|(3,4001,0.5143429,4000,8001,0.5105861,4047,8047,0.5109288)
v=t_TZYpT6xjY__#1_label_A.mp4|0.51117426|(2,4001,0.51117426,741,4741,0.5082071)
The.Notebook.2004__#00-11-00_00-15-08_label_A.mp4|0.506152|(2,4001,0.506152,1954,5954,0.50334746)
v=lyZxvgPD4gM__#1_label_A.mp4|0.51964426|(2,4001,0.51853365,1529,5529,0.51964426)
v=ZpWR_YZNZTM__#1_label_A.mp4|0.5118314|(1,3437,0.5118314)
Taken.2.UNRATED.EXTENDED.2012__#00-17-08_00-17-30_label_A.mp4|0.50339156|(1,529,0.50339156)
Before.Sunrise.1995__#00-42-52_00-45-31_label_A.mp4|0.5060287|(1,3817,0.5060287)
Still.Walking.2008__#01-02-18_01-03-10_label_A.mp4|0.5059318|(1,1249,0.5059318)
Love.Me.If.You.Dare.2003__#01-04-40_01-06-59_label_A.mp4|0.522921|(1,3338,0.522921)
Fast.Furious.6.2013__#01-37-00_01-38-05_label_A.mp4|0.50395393|(1,1561,0.50395393)
v=H9Y5_X1sEEA__#00-03-00_00-06-00_label_A.mp4|0.5200624|(2,4001,0.5200624,322,4322,0.5191077)
Deadpool.2.2018__#0-02-35_0-03-12_label_A.mp4|0.510726|(1,890,0.510726)
v=fkps18H3SXY__#00-54-00_01-00-00_label_A.mp4|0.51495844|(3,4001,0.51495844,4000,8001,0.5138136,4642,8642,0.51438683)
v=vFPQ_NiDBIU__#01-48-00_01-54-00_label_A.mp4|0.509036|(3,4001,0.5051475,4000,8001,0.505421,4640,8640,0.509036)
v=jAvOGTD7_pU__#00-12-00_00-15-00_label_A.mp4|0.5173645|(2,4001,0.51690394,322,4322,0.5173645)
Be.with.You.2018__#00-23-50_00-24-31_label_A.mp4|0.50841445|(1,985,0.50841445)
Before.Sunset.2004__#01-14-30_01-16-51_label_A.mp4|0.51050895|(1,3385,0.51050895)
Before.Sunrise.1995__#00-04-20_00-05-35_label_A.mp4|0.5078976|(1,1801,0.5078976)
v=7smETZfN0XA__#1_label_A.mp4|0.5147332|(1,3020,0.5147332)
v=9eME1y6V-T4__#01-00-00_01-06-00_label_A.mp4|0.517859|(3,4001,0.517859,4000,8001,0.51743335,4642,8642,0.51502925)
Skyfall.2012__#02-14-50_02-16-25_label_A.mp4|0.51620686|(1,2281,0.51620686)
The.Bourne.Identity.2002__#01-09-16_01-11-16_label_A.mp4|0.5105169|(1,2882,0.5105169)
Be.with.You.2018__#01-14-30_01-16-59_label_A.mp4|0.50867337|(1,3577,0.50867337)
v=6cvZOGzfqWU__#1_label_A.mp4|0.5154219|(2,4001,0.5154219,1594,5594,0.5152241)
v=Yr41_8QOTF8__#00-21-00_00-24-00_label_A.mp4|0.50620615|(2,4001,0.5058464,321,4321,0.50620615)
v=qV4YYnXdQCc__#00-03-00_00-06-00_label_A.mp4|0.51090866|(2,4001,0.51090866,322,4322,0.51011854)
Spectre.2015__#01-17-22_01-18-53_label_A.mp4|0.50989246|(1,2184,0.50989246)
v=JzrpCC7XmyE__#00-06-00_00-12-00_label_A.mp4|0.5151988|(3,4001,0.51126176,4000,8001,0.5151988,4642,8642,0.514109)
v=g4FnGZ5MAdo__#1_label_A.mp4|0.50751066|(2,4001,0.50751066,958,4958,0.50351834)
The.Pursuit.of.Happyness.2006__#00-30-50_00-32-31_label_A.mp4|0.5096181|(1,2425,0.5096181)
v=rJgg00ic1G8__#1_label_A.mp4|0.5105726|(2,4001,0.5105726,1651,5651,0.5094083)
v=qhUItxoTrmg__#1_label_A.mp4|0.5191196|(2,4001,0.5187871,571,4571,0.5191196)
v=1202rYvw7go__#1_label_A.mp4|0.514851|(1,3951,0.514851)
Be.with.You.2018__#00-04-20_00-05-35_label_A.mp4|0.501367|(1,1801,0.501367)
The.Hurt.Locker.2008__#0-29-25_0-30-15_label_A.mp4|0.5156678|(1,1200,0.5156678)
wangted.2008__#0-27-17_0-28-07_label_A.mp4|0.51214164|(1,1200,0.51214164)
Mission.Impossible.II.2000__#00-24-30_00-30-10_label_A.mp4|0.50536156|(3,4001,0.50536156,4000,8001,0.50179166,4160,8160,0.50149345)
v=H9Y5_X1sEEA__#00-36-00_00-39-00_label_A.mp4|0.51228625|(2,4001,0.5122852,323,4323,0.51228625)
v=q2SP66Jb6Cw__#00-00-00_00-06-00_label_A.mp4|0.5246138|(3,4001,0.5246138,4000,8001,0.5203276,4642,8642,0.51964575)
Love.Death.and.Robots.S01E02__#00-03-15_00-04-20_label_A.mp4|0.51893735|(1,1560,0.51893735)
v=Q8b0XbtpFsA__#1_label_A.mp4|0.51164347|(2,4001,0.51010543,633,4633,0.51164347)
v=3ZVcLOjwOMk__#1_label_A.mp4|0.5115503|(1,1885,0.5115503)
Still.Walking.2008__#00-16-18_00-17-27_label_A.mp4|0.50472534|(1,1657,0.50472534)
v=f6j3YWgVBto__#00-01-50_00-02-30_label_A.mp4|0.511217|(1,960,0.511217)
Casino.Royale.2006__#00-28-10_00-30-10_label_A.mp4|0.5108423|(1,2881,0.5108423)
God.Bless.America.2011__#00-58-09_01-04-00_label_A.mp4|0.51134753|(3,4001,0.5062093,4000,8001,0.51134753,4425,8425,0.510707)
v=gxrLosPS27c__#1_label_A.mp4|0.5169117|(1,2219,0.5169117)
v=vFPQ_NiDBIU__#00-42-00_00-48-00_label_A.mp4|0.50540876|(3,4001,0.50422007,4000,8001,0.50440586,4640,8640,0.50540876)
v=L2Qs4KyW-Co__#1_label_A.mp4|0.5210238|(2,4001,0.51900786,426,4426,0.5210238)
Flipped.2010__#00-42-52_00-45-31_label_A.mp4|0.5065736|(1,3817,0.5065736)
Still.Walking.2008__#00-51-55_00-55-16_label_A.mp4|0.51289564|(2,4001,0.5121265,826,4826,0.51289564)
v=DdIA1Owbcdc__#1_label_A.mp4|0.51934004|(1,1064,0.51934004)
v=KEh6EOQvQO0__#1_label_A.mp4|0.5145694|(1,3183,0.5145694)
The.Secret.Life.of.Walter.Mitty.2013__#01-01-20_01-04-00_label_A.mp4|0.5137382|(1,3841,0.5137382)
Young.And.Dangerous.III.1996__#00-15-52_00-17-00_label_A.mp4|0.5058129|(1,1634,0.5058129)
Ip.Man.2008__#00-40-25_00-40-45_label_A.mp4|0.50638264|(1,481,0.50638264)
Kill.Bill.Vol.1.2003__#01-08-15_01-09-15_label_A.mp4|0.5083659|(1,1441,0.5083659)
v=Wc2QW06H48M__#1_label_A.mp4|0.51076895|(1,1554,0.51076895)
v=JzrpCC7XmyE__#01-06-00_01-12-00_label_A.mp4|0.51735437|(3,4001,0.51534253,4000,8001,0.51735437,4642,8642,0.5110335)
Kingsman.The.Golden.Circle.2017__#02-09-30_02-10-45_label_A.mp4|0.5139224|(1,1801,0.5139224)
Spectre.2015__#00-16-41_00-18-55_label_A.mp4|0.5128152|(1,3216,0.5128152)
v=0LEefpIPBHA__#1_label_A.mp4|0.519009|(1,1142,0.519009)
Bad.Boys.II.2003__#01-11-16_01-14-00_label_A.mp4|0.5123299|(1,3937,0.5123299)
v=tlFJIG9mTGQ__#00-15-00_00-18-36_label_A.mp4|0.51733583|(2,4001,0.51733583,1187,5187,0.5149563)
The.Hurt.Locker.2008__#0-45-39_0-47-06_label_A.mp4|0.5214137|(1,2089,0.5214137)
v=GrHfWKeTDEI__#1_label_A.mp4|0.5187392|(2,4001,0.5187392,1066,5066,0.5184341)
Salt.2010__#00-13-45_00-16-10_label_A.mp4|0.50735205|(1,3481,0.50735205)
v=cvEJ5WFk2KE__#00-06-00_00-09-00_label_A.mp4|0.51782095|(2,4001,0.51735973,321,4321,0.51782095)
v=tI7fktKY6OU__#1_label_A.mp4|0.5099231|(4,4001,0.5092026,4000,8001,0.5096491,8000,12001,0.5099231,10916,14916,0.50793177)
v=NbNFfnVSIn8__#1_label_A.mp4|0.50699884|(2,4001,0.50648415,592,4592,0.50699884)
v=2JJ9d97sd64__#1_label_A.mp4|0.5132988|(1,3140,0.5132988)
v=S1meRf5BsEw__#1_label_A.mp4|0.5137232|(2,4001,0.5128237,104,4104,0.5137232)
The.Secret.Life.of.Walter.Mitty.2013__#00-08-55_00-10-50_label_A.mp4|0.509577|(1,2762,0.509577)
v=0vVOXlgHC1U__#00-48-00_00-54-00_label_A.mp4|0.51721996|(3,4001,0.51701766,4000,8001,0.5162491,4642,8642,0.51721996)
v=tlFJIG9mTGQ__#00-12-00_00-15-00_label_A.mp4|0.5198761|(2,4001,0.51907146,322,4322,0.5198761)
Operation.Red.Sea.2018__#0-45-54_0-46-33_label_A.mp4|0.5225951|(1,936,0.5225951)
Fast.Five.2011__#01-59-16_02-01-12_label_A.mp4|0.5189324|(1,2785,0.5189324)
Yellow.Sea.2010__#00-10-16_00-11-14_label_A.mp4|0.5126468|(1,1393,0.5126468)
v=vHnAmx0UYbM__#1_label_A.mp4|0.52267224|(6,4001,0.5175426,4000,8001,0.5179164,8000,12001,0.5207391,12000,16001,0.5196211,16000,20001,0.52198315,16045,20045,0.52267224)
Shoot.Em.Up.2007__#00-25-50_00-27-10_label_A.mp4|0.5092798|(1,1921,0.5092798)
Bad.Boys.1995__#00-10-00_00-11-52_label_A.mp4|0.51311487|(1,2689,0.51311487)
Love.Actually.2003__#01-39-05_01-46-40_label_A.mp4|0.512442|(3,4001,0.51039416,4000,8001,0.50708354,6921,10921,0.512442)
Bullet.in.the.Head.1990__#01-58-25_01-59-30_label_A.mp4|0.507921|(1,1561,0.507921)
v=W5qLlC9il3s__#1_label_A.mp4|0.50597024|(1,1385,0.50597024)
The.Notebook.2004__#01-30-25_01-33-56_label_A.mp4|0.5131284|(2,4001,0.5124665,1065,5065,0.5131284)
About.Time.2013__#00-40-52_00-42-31_label_A.mp4|0.5100725|(1,2377,0.5100725)
Law.Abiding.Citizen.2009__#00-00-35_00-01-31_label_A.mp4|0.5059263|(1,1345,0.5059263)
v=HTEyaXBPf9U__#1_label_A.mp4|0.5088954|(2,4001,0.5088954,1120,5120,0.5063589)
The.Notebook.2004__#00-25-20_00-29-20_label_A.mp4|0.50919735|(2,4001,0.50919735,1761,5761,0.50889724)
v=AqFWYZsOgWY__#00-21-00_00-24-00_label_A.mp4|0.5165884|(2,4001,0.5165884,322,4322,0.51650226)
The.Bourne.Identity.2002__#0-29-16_0-32-00_label_A.mp4|0.5070762|(1,3937,0.5070762)
v=9eME1y6V-T4__#01-18-00_01-24-00_label_A.mp4|0.5152639|(3,4001,0.5152639,4000,8001,0.5127823,4642,8642,0.5142716)
IP.Man.2.2010__#00-02-50_00-06-45_label_A.mp4|0.515962|(2,4001,0.5146957,1640,5640,0.515962)
Rush.Hour.3.2007.BluRay__#01-00-40_01-04-00_label_A.mp4|0.5148047|(2,4001,0.5144579,801,4801,0.5148047)
v=_Hn2Xlt-IWU__#1_label_A.mp4|0.51385415|(1,3943,0.51385415)
v=uyvM-vq5DwA__#1_label_A.mp4|0.5161723|(2,4001,0.5161723,788,4788,0.51270837)
Love.Death.and.Robots.S01E04__#00-14-28_00-15-27_label_A.mp4|0.5143242|(1,1416,0.5143242)
v=hdy5kZ5dwj8__#1_label_A.mp4|0.5228474|(2,4001,0.5228474,674,4674,0.51555806)
Love.Actually.2003__#01-17-00_01-19-40_label_A.mp4|0.5164216|(1,3842,0.5164216)
v=fkps18H3SXY__#00-00-00_00-06-00_label_A.mp4|0.5144545|(3,4001,0.5139115,4000,8001,0.5144545,4642,8642,0.51207834)
v=3MUqt3OkxIo__#1_label_A.mp4|0.5225838|(1,2500,0.5225838)
v=p2ggHwtb-Zg__#00-24-00_00-27-00_label_A.mp4|0.5193224|(2,4001,0.5171533,322,4322,0.5193224)
v=eAgqJnO3kr8__#00-06-00_00-12-00_label_A.mp4|0.5128728|(3,4001,0.5111606,4000,8001,0.5111122,4642,8642,0.5128728)
v=vQ9AwVrM9pU__#1_label_A.mp4|0.5125214|(1,3138,0.5125214)
v=Wp6gzFUaci8__#1_label_A.mp4|0.51048267|(1,2780,0.51048267)
Brick.Mansions.2014__#00-08-37_00-10-04_label_A.mp4|0.5078897|(1,2088,0.5078897)
v=VRn8Tc02TbU__#00-18-00_00-21-00_label_A.mp4|0.51456577|(2,4001,0.51456577,322,4322,0.5131736)
Young.And.Dangerous.IV.1997__#0-10-35_0-11-50_label_A.mp4|0.5144015|(1,1801,0.5144015)
Sin.City.2005__#01-43-21_01-44-21_label_A.mp4|0.50845224|(1,1441,0.50845224)
Salt.2010__#01-16-00_01-16-50_label_A.mp4|0.50822836|(1,1201,0.50822836)
v=X60PecZRLGE__#1_label_A.mp4|0.5088532|(1,2644,0.5088532)
v=p2ggHwtb-Zg__#00-21-00_00-24-00_label_A.mp4|0.52241015|(2,4001,0.5218023,323,4323,0.52241015)
v=QBfO3qfo7zg__#1_label_A.mp4|0.51262254|(2,4001,0.5113143,661,4661,0.51262254)
Kill.Bill.Vol.1.2003__#00-21-42_00-22-42_label_A.mp4|0.5144073|(1,1441,0.5144073)
GoldenEye.1995__#01-02-11_01-03-43_label_A.mp4|0.5021562|(1,2209,0.5021562)
v=9eME1y6V-T4__#01-36-00_01-42-00_label_A.mp4|0.5170994|(3,4001,0.5170994,4000,8001,0.51342416,4642,8642,0.5126952)
The.Pursuit.of.Happyness.2006__#01-34-18_01-38-11_label_A.mp4|0.5117906|(2,4001,0.5117906,1593,5593,0.5089844)
v=5AlAh8J3WqE__#1_label_A.mp4|0.5194935|(3,4001,0.5177126,4000,8001,0.5189244,6885,10885,0.5194935)
Taken.3.2014__#00-36-03_00-36-48_label_A.mp4|0.5153333|(1,1081,0.5153333)
Your.Name.2016__#00-05-52_00-08-22_label_A.mp4|0.51639634|(1,3601,0.51639634)
v=mfFYGFJhBI4__#1_label_A.mp4|0.5116972|(1,255,0.5116972)
v=H9Y5_X1sEEA__#00-30-00_00-33-00_label_A.mp4|0.52248925|(2,4001,0.5199772,323,4323,0.52248925)
Love.Actually.2003__#01-34-18_01-38-11_label_A.mp4|0.5117024|(2,4001,0.5117024,1593,5593,0.51140195)
v=VcsJf1q9QX8__#1_label_A.mp4|0.52105886|(1,2560,0.52105886)
The.Secret.Life.of.Walter.Mitty.2013__#01-23-00_01-29-08_label_A.mp4|0.5178721|(3,4001,0.5178721,4000,8001,0.51551837,4833,8833,0.51551324)
The.Bourne.Supremacy.2004__#01-34-52_01-35-50_label_A.mp4|0.514076|(1,1393,0.514076)
Quantum.Of.Solace.2008__#00-47-29_00-50-52_label_A.mp4|0.5162695|(2,4001,0.5162695,873,4873,0.51578003)
v=es97CGK_5XQ__#1_label_A.mp4|0.5155117|(1,1633,0.5155117)
v=y7vIfdKwHDk__#1_label_A.mp4|0.51069677|(2,4001,0.51029754,182,4182,0.51069677)
v=NjI-AuzKgMc__#1_label_A.mp4|0.5099873|(1,2836,0.5099873)
Salt.2010__#00-02-10_00-03-57_label_A.mp4|0.5156068|(1,2569,0.5156068)
The.Bourne.Supremacy.2004__#0-58-18_01-00-58_label_A.mp4|0.5099642|(1,3842,0.5099642)
Shoplifters.2018__#00-17-30_00-19-10_label_A.mp4|0.5063882|(1,2401,0.5063882)
Mission.Impossible.Ghost.Protocol.2011__#01-07-24_01-09-09_label_A.mp4|0.5149498|(1,2521,0.5149498)
v=EToznHwS0OA__#1_label_A.mp4|0.5140241|(1,3730,0.5140241)
Before.Sunset.2004__#00-23-50_00-24-31_label_A.mp4|0.50910145|(1,985,0.50910145)
Ip.Man.2008__#01-04-27_01-06-22_label_A.mp4|0.5041784|(1,2761,0.5041784)
A.Beautiful.Mind.2001__#00-40-52_00-42-01_label_A.mp4|0.5109713|(1,1657,0.5109713)
IP.Man.2.2010__#00-54-00_00-57-12_label_A.mp4|0.5066065|(2,4001,0.5066065,608,4608,0.5065316)
The.Bourne.Identity.2002__#0-57-11_0-58-45_label_A.mp4|0.5080045|(1,2257,0.5080045)
Love.Actually.2003__#00-51-55_00-55-16_label_A.mp4|0.5144695|(2,4001,0.5143664,826,4826,0.5144695)
The.Attorney.2013__#00-47-00_00-49-30_label_A.mp4|0.5106239|(1,3601,0.5106239)
v=3lSHv_DUbJs__#1_label_A.mp4|0.5171026|(1,3566,0.5171026)
v=QiLNvC7CIuY__#1_label_A.mp4|0.51243645|(1,1161,0.51243645)
v=ODGDLQ0TT3M__#1_label_A.mp4|0.51962256|(1,2138,0.51962256)
Thelma...Louise.1991__#01-53-54_01-54-50_label_A.mp4|0.5069361|(1,1345,0.5069361)
v=usAvzbDq6-c__#00-21-00_00-24-00_label_A.mp4|0.51710105|(2,4001,0.51710105,322,4322,0.51476043)
The.Notebook.2004__#01-52-20_01-58-00_label_A.mp4|0.5103999|(3,4001,0.5073293,4000,8001,0.5102168,4161,8161,0.5103999)
Bullet.in.the.Head.1990__#00-25-11_00-26-15_label_A.mp4|0.51922876|(1,1537,0.51922876)
v=yviKz5J-pEA__#1_label_A.mp4|0.51582783|(1,3731,0.51582783)
v=QozLwYYVotY__#1_label_A.mp4|0.5135658|(1,3254,0.5135658)
Before.Sunrise.1995__#00-03-00_00-04-05_label_A.mp4|0.5151002|(1,1561,0.5151002)
v=aBsrZKrRtqU__#1_label_A.mp4|0.51171|(1,1235,0.51171)
v=eAgqJnO3kr8__#00-48-00_00-54-00_label_A.mp4|0.50765574|(3,4001,0.5042985,4000,8001,0.50765574,4642,8642,0.5067762)
Lord.of.War__#00-59-20_01-00-35_label_A.mp4|0.5188735|(1,1801,0.5188735)
The.Intouchables.2011__#00-58-18_01-02-30_label_A.mp4|0.5100338|(2,4001,0.5092022,2049,6049,0.5100338)
Operation.Red.Sea.2018__#0-12-26_0-13-36_label_A.mp4|0.5051303|(1,1680,0.5051303)
The.Intouchables.2011__#00-04-20_00-05-35_label_A.mp4|0.5038388|(1,1801,0.5038388)
v=Ehh8ZdIMMj4__#1_label_A.mp4|0.51515734|(1,2708,0.51515734)
The.Notebook.2004__#00-08-55_00-10-50_label_A.mp4|0.50965095|(1,2762,0.50965095)
Flipped.2010__#00-08-55_00-10-50_label_A.mp4|0.5121568|(1,2762,0.5121568)
v=vsI_pKNcgeQ__#00-15-00_00-18-00_label_A.mp4|0.5092491|(2,4001,0.5092491,322,4322,0.5081695)
v=ldnLxTablA8__#1_label_A.mp4|0.5159554|(1,2300,0.5159554)
Love.Actually.2003__#01-04-40_01-06-59_label_A.mp4|0.51280814|(1,3336,0.51280814)
GoldenEye.1995__#00-56-11_00-56-51_label_A.mp4|0.51641625|(1,962,0.51641625)
v=AqFWYZsOgWY__#00-33-00_00-36-00_label_A.mp4|0.5132165|(2,4001,0.5132165,322,4322,0.51293427)
v=MyM5G7fo7Gg__#00-18-00_00-21-00_label_A.mp4|0.5132255|(2,4001,0.5128631,323,4323,0.5132255)
One.Day.2011__#01-02-50_01-07-05_label_A.mp4|0.50774187|(2,4001,0.5075899,2121,6121,0.50774187)
Death.Proof.2007__#00-02-04_00-05-00_label_A.mp4|0.5158608|(2,4001,0.51541424,225,4225,0.5158608)
Fast.Furious.2009__#01-08-33_01-10-18_label_A.mp4|0.5028472|(1,2521,0.5028472)
A.Beautiful.Mind.2001__#00-25-20_00-29-20_label_A.mp4|0.50965613|(2,4001,0.50864065,1761,5761,0.50965613)
Tropa.de.Elite.2.2010__#01-30-51_01-32-30_label_A.mp4|0.51490843|(1,2377,0.51490843)
v=EeUTpfyb0qo__#1_label_A.mp4|0.5184731|(5,4001,0.5181995,4000,8001,0.5133629,8000,12001,0.51300454,12000,16001,0.5163646,14143,18143,0.5184731)
v=HksDvkX6Bjk__#1_label_A.mp4|0.518317|(4,4001,0.5142451,4000,8001,0.5134271,8000,12001,0.518317,11435,15435,0.5156142)
Before.Sunrise.1995__#00-40-52_00-42-01_label_A.mp4|0.5074522|(1,1657,0.5074522)
v=9FxmNOXF25Q__#1_label_A.mp4|0.5104136|(2,4001,0.5088102,120,4120,0.5104136)
Your.Name.2016__#01-01-20_01-04-00_label_A.mp4|0.5227456|(1,3841,0.5227456)
Black.Hawk.Down.2001__#00-06-44_00-07-39_label_A.mp4|0.50784004|(1,1321,0.50784004)
v=SmFpAAHmoII__#1_label_A.mp4|0.5172694|(1,3951,0.5172694)
Election.2005__#00-03-35_00-05-05_label_A.mp4|0.5115346|(1,2160,0.5115346)
v=H12BVHrNiXs__#1_label_A.mp4|0.5142019|(2,4001,0.5142019,787,4787,0.50799507)
v=Oh6FDdpH08A__#1_label_A.mp4|0.51385844|(1,3344,0.51385844)
v=RarYGpz-blM__#1_label_A.mp4|0.50683355|(1,3384,0.50683355)
The.Pursuit.of.Happyness.2006__#00-17-30_00-19-10_label_A.mp4|0.51083755|(1,2401,0.51083755)
Young.And.Dangerous.II.1996__#0-53-25_0-54-20_label_A.mp4|0.5055502|(1,1322,0.5055502)
v=1EvRIhdsX1s__#1_label_A.mp4|0.51365453|(1,862,0.51365453)
Black.Hawk.Down.2001__#01-36-44_01-37-33_label_A.mp4|0.5027989|(1,1176,0.5027989)
City.of.God.2002__#00-33-10_00-34-50_label_A.mp4|0.51617956|(1,2401,0.51617956)
v=g7fnNf88IOc__#1_label_A.mp4|0.51092625|(1,3635,0.51092625)
Ip.Man.2008__#00-02-56_00-05-24_label_A.mp4|0.5109959|(1,3553,0.5109959)
v=hgoGZZSMhMQ__#1_label_A.mp4|0.51155496|(1,159,0.51155496)
Mission.Impossible.II.2000__#00-11-37_00-15-46_label_A.mp4|0.5009648|(1,693,0.5009648)
Kill.Bill.Vol.2.2004__#01-03-13_01-04-13_label_A.mp4|0.51547825|(1,1441,0.51547825)
v=Pf7WtK-YPDA__#1_label_A.mp4|0.502838|(1,1954,0.502838)
Mission.Impossible.Ghost.Protocol.2011__#01-24-59_01-28-30_label_A.mp4|0.51454395|(2,4001,0.51454395,1064,5064,0.5080121)
v=0vVOXlgHC1U__#00-12-00_00-18-00_label_A.mp4|0.51648414|(3,4001,0.5127383,4000,8001,0.51648414,4642,8642,0.5163743)
Hear.Me.2009__#00-30-50_00-32-31_label_A.mp4|0.51068044|(1,2425,0.51068044)
v=H9Y5_X1sEEA__#00-45-00_00-48-00_label_A.mp4|0.5121881|(2,4001,0.5121881,323,4323,0.5073517)
A.Beautiful.Mind.2001__#00-50-26_00-55-16_label_A.mp4|0.5087625|(2,4001,0.5087625,2962,6962,0.5054244)
v=9qxJ6bznkNI__#1_label_A.mp4|0.50951266|(2,4001,0.50951266,1454,5454,0.5078309)
Flipped.2010__#01-10-30_01-13-51_label_A.mp4|0.50612956|(2,4001,0.50611794,825,4825,0.50612956)
v=94zZ9iptP54__#1_label_A.mp4|0.51549065|(1,932,0.51549065)
Love.Me.If.You.Dare.2003__#00-33-52_00-39-00_label_A.mp4|0.52171254|(2,4001,0.51558894,3394,7394,0.52171254)
The.Fast.and.the.Furious.2001__#01-38-50_01-39-59_label_A.mp4|0.5198202|(1,1657,0.5198202)
Taken.3.2014__#01-20-10_01-21-30_label_A.mp4|0.514053|(1,1921,0.514053)
v=wQrV75N2BrI__#1_label_A.mp4|0.5247892|(9,4001,0.52160794,4000,8001,0.51571524,8000,12001,0.5205995,12000,16001,0.5187207,16000,20001,0.51809263,20000,24001,0.516518,24000,28001,0.5197817,28000,32001,0.5232308,29196,33196,0.5247892)
Good.Will.Hunting.1997__#00-08-55_00-10-50_label_A.mp4|0.5183095|(1,2762,0.5183095)
v=vp_W8CqtCug__#1_label_A.mp4|0.51100904|(1,3806,0.51100904)
The.Fast.and.the.Furious.2001__#00-26-09_00-26-52_label_A.mp4|0.50448394|(1,1033,0.50448394)
v=SdYFFo_tsfk__#00-18-00_00-24-00_label_A.mp4|0.5145661|(3,4001,0.5145661,4000,8001,0.5091265,4642,8642,0.50906956)
v=y7JEq-kf-2I__#00-01-50_00-02-30_label_A.mp4|0.506911|(1,960,0.506911)
Mission.Impossible.Ghost.Protocol.2011__#00-49-03_00-51-21_label_A.mp4|0.5085174|(1,3313,0.5085174)
Jason.Bourne.2016__#0-51-37_0-53-20_label_A.mp4|0.50618726|(1,2473,0.50618726)
v=usAvzbDq6-c__#00-18-00_00-21-00_label_A.mp4|0.51703167|(2,4001,0.51703167,322,4322,0.5152044)
v=VGP9qh7U4H0__#1_label_A.mp4|0.5188294|(2,4001,0.5182398,1284,5284,0.5188294)
Tropa.de.Elite.2007__#00-10-30_00-12-08_label_A.mp4|0.5166789|(1,2352,0.5166789)
v=n0AhGnEjako__#1_label_A.mp4|0.5178978|(1,2376,0.5178978)
v=5NZxPmTpV6Y__#1_label_A.mp4|0.5199384|(1,2807,0.5199384)
Desperado.1995__#00-19-00_00-20-31_label_A.mp4|0.50450826|(1,2185,0.50450826)
Good.Will.Hunting.1997__#00-58-18_01-02-30_label_A.mp4|0.5094539|(2,4001,0.50793487,2049,6049,0.5094539)
v=bU86SW6L7Tc__#1_label_A.mp4|0.5097946|(2,4001,0.5087412,250,4250,0.5097946)
v=VNQ1Vkz_cM4__#1_label_A.mp4|0.5173066|(2,4001,0.5173066,1622,5622,0.51507425)
City.Of.Men.2007__#01-36-01_01-37-31_label_A.mp4|0.5165405|(1,2161,0.5165405)
v=BL8ppFg7NKI__#1_label_A.mp4|0.51932204|(2,4001,0.51932204,1470,5470,0.5112142)
Young.And.Dangerous.I.1996__#0-55-09_0-56-59_label_A.mp4|0.51197225|(1,2641,0.51197225)
The.Bourne.Ultimatum.2007__#01-32-57_01-33-53_label_A.mp4|0.5114415|(1,1345,0.5114415)
v=-tqHsoEoUyY__#1_label_A.mp4|0.51468265|(1,1011,0.51468265)
v=eAgqJnO3kr8__#00-42-00_00-48-00_label_A.mp4|0.5089681|(3,4001,0.505625,4000,8001,0.50892913,4642,8642,0.5089681)
v=ibYV3e17R5c__#1_label_A.mp4|0.52341604|(1,3375,0.52341604)
IP.Man.2.2010__#01-44-00_01-44-42_label_A.mp4|0.51045513|(1,1008,0.51045513)
Tropa.de.Elite.2007__#00-52-33_00-54-35_label_A.mp4|0.5081982|(1,2930,0.5081982)
v=usAvzbDq6-c__#00-03-00_00-06-00_label_A.mp4|0.5135641|(2,4001,0.5097369,322,4322,0.5135641)
v=smnw0Q7AxFQ__#1_label_A.mp4|0.5160486|(2,4001,0.5160486,3956,7956,0.51308835)
Hear.Me.2009__#00-49-48_00-51-12_label_A.mp4|0.51186764|(1,2017,0.51186764)
Saving.Private.Ryan.1998__#02-00-56_02-03-06_label_A.mp4|0.5071955|(1,3121,0.5071955)
Be.with.You.2018__#01-42-06_01-45-53_label_A.mp4|0.5185932|(2,4001,0.51376534,1449,5449,0.5185932)
Bullet.in.the.Head.1990__#00-03-59_00-04-40_label_A.mp4|0.5119106|(1,985,0.5119106)
