Mission.Impossible.Fallout.2018__#00-31-21_00-32-50_label_B1-0-0.mp4|0.4774109|(1,2136,0.4774109)
v=bhZs3ALdL7Y__#1_label_G-0-0.mp4|0.5149034|(1,81,0.5149034)
Skyfall.2012__#01-55-44_01-56-57_label_B2-G-0.mp4|0.4853239|(1,1753,0.4853239)
v=15wDrZJQpsw__#00-05-20_00-06-20_label_B6-0-0.mp4|0.4850941|(1,1443,0.4850941)
v=gp_D8r-2hwk__#1_label_G-0-0.mp4|0.46321404|(1,2551,0.46321404)
Quantum.Of.Solace.2008__#01-19-30_01-20-05_label_B1-0-0.mp4|0.46987274|(1,841,0.46987274)
Saving.Private.Ryan.1998__#02-24-18_02-25-42_label_B1-0-0.mp4|0.48585916|(1,2017,0.48585916)
Rush.Hour.3.2007.BluRay__#00-34-11_00-35-46_label_B1-0-0.mp4|0.4855856|(1,2281,0.4855856)
The.Bourne.Identity.2002__#0-54-45_0-56-25_label_B6-0-0.mp4|0.48835906|(1,2401,0.48835906)
Rush.Hour.1998.BluRay__#00-11-05_00-12-10_label_B2-B1-0.mp4|0.48469967|(1,1562,0.48469967)
v=GN-7_ye5k4E__#1_label_G-0-0.mp4|0.45764086|(1,2681,0.45764086)
v=b0MUjeKAGZw__#1_label_B4-0-0.mp4|0.4668276|(1,2795,0.4668276)
Mission.Impossible.III.2006__#00-56-23_00-56-40_label_G-0-0.mp4|0.48073366|(1,409,0.48073366)
Kingsman.The.Secret.Service.2014__#01-43-40_01-44-50_label_B2-G-0.mp4|0.4636326|(1,1681,0.4636326)
v=m5Ya6z6qroo__#1_label_B4-0-0.mp4|0.46886352|(2,4001,0.4518841,4000,5647,0.46886352)
Rush.Hour.3.2007.BluRay__#01-12-16_01-12-36_label_B1-0-0.mp4|0.48540723|(1,481,0.48540723)
Kingsman.The.Secret.Service.2014__#00-22-10_00-23-10_label_B2-0-0.mp4|0.4800548|(1,1441,0.4800548)
v=5BBoVfKOyeM__#00-08-19_00-10-10_label_B6-0-0.mp4|0.4711349|(1,2666,0.4711349)
v=3xWiBCIxjIk__#1_label_B4-0-0.mp4|0.4888612|(1,3748,0.4888612)
Lord.of.War__#00-50-10_00-50-50_label_G-0-0.mp4|0.46864194|(1,961,0.46864194)
v=3WmMhircZOc__#1_label_B4-0-0.mp4|0.46171367|(2,4001,0.44318354,4000,6025,0.46171367)
v=DVdXoVUNkhg__#1_label_G-0-0.mp4|0.47390118|(1,1146,0.47390118)
v=1GFBuaGCeTo__#1_label_G-0-0.mp4|0.43784922|(1,1253,0.43784922)
v=hAHXCMRvY_I__#1_label_G-0-0.mp4|0.5071168|(1,486,0.5071168)
v=lpkL0Y1MhA8__#1_label_B4-0-0.mp4|0.45645806|(1,2524,0.45645806)
City.of.God.2002__#00-40-16_00-41-30_label_B2-0-0.mp4|0.47085586|(1,1778,0.47085586)
Mission.Impossible.Ghost.Protocol.2011__#01-54-24_01-54-50_label_B1-0-0.mp4|0.48278493|(1,625,0.48278493)
v=AF9p0YA0hyA__#00-03-03_00-04-20_label_B4-0-0.mp4|0.50359344|(1,1850,0.50359344)
v=fQQzg2VfJME__#1_label_B4-0-0.mp4|0.45294195|(1,1348,0.45294195)
v=pFamvR9CpYw__#00-00-00_00-06-36_label_B4-0-0.mp4|0.46512726|(3,4001,0.46512726,4000,8001,0.45709753,8000,9506,0.45026094)
Ip.Man.2008__#01-40-37_01-42-07_label_B4-0-0.mp4|0.47553873|(1,2161,0.47553873)
v=lcBUb7EOQ4o__#1_label_G-0-0.mp4|0.44376346|(1,2237,0.44376346)
Operation.Red.Sea.2018__#0-25-36_0-26-03_label_G-0-0.mp4|0.48627672|(1,648,0.48627672)
v=q_DhkdHGXos__#1_label_B1-0-0.mp4|0.4748276|(2,4001,0.4748276,4000,4638,0.47253954)
v=7QOdBpDrmKk__#00-01-00_00-02-45_label_B6-0-0.mp4|0.4765556|(1,2522,0.4765556)
Mission.Impossible.V.Rogue.Nation.2015__#01-54-23_01-55-10_label_B2-0-0.mp4|0.50097877|(1,1129,0.50097877)
v=xbPWQKZspfU__#1_label_B1-0-0.mp4|0.43031293|(2,4001,0.43031293,4000,5034,0.42420903)
v=nLAapCIlr-o__#00-07-22_00-08-19_label_B6-0-0.mp4|0.49483597|(1,1370,0.49483597)
Kill.Bill.Vol.1.2003__#01-17-20_01-20-20_label_B1-0-0.mp4|0.48076263|(2,4001,0.48037785,321,4321,0.48076263)
v=Dn_SDu22WpM__#00-08-35_00-10-05_label_B6-0-0.mp4|0.44587442|(1,2163,0.44587442)
v=-fOWSLV6Esw__#1_label_B4-0-0.mp4|0.46234182|(1,789,0.46234182)
Election.2005__#00-47-57_00-50-54_label_B5-0-0.mp4|0.48746258|(2,4001,0.48746258,248,4248,0.48649928)
v=-kwNh1lMU-w__#1_label_B4-0-0.mp4|0.47485867|(2,4001,0.47485867,81,4081,0.4731648)
v=6nfo9c7a5pE__#1_label_B1-0-0.mp4|0.43198073|(1,1235,0.43198073)
v=SMy2_qNO2Y0__#00-01-50_00-03-13_label_G-0-0.mp4|0.46716473|(1,1994,0.46716473)
v=Qc3pAEeK16A__#1_label_B1-0-0.mp4|0.46938688|(1,1409,0.46938688)
v=9CWJd1SezkA__#1_label_G-0-0.mp4|0.49349067|(1,700,0.49349067)
Tropa.de.Elite.2.2010__#01-33-01_01-33-30_label_B2-0-0.mp4|0.4943871|(1,698,0.4943871)
Mission.Impossible.V.Rogue.Nation.2015__#00-17-27_00-17-55_label_B2-0-0.mp4|0.49551195|(1,673,0.49551195)
v=tP19WuyY3IY__#00-00-00_00-00-51_label_B6-0-0.mp4|0.47681576|(1,1226,0.47681576)
Operation.Red.Sea.2018__#0-16-06_0-16-46_label_G-0-0.mp4|0.49251094|(1,960,0.49251094)
The.Bourne.Ultimatum.2007__#01-44-02_01-44-11_label_B2-0-0.mp4|0.49979368|(1,217,0.49979368)
Operation.Red.Sea.2018__#0-56-26_0-57-10_label_G-0-0.mp4|0.49277908|(1,1056,0.49277908)
Lord.of.War__#01-41-04_01-41-53_label_B1-0-0.mp4|0.4801955|(1,1177,0.4801955)
v=wVey5JDRf_g__#00-01-30_00-02-41_label_B6-0-0.mp4|0.46621332|(1,1706,0.46621332)
v=1io9Uh54Vhg__#1_label_B4-0-0.mp4|0.45484728|(1,1980,0.45484728)
v=Q6zIX29HkSo__#1_label_B4-0-0.mp4|0.47387835|(1,2145,0.47387835)
v=BzwNU2xmT64__#00-04-10_00-06-09_label_B6-0-0.mp4|0.46598148|(1,2858,0.46598148)
v=iHuggczItBk__#00-03-00_00-03-55_label_B6-0-0.mp4|0.48105448|(1,1322,0.48105448)
v=nLAapCIlr-o__#00-16-10_00-18-09_label_B6-0-0.mp4|0.48801267|(1,2858,0.48801267)
Ip.Man.3.2015__#00-44-45_00-45-08_label_B1-0-0.mp4|0.46225|(1,552,0.46225)
Black.Hawk.Down.2001__#01-13-59_01-14-49_label_B2-0-0.mp4|0.49474195|(1,1201,0.49474195)
v=3zgaqeVSXuI__#1_label_B4-0-0.mp4|0.4814525|(1,1953,0.4814525)
Young.And.Dangerous.I.1996__#0-46-57_0-48-57_label_B1-0-0.mp4|0.49250498|(1,2881,0.49250498)
v=8tqeeBGjnPg__#00-03-12_00-04-15_label_B6-0-0.mp4|0.47174928|(1,1515,0.47174928)
v=iWfUqxibqG0__#1_label_G-0-0.mp4|0.4866462|(1,631,0.4866462)
v=Ia9ATKNeUbY__#00-04-19_00-05-11_label_B6-0-0.mp4|0.50878537|(1,1250,0.50878537)
v=UK2w9Sh47fM__#1_label_G-0-0.mp4|0.49025154|(1,1198,0.49025154)
Salt.2010__#00-17-40_00-18-16_label_B1-0-0.mp4|0.48921126|(1,865,0.48921126)
v=2Rr21qkZEDQ__#00-03-00_00-04-09_label_B6-0-0.mp4|0.48928595|(1,1658,0.48928595)
Skyfall.2012__#01-20-05_01-20-20_label_B1-B2-0.mp4|0.47538772|(1,361,0.47538772)
Bullet.in.the.Head.1990__#00-41-30_00-44-16_label_B4-G-0.mp4|0.4340415|(1,3986,0.4340415)
v=5Tnl7_8RqlA__#00-11-00_00-12-45_label_B6-0-0.mp4|0.45612374|(1,2522,0.45612374)
v=BXR3d22BhHs__#00-06-00_00-07-00_label_B4-0-0.mp4|0.46155962|(1,1443,0.46155962)
The.Fast.and.the.Furious.2001__#00-52-18_00-53-36_label_B1-0-0.mp4|0.48539302|(1,1873,0.48539302)
v=gENp4SyNxkI__#1_label_B1-0-0.mp4|0.45616177|(1,1275,0.45616177)
v=YANmwpkuWRo__#1_label_G-0-0.mp4|0.4933123|(1,1080,0.4933123)
v=96N4XAJ7FKM__#1_label_B1-0-0.mp4|0.45863858|(2,4001,0.44229528,4000,4860,0.45863858)
Mission.Impossible.II.2000__#01-38-25_01-38-41_label_B2-B5-0.mp4|0.4939797|(1,385,0.4939797)
v=15wDrZJQpsw__#00-00-00_00-00-51_label_B6-0-0.mp4|0.49484965|(1,1226,0.49484965)
Skyfall.2012__#01-57-40_01-58-00_label_B2-0-0.mp4|0.4986543|(1,481,0.4986543)
Spectre.2015__#02-15-30_02-16-05_label_G-0-0.mp4|0.49833816|(1,842,0.49833816)
GoldenEye.1995__#00-10-00_00-10-40_label_G-0-0.mp4|0.48696527|(1,961,0.48696527)
v=0yHBkMBE8r4__#1_label_B1-0-0.mp4|0.43301898|(2,4001,0.4263225,4000,5162,0.43301898)
Bad.Boys.1995__#01-33-51_01-34-37_label_B2-0-0.mp4|0.49521837|(1,1104,0.49521837)
v=YKtw6uLEGps__#1_label_B4-0-0.mp4|0.44887704|(1,2934,0.44887704)
v=cO1UefhG7AY__#1_label_G-0-0.mp4|0.48058993|(2,4001,0.46442434,4000,4574,0.48058993)
v=Lt9M_tSij_4__#00-00-00_00-04-24_label_B6-0-0.mp4|0.4611614|(2,4001,0.4611614,4000,6336,0.45504916)
v=kVl-6-A9ZO4__#00-08-01_00-09-35_label_B6-0-0.mp4|0.48916224|(1,2259,0.48916224)
v=X6Tbn8_X-Os__#1_label_B1-0-0.mp4|0.45885584|(2,4001,0.4472658,4000,4899,0.45885584)
v=BQjKQbYgUBA__#1_label_B1-0-0.mp4|0.4262719|(1,3423,0.4262719)
Skyfall.2012__#02-08-44_02-09-17_label_B1-0-0.mp4|0.49859792|(1,793,0.49859792)
Deadpool.2016__#0-18-58_0-19-20_label_B1-0-0.mp4|0.4971099|(1,529,0.4971099)
v=zQbnQBCTSiA__#1_label_B1-0-0.mp4|0.49293825|(2,4001,0.4870802,4000,5695,0.49293825)
v=Hnfy9XhlIPM__#1_label_B4-0-0.mp4|0.48566422|(2,4001,0.48566422,4000,4661,0.48496163)
v=ZkUciDD55kA__#00-00-00_00-00-30_label_G-0-0.mp4|0.48638928|(1,722,0.48638928)
v=MqrNCb2N5to__#1_label_B1-0-0.mp4|0.4388013|(1,2533,0.4388013)
v=_5Kmb4tqMxs__#1_label_B4-0-0.mp4|0.46605346|(1,1305,0.46605346)
Taken.2.UNRATED.EXTENDED.2012__#01-06-28_01-06-49_label_B2-0-0.mp4|0.48922718|(1,505,0.48922718)
Mission.Impossible.V.Rogue.Nation.2015__#01-19-48_01-20-20_label_B6-0-0.mp4|0.46550766|(1,770,0.46550766)
Yellow.Sea.2010__#01-04-00_01-04-50_label_B1-0-0.mp4|0.47911745|(1,1200,0.47911745)
v=HSisjzLESak__#00-00-00_00-00-51_label_B6-0-0.mp4|0.47470903|(1,1226,0.47470903)
Operation.Red.Sea.2018__#01-37-22_01-37-36_label_G-B2-0.mp4|0.48330688|(1,336,0.48330688)
Shoot.Em.Up.2007__#00-56-56_00-57-15_label_B2-0-0.mp4|0.48623365|(1,457,0.48623365)
v=jYENhkzdpO8__#00-00-00_00-01-31_label_B6-0-0.mp4|0.4716243|(1,2186,0.4716243)
New.Kids.Turbo.2010__#00-50-13_00-50-34_label_B1-0-0.mp4|0.47603247|(1,504,0.47603247)
v=bDm2-1NZBLw__#1_label_B4-0-0.mp4|0.45018372|(1,2210,0.45018372)
Bullet.in.the.Head.1990__#00-23-31_00-24-40_label_G-0-0.mp4|0.48236495|(1,1657,0.48236495)
v=ZnFlL84K7HE__#00-27-53_00-34-45_label_B4-0-0.mp4|0.4978549|(3,4001,0.49195194,4000,8001,0.48872462,8000,9890,0.4978549)
City.of.God.2002__#01-24-10_01-25-10_label_B2-0-0.mp4|0.4914735|(1,1441,0.4914735)
v=ICnreR1hxP0__#1_label_B4-0-0.mp4|0.46222562|(2,4001,0.46222562,328,4328,0.4615118)
v=2al4t5inObA__#1_label_B4-0-0.mp4|0.47823417|(1,3582,0.47823417)
v=3wxWNAM8Cso__#1_label_G-0-0.mp4|0.47981733|(2,4001,0.47981733,4000,6063,0.4408905)
v=pMtu7fOHdII__#1_label_B1-0-0.mp4|0.46283916|(1,1252,0.46283916)
Black.Hawk.Down.2001__#01-42-58_01-43-58_label_G-0-0.mp4|0.5012498|(1,1441,0.5012498)
v=ZoS8gm5OcOM__#00-07-50_00-08-55_label_B6-0-0.mp4|0.4884624|(1,1562,0.4884624)
v=tP19WuyY3IY__#00-06-10_00-07-51_label_B6-0-0.mp4|0.49140042|(1,2426,0.49140042)
v=CvMpD1yqfxI__#1_label_G-0-0.mp4|0.4753777|(1,873,0.4753777)
v=-etV57xZ4_I__#1_label_B4-0-0.mp4|0.49373063|(1,265,0.49373063)
Taken.Extended.Cut.2008__#00-50-45_00-51-04_label_B2-B6-0.mp4|0.49277458|(1,456,0.49277458)
v=UzxuX79xq4s__#1_label_B4-0-0.mp4|0.4489707|(2,4001,0.44088277,4000,5286,0.4489707)
v=EH_QB6cm6BE__#1_label_G-0-0.mp4|0.46817303|(1,658,0.46817303)
Salt.2010__#01-12-05_01-12-32_label_B2-G-0.mp4|0.47610348|(1,649,0.47610348)
v=y1z12D5bx7c__#1_label_B4-0-0.mp4|0.4809296|(2,4001,0.45160273,4000,4850,0.4809296)
v=1q5V6DKH3bw__#1_label_B4-0-0.mp4|0.44672722|(1,3029,0.44672722)
v=v-Plzx73K68__#1_label_B4-0-0.mp4|0.4650451|(1,1016,0.4650451)
Mission.Impossible.Fallout.2018__#02-03-50_02-04-35_label_B1-0-0.mp4|0.4995858|(1,1080,0.4995858)
v=ZCjNPgNu42g__#1_label_B4-0-0.mp4|0.4886202|(1,3483,0.4886202)
v=7QOdBpDrmKk__#00-10-30_00-10-51_label_B6-0-0.mp4|0.5000401|(1,506,0.5000401)
v=OE9t3XImErk__#1_label_B1-0-0.mp4|0.511345|(1,557,0.511345)
Sin.City.2005__#0-10-40_0-11-40_label_B2-0-0.mp4|0.48170707|(1,1441,0.48170707)
v=_YobflFU_HU__#00-06-10_00-07-51_label_B6-0-0.mp4|0.4705627|(1,2426,0.4705627)
Casino.Royale.2006__#01-17-29_01-17-46_label_B1-0-0.mp4|0.5035646|(1,409,0.5035646)
The.Fast.and.the.Furious.2001__#00-29-00_00-29-52_label_B2-G-0.mp4|0.46028724|(1,1249,0.46028724)
v=2jwO15SMyuo__#1_label_B4-0-0.mp4|0.49895516|(1,2376,0.49895516)
Rush.Hour.3.2007.BluRay__#00-40-56_00-41-52_label_B2-0-0.mp4|0.49082038|(1,1345,0.49082038)
v=uQY15O3LKI0__#1_label_B6-0-0.mp4|0.4576798|(1,3970,0.4576798)
v=iegHZ_UWWsA__#00-14-05_00-20-33_label_B4-0-0.mp4|0.4958629|(3,4001,0.4482774,4000,8001,0.4958629,8000,9314,0.45175236)
God.Bless.America.2011__#00-38-25_00-39-37_label_B2-B5-0.mp4|0.4761704|(1,1729,0.4761704)
Bullet.in.the.Head.1990__#01-45-21_01-46-20_label_B2-0-0.mp4|0.48562458|(1,1417,0.48562458)
Taken.2.UNRATED.EXTENDED.2012__#01-00-00_01-00-16_label_B2-0-0.mp4|0.49715978|(1,385,0.49715978)
v=Ia9ATKNeUbY__#00-05-19_00-06-09_label_B6-0-0.mp4|0.49954635|(1,1202,0.49954635)
v=Q-u3Y9TkZhQ__#1_label_B4-0-0.mp4|0.48474964|(1,1036,0.48474964)
v=uprb6aBzymw__#00-03-03_00-05-13_label_B4-0-0.mp4|0.47370228|(1,3121,0.47370228)
v=cuUK-3MNqtw__#1_label_B1-0-0.mp4|0.45054522|(1,2063,0.45054522)
Fast.Five.2011__#00-32-05_00-32-24_label_B1-B2-0.mp4|0.4948448|(1,457,0.4948448)
Kingsman.The.Golden.Circle.2017__#00-35-55_00-36-35_label_B1-0-0.mp4|0.4993983|(1,962,0.4993983)
The.Hurt.Locker.2008__#01-27-42_01-28-09_label_G-0-0.mp4|0.4821584|(1,649,0.4821584)
Fast.Furious.6.2013__#01-38-33_01-39-20_label_B1-0-0.mp4|0.48842368|(1,1129,0.48842368)
v=u5SF4SlqNDQ__#00-02-39_00-03-41_label_G-0-0.mp4|0.45204422|(1,1491,0.45204422)
Tropa.de.Elite.2.2010__#00-13-41_00-14-56_label_B4-0-0.mp4|0.49049303|(1,1801,0.49049303)
Fast.Five.2011__#00-01-41_00-01-57_label_B6-0-0.mp4|0.4956096|(1,385,0.4956096)
Taken.Extended.Cut.2008__#00-33-51_00-34-03_label_B1-0-0.mp4|0.47710213|(1,289,0.47710213)
Taken.2.UNRATED.EXTENDED.2012__#00-45-50_00-46-20_label_G-0-0.mp4|0.48353282|(1,722,0.48353282)
Shoot.Em.Up.2007__#00-32-40_00-35-10_label_B2-0-0.mp4|0.45742273|(1,3601,0.45742273)
Saving.Private.Ryan.1998__#02-23-00_02-23-28_label_B1-0-0.mp4|0.491414|(1,673,0.491414)
The.World.Is.Not.Enough.1999__#00-10-22_00-10-40_label_G-0-0.mp4|0.48614118|(1,433,0.48614118)
Skyfall.2012__#00-06-10_00-06-25_label_B6-0-0.mp4|0.48132992|(1,361,0.48132992)
v=9Ydg5IeZpFI__#1_label_B1-0-0.mp4|0.4255505|(2,4001,0.4255505,4000,4621,0.41596228)
Taken.3.2014__#01-19-13_01-19-30_label_B1-0-0.mp4|0.49938363|(1,409,0.49938363)
v=oipd63DGadU__#1_label_B1-0-0.mp4|0.4543252|(1,1398,0.4543252)
Mission.Impossible.III.2006__#00-19-56_00-20-26_label_B2-0-0.mp4|0.49703974|(1,721,0.49703974)
v=m8EkFsaGPzU__#1_label_B4-0-0.mp4|0.49082893|(2,4001,0.44026414,4000,5703,0.49082893)
Sin.City.2005__#0-29-34_0-29-56_label_B2-0-0.mp4|0.49342325|(1,529,0.49342325)
Sin.City.2005__#01-51-59_01-52-29_label_B2-0-0.mp4|0.47213355|(1,721,0.47213355)
Death.Proof.2007__#01-40-41_01-42-17_label_B5-B6-0.mp4|0.4704711|(1,2305,0.4704711)
v=k98yVPXiYoU__#1_label_G-0-0.mp4|0.48224527|(1,736,0.48224527)
Young.And.Dangerous.IV.1997__#01-32-04_01-32-58_label_B1-0-0.mp4|0.4840623|(1,1297,0.4840623)
v=V7FtjJStY1M__#1_label_G-0-0.mp4|0.51826847|(1,360,0.51826847)
v=CczYDDDf22A__#1_label_G-0-0.mp4|0.49945724|(1,679,0.49945724)
v=2WkuPNLfl5s__#1_label_B4-0-0.mp4|0.47807223|(1,1242,0.47807223)
Fast.Furious.2009__#01-18-00_01-19-00_label_B2-B6-0.mp4|0.49535283|(1,1441,0.49535283)
v=GI49YSCruwY__#1_label_B4-0-0.mp4|0.4537919|(1,3032,0.4537919)
Salt.2010__#01-06-27_01-07-07_label_G-B2-0.mp4|0.4983629|(1,962,0.4983629)
v=CcD-YNlkMPY__#1_label_G-0-0.mp4|0.47626922|(1,1996,0.47626922)
v=zoIn2hOrUIM__#00-01-00_00-02-45_label_B6-0-0.mp4|0.46416074|(1,2522,0.46416074)
v=TsuuRo6PEXM__#1_label_B1-0-0.mp4|0.45051938|(2,4001,0.45051938,343,4343,0.44741362)
v=bfOlheR5nUQ__#00-04-33_00-06-02_label_B4-0-0.mp4|0.452813|(1,2138,0.452813)
Spectre.2015__#00-44-05_00-44-40_label_B1-B2-0.mp4|0.49734023|(1,841,0.49734023)
Haywire.2011__#01-20-20_01-21-57_label_B1-0-0.mp4|0.49372795|(1,2329,0.49372795)
v=osjdmjNJUdg__#1_label_B1-0-0.mp4|0.42681655|(1,2320,0.42681655)
Saving.Private.Ryan.1998__#02-23-58_02-24-18_label_G-0-0.mp4|0.46693513|(1,481,0.46693513)
Jason.Bourne.2016__#0-29-48_0-30-29_label_B4-0-0.mp4|0.48849794|(1,985,0.48849794)
Braveheart.1995__#01-26-50_01-32-30_label_B1-0-0.mp4|0.49340424|(3,4001,0.49340424,4000,8001,0.47913986,4161,8161,0.47603238)
v=wG-2t0M8CPc__#1_label_B1-0-0.mp4|0.4590256|(1,2073,0.4590256)
v=FRj2K0ulD8Q__#00-00-00_00-00-57_label_B4-0-0.mp4|0.48658136|(1,1370,0.48658136)
v=15wDrZJQpsw__#00-09-00_00-10-55_label_B6-0-0.mp4|0.47015074|(1,2762,0.47015074)
v=OOjjPGN8jSU__#1_label_B6-0-0.mp4|0.47260955|(2,4001,0.47080556,4000,5918,0.47260955)
The.Hurt.Locker.2008__#0-19-22_0-22-32_label_B2-B1-0.mp4|0.47650677|(2,4001,0.44458756,4000,4561,0.47650677)
Bullet.in.the.Head.1990__#01-26-30_01-27-34_label_B2-0-0.mp4|0.48084012|(1,1537,0.48084012)
Fast.Furious.2009__#00-42-10_00-42-41_label_B6-0-0.mp4|0.48620412|(1,745,0.48620412)
Taken.3.2014__#01-12-48_01-14-30_label_B2-B1-0.mp4|0.48586112|(1,2449,0.48586112)
v=g2v3EkBj9Zc__#1_label_B4-0-0.mp4|0.47980404|(1,764,0.47980404)
v=UYFR-XbyZQc__#00-01-19_00-02-42_label_G-0-0.mp4|0.4893304|(1,1992,0.4893304)
Haywire.2011__#00-16-07_00-16-49_label_B1-0-0.mp4|0.50205666|(1,1008,0.50205666)
v=ntaXjnpusxM__#1_label_G-0-0.mp4|0.47164446|(1,688,0.47164446)
v=3xkwZk44VQs__#1_label_B4-0-0.mp4|0.4564129|(1,2517,0.4564129)
Brick.Mansions.2014__#01-02-00_01-02-43_label_B2-0-0.mp4|0.49045965|(1,1032,0.49045965)
v=rAlZRFZTwxM__#00-03-13_00-07-08_label_G-0-0.mp4|0.4628587|(2,4001,0.4628587,4000,5641,0.43944198)
v=UK--hvgP2uY__#1_label_G-0-0.mp4|0.47103804|(1,2605,0.47103804)
v=yy-KIWDcBr4__#00-16-10_00-17-19_label_B6-0-0.mp4|0.4782909|(1,1658,0.4782909)
v=k_cvJa1kNaM__#1_label_B4-0-0.mp4|0.45096523|(2,4001,0.4494993,4000,5628,0.45096523)
Deadpool.2.2018__#0-50-30_0-51-20_label_B1-0-0.mp4|0.4927198|(1,1201,0.4927198)
v=9Jk2sIp5MRQ__#1_label_G-0-0.mp4|0.49998772|(1,568,0.49998772)
v=Q7NpJXOTiMY__#1_label_G-0-0.mp4|0.47523454|(1,1628,0.47523454)
IP.Man.2.2010__#01-35-55_01-39-11_label_B1-0-0.mp4|0.48238984|(2,4001,0.48238984,4000,4704,0.4766006)
The.World.Is.Not.Enough.1999__#00-07-04_00-07-45_label_G-B2-0.mp4|0.450118|(1,984,0.450118)
Desperado.1995__#01-14-11_01-17-28_label_B2-G-0.mp4|0.49342704|(2,4001,0.49342704,4000,4729,0.45924723)
City.Of.Men.2007__#00-57-37_00-58-27_label_B2-0-0.mp4|0.46729133|(1,1200,0.46729133)
v=eqtJjxsTgtg__#1_label_G-0-0.mp4|0.48918727|(1,1194,0.48918727)
v=BXR3d22BhHs__#00-07-00_00-08-00_label_B4-0-0.mp4|0.4635174|(1,1443,0.4635174)
v=yvnj5VIDsNI__#1_label_B4-0-0.mp4|0.4611936|(2,4001,0.4611936,4000,4890,0.4531749)
v=ONsmJAyFAAw__#1_label_G-0-0.mp4|0.4540953|(1,1563,0.4540953)
v=qqsd-cZr01k__#00-06-10_00-07-19_label_B6-0-0.mp4|0.48215634|(1,1658,0.48215634)
Rush.Hour.1998.BluRay__#00-08-08_00-09-15_label_B2-B6-G.mp4|0.50844115|(1,1609,0.50844115)
Sin.City.2005__#0-43-45_0-44-01_label_B2-0-0.mp4|0.50110084|(1,385,0.50110084)
v=rJz4NXm6vis__#1_label_B4-0-0.mp4|0.4291594|(1,1892,0.4291594)
The.Bourne.Ultimatum.2007__#01-26-27_01-28-03_label_B2-B6-0.mp4|0.47630623|(1,2305,0.47630623)
v=73uRcX0Dvfc__#00-00-00_00-01-51_label_B6-G-0.mp4|0.45722198|(1,2666,0.45722198)
GoldenEye.1995__#00-24-53_00-25-06_label_B1-0-0.mp4|0.46486986|(1,313,0.46486986)
v=gsz_P8t-KM4__#1_label_B4-0-0.mp4|0.488215|(3,4001,0.47012654,4000,8001,0.47304,8000,9741,0.488215)
v=PWBZiM-rkoE__#1_label_G-0-0.mp4|0.45417535|(1,2711,0.45417535)
v=J_ZsNd97wXw__#1_label_G-0-0.mp4|0.4544612|(1,1204,0.4544612)
Saving.Private.Ryan.1998__#02-16-58_02-17-13_label_G-0-0.mp4|0.49214515|(1,361,0.49214515)
v=CoxsDkB-rWU__#00-07-06_00-10-30_label_B4-0-0.mp4|0.49090716|(2,4001,0.46823713,4000,4898,0.49090716)
Fast.Furious.2009__#00-21-06_00-21-57_label_B6-B2-0.mp4|0.48124462|(1,1225,0.48124462)
v=wVey5JDRf_g__#00-00-00_00-01-20_label_B6-0-0.mp4|0.4702045|(1,1922,0.4702045)
Shoot.Em.Up.2007__#00-53-25_00-56-47_label_B2-0-0.mp4|0.48044538|(2,4001,0.48044538,4000,4850,0.47691295)
Deadpool.2.2018__#0-04-46_0-05-01_label_B2-0-0.mp4|0.46814805|(1,361,0.46814805)
v=0qtIjyt-7wg__#00-01-00_00-02-45_label_B6-0-0.mp4|0.47842994|(1,2522,0.47842994)
v=wnd3IYH7x1o__#1_label_G-0-0.mp4|0.48917058|(1,1139,0.48917058)
v=Dh-3BlhAOnE__#00-00-00_00-13-36_label_B4-0-0.mp4|0.47457626|(5,4001,0.455783,4000,8001,0.47457626,8000,12001,0.4501097,12000,16001,0.46958077,16000,19586,0.46382356)
v=waIS8TaJxts__#00-09-00_00-10-45_label_B6-0-0.mp4|0.47520006|(1,2522,0.47520006)
Ip.Man.2008__#01-14-31_01-15-24_label_B1-0-0.mp4|0.46540743|(1,1274,0.46540743)
v=8oTjTufJnXI__#1_label_G-0-0.mp4|0.46962073|(1,2694,0.46962073)
v=3y2OOc6WTrg__#1_label_B1-0-0.mp4|0.44959354|(2,4001,0.44959354,352,4352,0.4469743)
v=k7R_Qo-BiAw__#00-10-30_00-10-51_label_B6-0-0.mp4|0.49246722|(1,506,0.49246722)
Love.Death.and.Robots.S01E13__#0-11-48_0-12-07_label_G-0-0.mp4|0.5012331|(1,456,0.5012331)
Braveheart.1995__#02-07-00_02-08-15_label_B1-0-0.mp4|0.47670498|(1,1802,0.47670498)
Saving.Private.Ryan.1998__#02-20-00_02-20-13_label_G-0-0.mp4|0.46690086|(1,313,0.46690086)
v=yy-KIWDcBr4__#00-08-35_00-10-25_label_B6-0-0.mp4|0.47764328|(1,2642,0.47764328)
v=vhACO_m5pH0__#00-14-42_00-15-40_label_B6-0-0.mp4|0.49591422|(1,1394,0.49591422)
v=7zEFHKKBA0g__#1_label_B4-0-0.mp4|0.48867467|(2,4001,0.44858736,4000,4420,0.48867467)
Saving.Private.Ryan.1998__#00-47-50_00-49-35_label_B2-0-0.mp4|0.5109173|(1,2521,0.5109173)
v=cEOM18n8fhU__#1_label_G-0-0.mp4|0.46971363|(1,2831,0.46971363)
v=aWPWHU8x6kE__#1_label_B4-0-0.mp4|0.4769083|(2,4001,0.46522588,4000,4829,0.4769083)
v=yrpZJ8Vr3aA__#1_label_B1-0-0.mp4|0.46104315|(1,2354,0.46104315)
v=w16YmhAZ1_Y__#1_label_G-0-0.mp4|0.47811598|(1,1480,0.47811598)
v=1djrJ0wxlYo__#1_label_B4-0-0.mp4|0.46712935|(1,1536,0.46712935)
Casino.Royale.2006__#00-50-05_00-51-16_label_B1-B2-B6.mp4|0.47834182|(1,1705,0.47834182)
v=SE5fxK7SasU__#00-03-23_00-04-08_label_B4-0-0.mp4|0.50552976|(1,1082,0.50552976)
Operation.Red.Sea.2018__#0-29-36_0-30-20_label_B2-G-0.mp4|0.47635448|(1,1056,0.47635448)
v=7rDRFFSUrPI__#00-01-50_00-02-32_label_G-0-0.mp4|0.47623256|(1,1010,0.47623256)
Casino.Royale.2006__#01-46-40_01-47-14_label_B6-0-0.mp4|0.49598992|(1,817,0.49598992)
v=u0Tnw01PNxc__#1_label_B4-0-0.mp4|0.46134925|(1,1377,0.46134925)
v=ZoS8gm5OcOM__#00-06-20_00-07-30_label_B6-0-0.mp4|0.49907818|(1,1682,0.49907818)
Rush.Hour.1998.BluRay__#01-25-21_01-25-46_label_B2-0-0.mp4|0.50062233|(1,602,0.50062233)
Fast.Furious.6.2013__#01-03-25_01-04-59_label_B1-0-0.mp4|0.49963036|(1,2256,0.49963036)
Brick.Mansions.2014__#00-16-26_00-17-12_label_B1-0-0.mp4|0.4800281|(1,1104,0.4800281)
v=fIlmgvc-bUk__#1_label_B4-0-0.mp4|0.47534376|(1,1415,0.47534376)
v=GqMh_HBNWZE__#00-01-00_00-02-45_label_B6-0-0.mp4|0.46400443|(1,2522,0.46400443)
v=PuZy1PQIgrA__#1_label_B1-0-0.mp4|0.42731935|(1,2816,0.42731935)
v=OFxPTJxA5pg__#1_label_B4-0-0.mp4|0.4944499|(5,4001,0.47768003,4000,8001,0.47121188,8000,12001,0.4944499,12000,16001,0.4652117,16000,17542,0.48457402)
v=vhACO_m5pH0__#00-20-42_00-22-40_label_B6-0-0.mp4|0.4748778|(1,2834,0.4748778)
Mindhunters.2004__#01-19-00_01-20-05_label_B2-0-0.mp4|0.49615958|(1,1561,0.49615958)
v=RUjrMYWhLng__#1_label_B6-0-0.mp4|0.47124052|(3,4001,0.44805607,4000,8001,0.45868132,8000,10434,0.47124052)
v=iHuggczItBk__#00-01-00_00-02-45_label_B6-0-0.mp4|0.4583445|(1,2522,0.4583445)
v=GbMQ2CxeNHU__#1_label_B4-0-0.mp4|0.47875106|(2,4001,0.4697697,4000,5490,0.47875106)
v=ROrpKx3aIjA__#1_label_G-0-0.mp4|0.5267785|(1,1300,0.5267785)
v=abATVcjFumY__#1_label_G-0-0.mp4|0.481258|(1,1835,0.481258)
v=T-LH8Gv5zzY__#1_label_B4-0-0.mp4|0.47175586|(1,2426,0.47175586)
Sin.City.2005__#0-06-42_0-07-06_label_B1-0-0.mp4|0.50461406|(1,577,0.50461406)
Fast.Furious.6.2013__#00-45-40_00-47-13_label_B2-0-0.mp4|0.47221294|(1,2233,0.47221294)
v=X4I8FhpGJwo__#00-09-00_00-10-45_label_B6-0-0.mp4|0.48027983|(1,2522,0.48027983)
v=zI0q5UDP47g__#1_label_B4-0-0.mp4|0.4916467|(1,3603,0.4916467)
v=HSisjzLESak__#00-01-00_00-02-45_label_B6-0-0.mp4|0.49610755|(1,2522,0.49610755)
v=gbRIKogNZvE__#1_label_B4-0-0.mp4|0.45285806|(1,2990,0.45285806)
Fury.2014__#00-07-30_00-07-58_label_G-0-0.mp4|0.49457738|(1,673,0.49457738)
Haywire.2011__#00-03-51_00-05-12_label_B1-B2-0.mp4|0.48767927|(1,1945,0.48767927)
v=8ewWXhYRUNs__#1_label_B1-0-0.mp4|0.4399829|(1,1369,0.4399829)
v=JfLYNEsrTew__#1_label_G-0-0.mp4|0.46958005|(1,750,0.46958005)
GoldenEye.1995__#02-03-40_02-04-13_label_G-0-0.mp4|0.47784096|(1,794,0.47784096)
Deadpool.2.2018__#01-03-09_01-03-54_label_B4-0-0.mp4|0.48516366|(1,1081,0.48516366)
v=sE-DC2trBkI__#00-01-00_00-02-45_label_B6-0-0.mp4|0.47336772|(1,2522,0.47336772)
v=QWwDsPSe7iM__#1_label_B4-0-0.mp4|0.44574487|(1,2334,0.44574487)
v=rKpXqwE2rg8__#00-01-57_00-03-06_label_B4-0-0.mp4|0.45555627|(1,1658,0.45555627)
v=qqsd-cZr01k__#00-01-00_00-02-45_label_B6-0-0.mp4|0.46752143|(1,2522,0.46752143)
v=waIS8TaJxts__#00-07-40_00-08-50_label_B6-0-0.mp4|0.48958573|(1,1682,0.48958573)
Jason.Bourne.2016__#0-50-20_0-50-30_label_G-0-0.mp4|0.47977716|(1,241,0.47977716)
v=8oJMGgaww70__#1_label_B4-0-0.mp4|0.44370675|(1,3595,0.44370675)
Mission.Impossible.Ghost.Protocol.2011__#01-12-38_01-13-43_label_B1-0-0.mp4|0.49205598|(1,1561,0.49205598)
v=3e3C-LQWF2s__#1_label_B1-0-0.mp4|0.4523264|(2,4001,0.44265723,4000,4421,0.4523264)
v=yDqThVpu1AM__#1_label_B4-0-0.mp4|0.50028163|(1,744,0.50028163)
v=u5SF4SlqNDQ__#00-00-00_00-01-00_label_G-0-0.mp4|0.44822884|(1,1442,0.44822884)
v=DD3jfKr8e-k__#00-00-00_00-01-40_label_B4-0-0.mp4|0.4412832|(1,2402,0.4412832)
Bullet.in.the.Head.1990__#00-17-20_00-18-55_label_B1-0-0.mp4|0.4820209|(1,2281,0.4820209)
v=CFfc4UWzVB8__#00-00-00_00-00-30_label_B4-0-0.mp4|0.46418828|(1,722,0.46418828)
v=251___mEwZA__#1_label_B1-0-0.mp4|0.44477963|(2,4001,0.44477963,4000,4577,0.44026172)
v=FRj2K0ulD8Q__#00-04-16_00-06-05_label_B4-0-0.mp4|0.47294787|(1,2618,0.47294787)
v=_BgJEXQkjNQ__#1_label_G-0-0.mp4|0.49986032|(3,4001,0.46298906,4000,8001,0.49986032,4139,8139,0.4843806)
v=waIS8TaJxts__#00-01-30_00-02-45_label_B6-0-0.mp4|0.47940317|(1,1802,0.47940317)
v=Y43UkfAe_bc__#00-00-00_00-01-40_label_B4-0-0.mp4|0.47264376|(1,2402,0.47264376)
v=tT-SrQC6Ddw__#00-04-00_00-05-15_label_B6-0-0.mp4|0.4637071|(1,1800,0.4637071)
v=qrKfaX1lCUM__#1_label_G-0-0.mp4|0.46105793|(2,4001,0.44821647,4000,7409,0.46105793)
The.Bourne.Identity.2002__#0-19-53_0-21-48_label_B1-0-0.mp4|0.48924965|(1,2761,0.48924965)
Desperado.1995__#00-38-36_00-39-21_label_B1-B2-0.mp4|0.4776856|(1,1081,0.4776856)
Spectre.2015__#02-02-57_02-03-27_label_B1-B2-0.mp4|0.5008033|(1,722,0.5008033)
v=PRH5rYUHoVU__#00-00-25_00-02-50_label_B6-0-0.mp4|0.46586192|(1,3480,0.46586192)
Fast.Furious.2009__#01-29-10_01-29-55_label_B2-0-0.mp4|0.4863592|(1,1080,0.4863592)
The.Bourne.Identity.2002__#01-45-00_01-45-46_label_B1-0-0.mp4|0.4987104|(1,1104,0.4987104)
v=KUeUxbsBO6s__#1_label_B1-0-0.mp4|0.466523|(1,2748,0.466523)
Spectre.2015__#01-32-55_01-35-40_label_B1-B2-0.mp4|0.4787409|(1,3962,0.4787409)
v=2Rr21qkZEDQ__#00-14-10_00-16-09_label_B6-0-0.mp4|0.49036428|(1,2858,0.49036428)
v=J67oj92maC0__#1_label_G-0-0.mp4|0.48732853|(2,4001,0.46697614,4000,4673,0.48732853)
v=aQ3qMpgZjwg__#00-00-00_00-01-48_label_B4-0-0.mp4|0.46420974|(1,2593,0.46420974)
Quantum.Of.Solace.2008__#01-30-26_01-30-42_label_B2-B1-0.mp4|0.4839029|(1,384,0.4839029)
Sin.City.2005__#0-22-04_0-22-18_label_B5-0-0.mp4|0.48252943|(1,337,0.48252943)
Fast.Five.2011__#01-29-27_01-32-05_label_B1-0-0.mp4|0.48761714|(1,3793,0.48761714)
Taken.3.2014__#01-09-26_01-09-54_label_G-0-0.mp4|0.47022358|(1,674,0.47022358)
God.Bless.America.2011__#01-32-00_01-32-50_label_B2-0-0.mp4|0.494404|(1,1201,0.494404)
v=afhttnv46Y4__#1_label_B1-0-0.mp4|0.42819566|(1,2500,0.42819566)
v=EOAfl8yMiN8__#00-00-00_00-00-51_label_B6-0-0.mp4|0.496469|(1,1226,0.496469)
Black.Hawk.Down.2001__#01-32-40_01-34-00_label_B4-0-0.mp4|0.4987796|(1,1921,0.4987796)
v=35zynOrkvMk__#1_label_G-0-0.mp4|0.48944604|(1,365,0.48944604)
Mission.Impossible.II.2000__#01-18-55_01-20-53_label_B2-0-0.mp4|0.47270352|(1,2833,0.47270352)
Young.And.Dangerous.IV.1997__#01-07-50_01-09-45_label_B1-0-0.mp4|0.48433816|(1,2761,0.48433816)
v=vaSOMEIe1Bg__#1_label_G-0-0.mp4|0.4799825|(1,1385,0.4799825)
Sin.City.2005__#0-32-00_0-32-16_label_B2-0-0.mp4|0.4901467|(1,384,0.4901467)
Kill.Bill.Vol.1.2003__#01-21-39_01-26-55_label_B1-0-0.mp4|0.45423076|(2,4001,0.4491303,4000,7585,0.45423076)
Mission.Impossible.II.2000__#01-29-30_01-29-44_label_B1-0-0.mp4|0.4874795|(1,337,0.4874795)
v=38GQ9L2meyE__#1_label_B6-0-0.mp4|0.47487178|(2,4001,0.4683245,4000,4650,0.47487178)
v=HSisjzLESak__#00-07-40_00-08-50_label_B6-0-0.mp4|0.48542422|(1,1682,0.48542422)
Spectre.2015__#01-10-35_01-10-53_label_B2-0-0.mp4|0.4749486|(1,433,0.4749486)
Ip.Man.2008__#00-48-57_00-50-47_label_B1-0-0.mp4|0.4634629|(1,2641,0.4634629)
Yellow.Sea.2010__#01-58-30_01-59-27_label_B5-0-0.mp4|0.48193893|(1,1369,0.48193893)
City.of.God.2002__#00-37-20_00-38-02_label_B5-0-0.mp4|0.48033065|(1,1009,0.48033065)
v=BFPkt0AuSFA__#1_label_B4-0-0.mp4|0.47023264|(1,3380,0.47023264)
Haywire.2011__#00-39-07_00-41-48_label_B1-B2-0.mp4|0.4877608|(1,3865,0.4877608)
v=Z12t5h2mBJc__#1_label_B1-0-0.mp4|0.43319768|(2,4001,0.42974773,4000,5047,0.43319768)
Taken.2.UNRATED.EXTENDED.2012__#00-13-42_00-14-16_label_B5-0-0.mp4|0.4999389|(1,818,0.4999389)
v=fhiAyxpDQMU__#1_label_B4-0-0.mp4|0.49288175|(1,3985,0.49288175)
Jason.Bourne.2016__#0-17-25_0-18-53_label_B4-0-0.mp4|0.50130975|(1,2112,0.50130975)
Ip.Man.3.2015__#00-17-51_00-18-51_label_B1-0-0.mp4|0.4760021|(1,1440,0.4760021)
Death.Proof.2007__#00-45-05_00-47-36_label_B5-0-0.mp4|0.48636463|(1,3625,0.48636463)
v=nLAapCIlr-o__#00-08-35_00-10-25_label_B6-0-0.mp4|0.47104633|(1,2642,0.47104633)
v=CUr-Mg8Hmh0__#1_label_G-0-0.mp4|0.4582586|(2,4001,0.44149238,4000,5043,0.4582586)
The.Bourne.Legacy.2012__#0-39-56_0-40-15_label_G-0-0.mp4|0.5018685|(1,457,0.5018685)
v=0qtIjyt-7wg__#00-04-00_00-05-15_label_B6-0-0.mp4|0.44452462|(1,1802,0.44452462)
v=DtxU8UYiFws__#1_label_G-0-0.mp4|0.4516156|(1,1450,0.4516156)
v=f6j3YWgVBto__#00-06-16_00-06-51_label_B6-0-0.mp4|0.49933296|(1,840,0.49933296)
Black.Hawk.Down.2001__#02-00-12_02-01-29_label_B2-0-0.mp4|0.48148695|(1,1850,0.48148695)
v=X1arMZmYhsk__#00-13-00_00-14-09_label_B6-0-0.mp4|0.49605772|(1,1658,0.49605772)
Saving.Private.Ryan.1998__#02-25-42_02-26-03_label_B2-0-0.mp4|0.45413342|(1,505,0.45413342)
v=LJ0Pu5_Mefs__#1_label_G-0-0.mp4|0.47394758|(1,984,0.47394758)
The.Hurt.Locker.2008__#01-02-10_01-03-55_label_B2-0-0.mp4|0.48451596|(1,2521,0.48451596)
v=rXWOpZ7W2fA__#1_label_B1-0-0.mp4|0.4887892|(1,2796,0.4887892)
Casino.Royale.2006__#00-51-16_00-52-41_label_B1-B6-0.mp4|0.48543736|(1,2041,0.48543736)
Brick.Mansions.2014__#00-11-57_00-12-12_label_B2-0-0.mp4|0.49264735|(1,360,0.49264735)
The.Bourne.Identity.2002__#01-27-39_01-29-19_label_B2-0-0.mp4|0.48889357|(1,2400,0.48889357)
v=xe4ee56aHSg__#1_label_G-0-0.mp4|0.51003397|(1,532,0.51003397)
Desperado.1995__#00-16-48_00-18-52_label_B1-0-0.mp4|0.47308496|(1,2977,0.47308496)
v=6TR2rcgHm4g__#1_label_B4-0-0.mp4|0.4571646|(1,1621,0.4571646)
v=w2NgAYJHnS0__#1_label_G-0-0.mp4|0.4756493|(1,1011,0.4756493)
Sin.City.2005__#01-19-08_01-19-23_label_G-0-0.mp4|0.4800458|(1,361,0.4800458)
Braveheart.1995__#02-05-34_02-06-40_label_B1-0-0.mp4|0.44924316|(1,1585,0.44924316)
v=uBXprlsmd18__#00-06-10_00-07-19_label_B6-0-0.mp4|0.46328643|(1,1658,0.46328643)
Fast.Five.2011__#00-32-56_00-33-26_label_B2-0-0.mp4|0.4973354|(1,721,0.4973354)
v=YhCSFZNwfHc__#00-01-15_00-01-42_label_G-B2-0.mp4|0.48576444|(1,648,0.48576444)
Bullet.in.the.Head.1990__#02-02-00_02-05-22_label_B2-B6-G.mp4|0.46080476|(2,4001,0.46080476,4000,4849,0.4475984)
v=7isLhaNYgkU__#1_label_B4-0-0.mp4|0.4990239|(2,4001,0.47025457,4000,5706,0.4990239)
City.Of.Men.2007__#00-51-50_00-53-31_label_B2-0-0.mp4|0.47967455|(1,2425,0.47967455)
wangted.2008__#0-22-55_0-23-40_label_B2-0-0.mp4|0.48848784|(1,1081,0.48848784)
v=CLFYvG6MsZU__#00-02-16_00-05-06_label_B2-0-0.mp4|0.47220182|(2,4001,0.47030926,83,4083,0.47220182)
Bad.Boys.1995__#01-11-55_01-12-40_label_G-B2-B6.mp4|0.46547034|(1,1081,0.46547034)
GoldenEye.1995__#01-17-05_01-19-57_label_B2-B1-0.mp4|0.48379576|(2,4001,0.48379576,129,4129,0.48110917)
Kill.Bill.Vol.2.2004__#0-25-20_0-26-20_label_B2-0-0.mp4|0.49938297|(1,1441,0.49938297)
v=wVey5JDRf_g__#00-04-09_00-05-06_label_B6-0-0.mp4|0.4851694|(1,1371,0.4851694)
v=tv0rI-5ycBU__#1_label_B4-0-0.mp4|0.4968266|(1,3249,0.4968266)
Yellow.Sea.2010__#01-05-40_01-06-47_label_B1-B2-0.mp4|0.46496063|(1,1609,0.46496063)
v=YdrISbwy_zI__#1_label_G-0-0.mp4|0.4846236|(1,1723,0.4846236)
v=pL2HjXvWuPc__#1_label_B1-0-0.mp4|0.43366447|(2,4001,0.43366447,4000,4836,0.4200143)
v=7xQr5wYwNPg__#1_label_B4-0-0.mp4|0.47207943|(1,1121,0.47207943)
v=vv-MFJPi4Qs__#1_label_G-0-0.mp4|0.48637462|(1,1004,0.48637462)
Mission.Impossible.III.2006__#01-06-52_01-07-15_label_G-0-0.mp4|0.46731484|(1,553,0.46731484)
Mission.Impossible.V.Rogue.Nation.2015__#01-15-52_01-16-48_label_B6-B2-0.mp4|0.46663225|(1,1344,0.46663225)
Spectre.2015__#01-08-58_01-09-20_label_B1-B2-0.mp4|0.47604835|(1,529,0.47604835)
v=OB0-MXNPUIU__#1_label_B4-0-0.mp4|0.4467296|(2,4001,0.4467296,21,4021,0.4456169)
Kill.Bill.Vol.1.2003__#01-26-56_01-28-18_label_B1-0-0.mp4|0.5075287|(1,1969,0.5075287)
v=wPkBaI6vOv0__#00-00-00_00-01-00_label_G-0-0.mp4|0.46032393|(1,1442,0.46032393)
v=0qtIjyt-7wg__#00-00-00_00-00-51_label_B6-0-0.mp4|0.47093552|(1,1226,0.47093552)
v=S-7rRLrxnVQ__#1_label_B4-0-0.mp4|0.4478171|(1,3273,0.4478171)
Ip.Man.2008__#00-46-51_00-47-30_label_B1-0-0.mp4|0.47863358|(1,937,0.47863358)
City.of.God.2002__#01-52-20_01-54-32_label_B2-0-0.mp4|0.44694734|(1,3169,0.44694734)
v=vhACO_m5pH0__#00-09-42_00-10-40_label_B6-0-0.mp4|0.46426132|(1,1394,0.46426132)
Mission.Impossible.II.2000__#01-25-08_01-25-31_label_B2-0-0.mp4|0.48918095|(1,553,0.48918095)
Taken.2.UNRATED.EXTENDED.2012__#01-18-40_01-19-00_label_B1-0-0.mp4|0.48783416|(1,481,0.48783416)
v=bfOlheR5nUQ__#00-00-00_00-04-33_label_B4-0-0.mp4|0.4365061|(2,4001,0.43646148,4000,6554,0.4365061)
The.Fast.and.the.Furious.2001__#01-14-04_01-15-20_label_B1-0-0.mp4|0.44987723|(1,1825,0.44987723)
v=zoIn2hOrUIM__#00-06-10_00-07-19_label_B6-0-0.mp4|0.48026037|(1,1658,0.48026037)
Ip.Man.3.2015__#00-46-08_00-54-20_label_B1-0-0.mp4|0.47432786|(3,4001,0.45645627,4000,8001,0.45540264,8000,11808,0.47432786)
v=D1eP4Bn4hDQ__#00-09-20_00-10-45_label_B6-0-0.mp4|0.4956932|(1,2040,0.4956932)
v=ADQNFs9bfFk__#00-00-00_00-00-58_label_B4-0-0.mp4|0.45642173|(1,1394,0.45642173)
Young.And.Dangerous.I.1996__#0-46-25_0-46-55_label_B6-0-0.mp4|0.49528673|(1,722,0.49528673)
v=NnmqkS1e88s__#1_label_B4-0-0.mp4|0.4626835|(1,1752,0.4626835)
v=hxyhulJYz5I__#00-06-09_00-07-00_label_B6-0-0.mp4|0.471087|(1,1226,0.471087)
v=Rc9EOFjtj0c__#1_label_B6-0-0.mp4|0.47912917|(1,3365,0.47912917)
Rush.Hour.3.2007.BluRay__#00-04-59_00-05-31_label_B2-0-0.mp4|0.46933004|(1,769,0.46933004)
v=WiS3TIvykeY__#1_label_B4-0-0.mp4|0.46607473|(1,1562,0.46607473)
Taken.3.2014__#01-04-50_01-05-05_label_B1-0-0.mp4|0.48544517|(1,361,0.48544517)
Young.And.Dangerous.III.1996__#00-23-00_00-25-54_label_B4-0-0.mp4|0.48835802|(2,4001,0.48835802,178,4178,0.48231956)
v=78u9uBJBqIw__#1_label_B4-B5-0.mp4|0.46990642|(1,3486,0.46990642)
v=FRj2K0ulD8Q__#00-06-05_00-08-25_label_B4-0-0.mp4|0.4744477|(1,3339,0.4744477)
The.Hurt.Locker.2008__#0-08-45_0-09-57_label_G-0-0.mp4|0.47368762|(1,1729,0.47368762)
Bad.Boys.II.2003__#00-06-42_00-10-00_label_B2-G-0.mp4|0.49403992|(2,4001,0.4566939,4000,4753,0.49403992)
v=EOAfl8yMiN8__#00-03-00_00-04-09_label_B6-0-0.mp4|0.4883366|(1,1658,0.4883366)
v=v_LxqgpRouM__#1_label_G-0-0.mp4|0.4851189|(1,889,0.4851189)
The.Bourne.Legacy.2012__#0-59-18_01-01-52_label_B2-B1-0.mp4|0.48727348|(1,3697,0.48727348)
v=p7kvQ4OpDgU__#1_label_B4-0-0.mp4|0.4751993|(1,1889,0.4751993)
v=sE-DC2trBkI__#00-09-00_00-10-05_label_B6-0-0.mp4|0.481457|(1,1563,0.481457)
v=vhACO_m5pH0__#00-17-42_00-18-40_label_B6-0-0.mp4|0.502118|(1,1394,0.502118)
wangted.2008__#0-45-25_0-47-01_label_B1-0-0.mp4|0.48756963|(1,2305,0.48756963)
v=AF9p0YA0hyA__#00-00-45_00-01-44_label_B4-0-0.mp4|0.49567094|(1,1418,0.49567094)
Tropa.de.Elite.2.2010__#00-42-00_00-43-00_label_B2-0-0.mp4|0.4593536|(1,1441,0.4593536)
v=DRGMajXo_PI__#00-02-15_00-03-02_label_G-0-0.mp4|0.5157775|(1,1130,0.5157775)
New.Kids.Turbo.2010__#00-22-35_00-23-14_label_B1-0-0.mp4|0.46840882|(1,936,0.46840882)
v=uBXprlsmd18__#00-03-00_00-04-09_label_B6-0-0.mp4|0.50677824|(1,1658,0.50677824)
Mission.Impossible.Ghost.Protocol.2011__#01-56-52_01-57-03_label_B1-0-0.mp4|0.49861944|(1,264,0.49861944)
v=pFamvR9CpYw__#00-06-36_00-15-20_label_B4-0-0.mp4|0.46572867|(4,4001,0.43232778,4000,8001,0.44249922,8000,12001,0.4552875,12000,12579,0.46572867)
v=tivXK3PGByk__#1_label_B1-0-0.mp4|0.45658705|(1,3690,0.45658705)
v=nLAapCIlr-o__#00-11-00_00-12-45_label_B6-0-0.mp4|0.47216836|(1,2522,0.47216836)
Mission.Impossible.II.2000__#01-32-56_01-33-25_label_B1-0-0.mp4|0.49447593|(1,697,0.49447593)
Mission.Impossible.Ghost.Protocol.2011__#00-01-18_00-01-40_label_B2-0-0.mp4|0.49246028|(1,529,0.49246028)
v=FfrXebzAwOg__#00-06-10_00-07-19_label_B6-0-0.mp4|0.46143293|(1,1658,0.46143293)
Mission.Impossible.Fallout.2018__#00-39-18_00-40-36_label_B1-0-0.mp4|0.49342656|(1,1873,0.49342656)
v=Q9Re4CnFJRg__#00-01-21_00-01-47_label_G-0-0.mp4|0.48495173|(1,624,0.48495173)
v=sE-DC2trBkI__#00-03-00_00-04-09_label_B6-0-0.mp4|0.48838624|(1,1658,0.48838624)
v=utQ5AvXtNLA__#1_label_B4-0-0.mp4|0.47905985|(1,1076,0.47905985)
v=waIS8TaJxts__#00-05-50_00-06-20_label_B6-0-0.mp4|0.5002575|(1,723,0.5002575)
Fast.Furious.2009__#00-25-59_00-26-25_label_B1-0-0.mp4|0.4829151|(1,625,0.4829151)
Love.Death.and.Robots.S01E15__#0-05-38_0-06-18_label_G-0-0.mp4|0.4806866|(1,960,0.4806866)
The.Fast.and.the.Furious.2001__#01-37-40_01-38-30_label_B6-0-0.mp4|0.48978943|(1,1201,0.48978943)
v=BpargJW29Wo__#00-00-50_00-01-30_label_B1-0-0.mp4|0.45909613|(1,962,0.45909613)
Operation.Red.Sea.2018__#01-20-58_01-22-00_label_B5-0-0.mp4|0.47520867|(1,1488,0.47520867)
v=O9g1uuI62m0__#1_label_B4-0-0.mp4|0.4551814|(2,4001,0.45083162,4000,4545,0.4551814)
v=U6MC8JJJZSY__#1_label_G-0-0.mp4|0.46754837|(1,1045,0.46754837)
Mission.Impossible.III.2006__#01-54-02_01-54-40_label_B2-0-0.mp4|0.46847683|(1,913,0.46847683)
v=qmsQ-obL1Z4__#00-03-26_00-04-04_label_B6-0-0.mp4|0.48827288|(1,912,0.48827288)
v=Ia9ATKNeUbY__#00-01-52_00-03-10_label_B6-0-0.mp4|0.47886634|(1,1874,0.47886634)
v=_tsSKAsVZfo__#1_label_B4-0-0.mp4|0.4616605|(1,2534,0.4616605)
v=iHuggczItBk__#00-04-00_00-04-55_label_B6-0-0.mp4|0.46199605|(1,1322,0.46199605)
v=sbEHU4GskX4__#1_label_B1-0-0.mp4|0.44141516|(1,2832,0.44141516)
IP.Man.2.2010__#00-07-14_00-09-13_label_B1-0-0.mp4|0.4434316|(1,2856,0.4434316)
Young.And.Dangerous.I.1996__#0-20-50_0-22-15_label_B1-0-0.mp4|0.4775717|(1,2041,0.4775717)
v=X4I8FhpGJwo__#00-07-40_00-08-50_label_B6-0-0.mp4|0.48878857|(1,1682,0.48878857)
v=qyTGi0N4OVg__#1_label_G-0-0.mp4|0.51302624|(1,1248,0.51302624)
v=vhACO_m5pH0__#00-10-42_00-11-40_label_B6-0-0.mp4|0.48520926|(1,1394,0.48520926)
Tropa.de.Elite.2.2010__#00-46-11_00-46-50_label_B2-0-0.mp4|0.48356077|(1,937,0.48356077)
v=5Ftl4nOSytc__#1_label_G-0-0.mp4|0.4598112|(1,2282,0.4598112)
GoldenEye.1995__#02-02-15_02-02-47_label_B1-0-0.mp4|0.49475297|(1,770,0.49475297)
Casino.Royale.2006__#00-18-30_00-19-20_label_G-B2-0.mp4|0.47396773|(1,1201,0.47396773)
Braveheart.1995__#00-56-30_00-57-20_label_B1-0-0.mp4|0.49869528|(1,1200,0.49869528)
v=0W8LohxH9nI__#1_label_B1-0-0.mp4|0.444268|(1,1413,0.444268)
Operation.Red.Sea.2018__#0-02-17_0-02-37_label_B2-0-0.mp4|0.48212552|(1,480,0.48212552)
v=pHZ9gOfmY_k__#1_label_B4-0-0.mp4|0.4629092|(2,4001,0.4629092,4000,5179,0.43436724)
v=waIS8TaJxts__#00-00-00_00-00-51_label_B6-0-0.mp4|0.47696713|(1,1226,0.47696713)
v=6KQFxxHmVMc__#1_label_B1-0-0.mp4|0.4470428|(1,3654,0.4470428)
Skyfall.2012__#00-03-22_00-03-40_label_B6-0-0.mp4|0.4642533|(1,433,0.4642533)
Fury.2014__#00-39-36_00-40-44_label_B1-B2-0.mp4|0.49617544|(1,1634,0.49617544)
v=MJLylzPRvyw__#1_label_B4-0-0.mp4|0.4422955|(1,3587,0.4422955)
v=Q8K7roZu3WU__#1_label_B1-0-0.mp4|0.46098724|(1,1295,0.46098724)
v=BzwNU2xmT64__#00-01-00_00-02-45_label_B6-0-0.mp4|0.47769833|(1,2522,0.47769833)
v=FW_qbiPH7UA__#1_label_B1-0-0.mp4|0.4659584|(1,3283,0.4659584)
v=TOEVc-pOEwM__#00-08-40_00-10-40_label_B6-0-0.mp4|0.49375272|(1,2883,0.49375272)
v=HUL83wCQATc__#1_label_B1-0-0.mp4|0.45770958|(1,2103,0.45770958)
v=IWzI9V3WSnc__#1_label_B4-0-0.mp4|0.48246694|(1,2689,0.48246694)
v=0N0PbzjEg0U__#1_label_B4-0-0.mp4|0.45672768|(1,1518,0.45672768)
v=TfS-MJoVNjM__#1_label_B4-0-0.mp4|0.47204223|(1,1311,0.47204223)
v=m5zK-tzYCQM__#1_label_B4-0-0.mp4|0.46535003|(1,1755,0.46535003)
v=Y1hxr1MWLjM__#1_label_B1-0-0.mp4|0.48996824|(1,3071,0.48996824)
Love.Death.and.Robots.S01E10__#0-01-00_0-02-13_label_B2-G-0.mp4|0.46448785|(1,1752,0.46448785)
v=H5W58Loofks__#00-05-50_00-06-20_label_B6-0-0.mp4|0.49709633|(1,723,0.49709633)
v=d5lTTPvJLpw__#1_label_B4-0-0.mp4|0.47115755|(2,4001,0.47115755,4000,6277,0.4682299)
Crank.Dircut.2006__#0-27-42_0-29-01_label_B1-0-0.mp4|0.47780183|(1,1898,0.47780183)
Mission.Impossible.V.Rogue.Nation.2015__#00-14-40_00-17-12_label_B1-0-0.mp4|0.50023955|(1,3649,0.50023955)
Kingsman.The.Golden.Circle.2017__#00-41-22_00-41-32_label_B2-0-0.mp4|0.48390135|(1,241,0.48390135)
v=Ia9ATKNeUbY__#00-06-19_00-06-50_label_B6-0-0.mp4|0.50001174|(1,746,0.50001174)
Gladiator.2000__#01-10-27_01-11-59_label_B1-0-0.mp4|0.47850108|(1,2208,0.47850108)
City.Of.Men.2007__#01-35-30_01-36-00_label_B2-0-0.mp4|0.48658597|(1,721,0.48658597)
v=ovQ1VTJ_IUI__#1_label_B1-0-0.mp4|0.45056313|(1,1688,0.45056313)
The.Fast.and.the.Furious.2001__#01-24-18_01-25-05_label_B6-0-0.mp4|0.47823143|(1,1128,0.47823143)
City.Of.Men.2007__#01-17-27_01-17-59_label_B2-0-0.mp4|0.48311624|(1,769,0.48311624)
Brick.Mansions.2014__#00-41-25_00-42-36_label_B1-0-0.mp4|0.48411617|(1,1704,0.48411617)
Mission.Impossible.II.2000__#01-46-20_01-47-11_label_B2-B6-0.mp4|0.47727704|(1,1225,0.47727704)
Taken.2.UNRATED.EXTENDED.2012__#01-18-25_01-18-40_label_B2-0-0.mp4|0.4993017|(1,361,0.4993017)
Rush.Hour.1998.BluRay__#01-20-28_01-21-38_label_B2-0-0.mp4|0.48668733|(1,1682,0.48668733)
v=kPWdgckIhLI__#1_label_B4-0-0.mp4|0.47212934|(1,793,0.47212934)
wangted.2008__#0-48-30_0-49-00_label_B2-0-0.mp4|0.4929301|(1,721,0.4929301)
Taken.3.2014__#00-03-58_00-04-16_label_B2-0-0.mp4|0.4808307|(1,433,0.4808307)
Law.Abiding.Citizen.2009__#01-26-34_01-27-25_label_B2-0-0.mp4|0.4996424|(1,1225,0.4996424)
God.Bless.America.2011__#00-12-40_00-13-12_label_B2-0-0.mp4|0.48184538|(1,769,0.48184538)
v=JHsfKFF9Oag__#1_label_A.mp4|0.4466349|(1,2699,0.4466349)
v=fkps18H3SXY__#00-36-00_00-42-00_label_A.mp4|0.5030656|(3,4001,0.49889857,4000,8001,0.49534276,8000,8643,0.5030656)
Flipped.2010__#00-45-40_00-47-30_label_A.mp4|0.4793441|(1,2641,0.4793441)
Tropa.de.Elite.2.2010__#01-33-31_01-34-20_label_A.mp4|0.48746887|(1,1177,0.48746887)
Gladiator.2000__#02-43-00_02-43-59_label_A.mp4|0.5055244|(1,1417,0.5055244)
Mission.Impossible.V.Rogue.Nation.2015__#01-29-39_01-33-39_label_A.mp4|0.49733558|(2,4001,0.48610437,4000,5762,0.49733558)
v=RRiN5W9XwJE__#1_label_A.mp4|0.47422352|(1,2616,0.47422352)
v=-5RWxUUJ7lQ__#1_label_A.mp4|0.4589689|(5,4001,0.43907833,4000,8001,0.454572,8000,12001,0.45497862,12000,16001,0.4589689,16000,19123,0.45734385)
v=9eME1y6V-T4__#02-00-00_02-06-00_label_A.mp4|0.46647787|(3,4001,0.45904568,4000,8001,0.4541416,8000,8642,0.46647787)
v=enYITYwvPAQ__#00-27-00_00-30-00_label_A.mp4|0.46036696|(2,4001,0.46036696,321,4321,0.45865053)
Bullet.in.the.Head.1990__#00-51-46_00-52-50_label_A.mp4|0.49084747|(1,1537,0.49084747)
Deadpool.2016__#0-18-35_0-18-55_label_A.mp4|0.5035016|(1,481,0.5035016)
New.Kids.Turbo.2010__#00-41-30_00-42-05_label_A.mp4|0.4979387|(1,840,0.4979387)
v=4jVgDKbu_TI__#1_label_A.mp4|0.45885232|(5,4001,0.44522104,4000,8001,0.45885232,8000,12001,0.44290498,12000,16001,0.44867486,16000,18974,0.43916255)
Haywire.2011__#00-02-06_00-03-29_label_A.mp4|0.5053156|(1,1993,0.5053156)
God.Bless.America.2011__#00-51-00_00-52-00_label_A.mp4|0.46284193|(1,1441,0.46284193)
Kingsman.The.Secret.Service.2014__#00-25-29_00-26-24_label_A.mp4|0.4871009|(1,1321,0.4871009)
v=x0-z4h6mFoU__#1_label_A.mp4|0.46619123|(2,4001,0.45016158,4000,4610,0.46619123)
Love.Me.If.You.Dare.2003__#00-11-20_00-15-08_label_A.mp4|0.50015914|(2,4001,0.45415047,4000,5474,0.50015914)
v=H9Y5_X1sEEA__#00-42-00_00-45-00_label_A.mp4|0.43032387|(2,4001,0.42962053,322,4322,0.43032387)
The.Bourne.Ultimatum.2007__#0-55-55_0-56-10_label_A.mp4|0.4773803|(1,361,0.4773803)
Hot.Fuzz.2007__#00-19-20_00-22-06_label_A.mp4|0.46198153|(1,3986,0.46198153)
The.Intouchables.2011__#00-51-55_00-55-16_label_A.mp4|0.48695198|(2,4001,0.47255537,4000,4826,0.48695198)
Tropa.de.Elite.2.2010__#00-05-30_00-06-30_label_A.mp4|0.47350153|(1,1441,0.47350153)
v=yZ2wlTAN49g__#00-03-00_00-06-00_label_A.mp4|0.4713593|(2,4001,0.4713593,322,4322,0.47106788)
v=gGlqujwrhbI__#00-12-00_00-15-00_label_A.mp4|0.4872341|(2,4001,0.48341367,322,4322,0.4872341)
v=LYzmr5ORvCg__#1_label_A.mp4|0.4393952|(1,3925,0.4393952)
v=MyM5G7fo7Gg__#00-06-00_00-09-00_label_A.mp4|0.4596309|(2,4001,0.45748872,322,4322,0.4596309)
Before.Sunrise.1995__#01-36-45_01-38-10_label_A.mp4|0.49997032|(1,2040,0.49997032)
v=ErOcW_CSOyQ__#1_label_A.mp4|0.45802927|(5,4001,0.44932103,4000,8001,0.45336658,8000,12001,0.45802927,12000,16001,0.4539805,16000,17477,0.45036644)
v=9eME1y6V-T4__#01-06-00_01-12-00_label_A.mp4|0.5045964|(3,4001,0.46421385,4000,8001,0.48033342,8000,8642,0.5045964)
God.Bless.America.2011__#01-23-13_01-25-31_label_A.mp4|0.4768564|(1,3313,0.4768564)
v=pCyCi-q4MqY__#1_label_A.mp4|0.438805|(2,4001,0.43568748,4000,4714,0.438805)
v=Hd_2Y29_FLU__#1_label_A.mp4|0.46301153|(1,3272,0.46301153)
GoldenEye.1995__#01-33-40_01-34-30_label_A.mp4|0.49104607|(1,1201,0.49104607)
v=a0TQkX_zLt0__#1_label_A.mp4|0.45556837|(3,4001,0.45556837,4000,8001,0.43226513,8000,11764,0.43538368)
Be.with.You.2018__#00-16-18_00-18-09_label_A.mp4|0.46314418|(1,2665,0.46314418)
v=NeAC-MfTZzU__#00-15-00_00-18-00_label_A.mp4|0.50293803|(2,4001,0.50272804,322,4322,0.50293803)
About.Time.2013__#00-23-50_00-24-31_label_A.mp4|0.49771765|(1,985,0.49771765)
v=QUlWIIHMIEQ__#1_label_A.mp4|0.4725823|(1,1106,0.4725823)
A.Beautiful.Mind.2001__#01-14-30_01-16-59_label_A.mp4|0.47938526|(1,3577,0.47938526)
Flipped.2010__#01-07-30_01-09-51_label_A.mp4|0.49097204|(1,3384,0.49097204)
v=I7oSupyExVY__#1_label_A.mp4|0.5272797|(2,4001,0.48548648,4000,4825,0.5272797)
v=8SC55pYljMM__#1_label_A.mp4|0.47483703|(2,4001,0.47483703,324,4324,0.47266084)
Kingsman.The.Golden.Circle.2017__#00-44-52_00-46-20_label_A.mp4|0.48194176|(1,2113,0.48194176)
v=vFPQ_NiDBIU__#02-42-00_02-48-00_label_A.mp4|0.4894423|(3,4001,0.4894423,4000,8001,0.47190776,8000,8640,0.46876675)
v=lVJVRywgmYM__#1_label_A.mp4|0.49599537|(2,4001,0.43444994,4000,5937,0.49599537)
v=KERh4R2BbS0__#1_label_A.mp4|0.4779858|(6,4001,0.4587595,4000,8001,0.46132588,8000,12001,0.45313153,12000,16001,0.46029946,16000,20001,0.46144766,20000,20652,0.4779858)
v=Yr41_8QOTF8__#00-09-00_00-12-00_label_A.mp4|0.4858264|(2,4001,0.48545888,321,4321,0.4858264)
v=rmDBn5Rpd3s__#1_label_A.mp4|0.4942273|(1,707,0.4942273)
v=9eME1y6V-T4__#00-42-00_00-48-00_label_A.mp4|0.48461062|(3,4001,0.45749044,4000,8001,0.4688094,8000,8642,0.48461062)
v=vFPQ_NiDBIU__#01-00-00_01-06-00_label_A.mp4|0.49872872|(3,4001,0.4967265,4000,8001,0.49872872,8000,8640,0.49854353)
v=GnN9VTh_s2A__#1_label_A.mp4|0.48920873|(1,683,0.48920873)
v=ajnl7P9bf78__#1_label_A.mp4|0.46224552|(1,1624,0.46224552)
Fury.2014__#01-13-32_01-14-43_label_A.mp4|0.48973578|(1,1705,0.48973578)
Desperado.1995__#01-22-10_01-23-17_label_A.mp4|0.497106|(1,1609,0.497106)
v=5l-nbDl0qvg__#1_label_A.mp4|0.4708482|(4,4001,0.43740988,4000,8001,0.45235774,8000,12001,0.4489732,12000,13124,0.4708482)
Before.Sunrise.1995__#00-23-50_00-24-31_label_A.mp4|0.49576268|(1,985,0.49576268)
The.Notebook.2004__#00-20-35_00-23-06_label_A.mp4|0.47087935|(1,3625,0.47087935)
v=SdYFFo_tsfk__#00-00-00_00-06-00_label_A.mp4|0.46597543|(3,4001,0.46583724,4000,8001,0.46103022,8000,8642,0.46597543)
From.Dusk.Till.Dawn.1996__#00-31-52_00-34-21_label_A.mp4|0.4799848|(1,3576,0.4799848)
About.Time.2013__#00-30-50_00-32-31_label_A.mp4|0.48804697|(1,2425,0.48804697)
The.Secret.Life.of.Walter.Mitty.2013__#00-36-52_00-41-00_label_A.mp4|0.49155417|(2,4001,0.48091826,4000,5953,0.49155417)
v=plhVMWR33go__#1_label_A.mp4|0.4649782|(3,4001,0.4649782,4000,8001,0.4625673,4047,8047,0.4623555)
v=t_TZYpT6xjY__#1_label_A.mp4|0.443984|(2,4001,0.42489028,4000,4741,0.443984)
The.Notebook.2004__#00-11-00_00-15-08_label_A.mp4|0.5051473|(2,4001,0.5051473,4000,5954,0.48765478)
v=lyZxvgPD4gM__#1_label_A.mp4|0.497316|(2,4001,0.47624046,4000,5529,0.497316)
v=ZpWR_YZNZTM__#1_label_A.mp4|0.44434142|(1,3437,0.44434142)
Taken.2.UNRATED.EXTENDED.2012__#00-17-08_00-17-30_label_A.mp4|0.49840188|(1,529,0.49840188)
Before.Sunrise.1995__#00-42-52_00-45-31_label_A.mp4|0.4972788|(1,3817,0.4972788)
Still.Walking.2008__#01-02-18_01-03-10_label_A.mp4|0.49426267|(1,1249,0.49426267)
Love.Me.If.You.Dare.2003__#01-04-40_01-06-59_label_A.mp4|0.42261556|(1,3338,0.42261556)
Fast.Furious.6.2013__#01-37-00_01-38-05_label_A.mp4|0.48464298|(1,1561,0.48464298)
v=H9Y5_X1sEEA__#00-03-00_00-06-00_label_A.mp4|0.44887003|(2,4001,0.44887003,322,4322,0.4400116)
Deadpool.2.2018__#0-02-35_0-03-12_label_A.mp4|0.47631347|(1,890,0.47631347)
v=fkps18H3SXY__#00-54-00_01-00-00_label_A.mp4|0.49781647|(3,4001,0.4955113,4000,8001,0.49781647,8000,8642,0.4939542)
v=vFPQ_NiDBIU__#01-48-00_01-54-00_label_A.mp4|0.4927734|(3,4001,0.4927734,4000,8001,0.48118988,8000,8640,0.48542443)
v=jAvOGTD7_pU__#00-12-00_00-15-00_label_A.mp4|0.44526428|(2,4001,0.44526428,322,4322,0.44085044)
Be.with.You.2018__#00-23-50_00-24-31_label_A.mp4|0.4946965|(1,985,0.4946965)
Before.Sunset.2004__#01-14-30_01-16-51_label_A.mp4|0.49095142|(1,3385,0.49095142)
Before.Sunrise.1995__#00-04-20_00-05-35_label_A.mp4|0.48444125|(1,1801,0.48444125)
v=7smETZfN0XA__#1_label_A.mp4|0.45175004|(1,3020,0.45175004)
v=9eME1y6V-T4__#01-00-00_01-06-00_label_A.mp4|0.4791103|(3,4001,0.4746992,4000,8001,0.47440165,8000,8642,0.4791103)
Skyfall.2012__#02-14-50_02-16-25_label_A.mp4|0.48005968|(1,2281,0.48005968)
The.Bourne.Identity.2002__#01-09-16_01-11-16_label_A.mp4|0.49238977|(1,2882,0.49238977)
Be.with.You.2018__#01-14-30_01-16-59_label_A.mp4|0.48668218|(1,3577,0.48668218)
v=6cvZOGzfqWU__#1_label_A.mp4|0.4819549|(2,4001,0.47073802,4000,5594,0.4819549)
v=Yr41_8QOTF8__#00-21-00_00-24-00_label_A.mp4|0.48904327|(2,4001,0.4878558,321,4321,0.48904327)
v=qV4YYnXdQCc__#00-03-00_00-06-00_label_A.mp4|0.45232764|(2,4001,0.45232764,322,4322,0.44960442)
Spectre.2015__#01-17-22_01-18-53_label_A.mp4|0.4892935|(1,2184,0.4892935)
v=JzrpCC7XmyE__#00-06-00_00-12-00_label_A.mp4|0.468478|(3,4001,0.45496696,4000,8001,0.4426621,8000,8642,0.468478)
v=g4FnGZ5MAdo__#1_label_A.mp4|0.482311|(2,4001,0.482311,4000,4958,0.47253087)
The.Pursuit.of.Happyness.2006__#00-30-50_00-32-31_label_A.mp4|0.48922774|(1,2425,0.48922774)
v=rJgg00ic1G8__#1_label_A.mp4|0.46163985|(2,4001,0.46163985,4000,5651,0.45529163)
v=qhUItxoTrmg__#1_label_A.mp4|0.44795808|(2,4001,0.43935663,4000,4571,0.44795808)
v=1202rYvw7go__#1_label_A.mp4|0.4632564|(1,3951,0.4632564)
Be.with.You.2018__#00-04-20_00-05-35_label_A.mp4|0.49702153|(1,1801,0.49702153)
The.Hurt.Locker.2008__#0-29-25_0-30-15_label_A.mp4|0.45449933|(1,1200,0.45449933)
wangted.2008__#0-27-17_0-28-07_label_A.mp4|0.47723567|(1,1200,0.47723567)
Mission.Impossible.II.2000__#00-24-30_00-30-10_label_A.mp4|0.5035148|(3,4001,0.4931034,4000,8001,0.5035148,4160,8160,0.49931264)
v=H9Y5_X1sEEA__#00-36-00_00-39-00_label_A.mp4|0.44805703|(2,4001,0.44805703,323,4323,0.4455885)
v=q2SP66Jb6Cw__#00-00-00_00-06-00_label_A.mp4|0.49217516|(3,4001,0.48440096,4000,8001,0.48827815,8000,8642,0.49217516)
Love.Death.and.Robots.S01E02__#00-03-15_00-04-20_label_A.mp4|0.46674323|(1,1560,0.46674323)
v=Q8b0XbtpFsA__#1_label_A.mp4|0.4671767|(2,4001,0.46487758,4000,4633,0.4671767)
v=3ZVcLOjwOMk__#1_label_A.mp4|0.47217745|(1,1885,0.47217745)
Still.Walking.2008__#00-16-18_00-17-27_label_A.mp4|0.49239433|(1,1657,0.49239433)
v=f6j3YWgVBto__#00-01-50_00-02-30_label_A.mp4|0.49156564|(1,960,0.49156564)
Casino.Royale.2006__#00-28-10_00-30-10_label_A.mp4|0.4517981|(1,2881,0.4517981)
God.Bless.America.2011__#00-58-09_01-04-00_label_A.mp4|0.49688727|(3,4001,0.4818364,4000,8001,0.49260655,8000,8425,0.49688727)
v=gxrLosPS27c__#1_label_A.mp4|0.4400501|(1,2219,0.4400501)
v=vFPQ_NiDBIU__#00-42-00_00-48-00_label_A.mp4|0.49248615|(3,4001,0.48733887,4000,8001,0.49248615,8000,8640,0.49211043)
v=L2Qs4KyW-Co__#1_label_A.mp4|0.4613601|(2,4001,0.44448298,4000,4426,0.4613601)
Flipped.2010__#00-42-52_00-45-31_label_A.mp4|0.49431252|(1,3817,0.49431252)
Still.Walking.2008__#00-51-55_00-55-16_label_A.mp4|0.4915612|(2,4001,0.48905125,4000,4826,0.4915612)
v=DdIA1Owbcdc__#1_label_A.mp4|0.47283342|(1,1064,0.47283342)
v=KEh6EOQvQO0__#1_label_A.mp4|0.43040454|(1,3183,0.43040454)
The.Secret.Life.of.Walter.Mitty.2013__#01-01-20_01-04-00_label_A.mp4|0.47187433|(1,3841,0.47187433)
Young.And.Dangerous.III.1996__#00-15-52_00-17-00_label_A.mp4|0.48882803|(1,1634,0.48882803)
Ip.Man.2008__#00-40-25_00-40-45_label_A.mp4|0.48645827|(1,481,0.48645827)
Kill.Bill.Vol.1.2003__#01-08-15_01-09-15_label_A.mp4|0.48963976|(1,1441,0.48963976)
v=Wc2QW06H48M__#1_label_A.mp4|0.48189923|(1,1554,0.48189923)
v=JzrpCC7XmyE__#01-06-00_01-12-00_label_A.mp4|0.44996232|(3,4001,0.44884098,4000,8001,0.44596478,8000,8642,0.44996232)
Kingsman.The.Golden.Circle.2017__#02-09-30_02-10-45_label_A.mp4|0.46247742|(1,1801,0.46247742)
Spectre.2015__#00-16-41_00-18-55_label_A.mp4|0.45968089|(1,3216,0.45968089)
v=0LEefpIPBHA__#1_label_A.mp4|0.47668406|(1,1142,0.47668406)
Bad.Boys.II.2003__#01-11-16_01-14-00_label_A.mp4|0.44773123|(1,3937,0.44773123)
v=tlFJIG9mTGQ__#00-15-00_00-18-36_label_A.mp4|0.460189|(2,4001,0.460189,4000,5187,0.45104402)
The.Hurt.Locker.2008__#0-45-39_0-47-06_label_A.mp4|0.47465414|(1,2089,0.47465414)
v=GrHfWKeTDEI__#1_label_A.mp4|0.49930003|(2,4001,0.46374545,4000,5066,0.49930003)
Salt.2010__#00-13-45_00-16-10_label_A.mp4|0.49129653|(1,3481,0.49129653)
v=cvEJ5WFk2KE__#00-06-00_00-09-00_label_A.mp4|0.4618947|(2,4001,0.4593676,321,4321,0.4618947)
v=tI7fktKY6OU__#1_label_A.mp4|0.46521583|(4,4001,0.44716352,4000,8001,0.44610697,8000,12001,0.46521583,12000,14916,0.4499807)
v=NbNFfnVSIn8__#1_label_A.mp4|0.47689858|(2,4001,0.47689858,4000,4592,0.46948585)
v=2JJ9d97sd64__#1_label_A.mp4|0.43553013|(1,3140,0.43553013)
v=S1meRf5BsEw__#1_label_A.mp4|0.4594024|(2,4001,0.4594024,104,4104,0.45121217)
The.Secret.Life.of.Walter.Mitty.2013__#00-08-55_00-10-50_label_A.mp4|0.47244912|(1,2762,0.47244912)
v=0vVOXlgHC1U__#00-48-00_00-54-00_label_A.mp4|0.45935547|(3,4001,0.45935547,4000,8001,0.45508203,8000,8642,0.4456416)
v=tlFJIG9mTGQ__#00-12-00_00-15-00_label_A.mp4|0.47431123|(2,4001,0.47431123,322,4322,0.473672)
Operation.Red.Sea.2018__#0-45-54_0-46-33_label_A.mp4|0.47894162|(1,936,0.47894162)
Fast.Five.2011__#01-59-16_02-01-12_label_A.mp4|0.4585768|(1,2785,0.4585768)
Yellow.Sea.2010__#00-10-16_00-11-14_label_A.mp4|0.49236473|(1,1393,0.49236473)
v=vHnAmx0UYbM__#1_label_A.mp4|0.475554|(6,4001,0.46693954,4000,8001,0.450202,8000,12001,0.45874062,12000,16001,0.45460382,16000,20001,0.4729973,16045,20045,0.475554)
Shoot.Em.Up.2007__#00-25-50_00-27-10_label_A.mp4|0.4678467|(1,1921,0.4678467)
Bad.Boys.1995__#00-10-00_00-11-52_label_A.mp4|0.47731626|(1,2689,0.47731626)
Love.Actually.2003__#01-39-05_01-46-40_label_A.mp4|0.4914572|(3,4001,0.4914572,4000,8001,0.47357467,8000,10921,0.47075388)
Bullet.in.the.Head.1990__#01-58-25_01-59-30_label_A.mp4|0.48185357|(1,1561,0.48185357)
v=W5qLlC9il3s__#1_label_A.mp4|0.4422179|(1,1385,0.4422179)
The.Notebook.2004__#01-30-25_01-33-56_label_A.mp4|0.49021292|(2,4001,0.4738661,4000,5065,0.49021292)
About.Time.2013__#00-40-52_00-42-31_label_A.mp4|0.49699515|(1,2377,0.49699515)
Law.Abiding.Citizen.2009__#00-00-35_00-01-31_label_A.mp4|0.49938208|(1,1345,0.49938208)
v=HTEyaXBPf9U__#1_label_A.mp4|0.4576725|(2,4001,0.4330983,4000,5120,0.4576725)
The.Notebook.2004__#00-25-20_00-29-20_label_A.mp4|0.49094245|(2,4001,0.47705784,4000,5761,0.49094245)
v=AqFWYZsOgWY__#00-21-00_00-24-00_label_A.mp4|0.46799138|(2,4001,0.4619119,322,4322,0.46799138)
The.Bourne.Identity.2002__#0-29-16_0-32-00_label_A.mp4|0.4288777|(1,3937,0.4288777)
v=9eME1y6V-T4__#01-18-00_01-24-00_label_A.mp4|0.47765708|(3,4001,0.4492526,4000,8001,0.47765708,8000,8642,0.46630827)
IP.Man.2.2010__#00-02-50_00-06-45_label_A.mp4|0.5003807|(2,4001,0.5003807,4000,5640,0.45886397)
Rush.Hour.3.2007.BluRay__#01-00-40_01-04-00_label_A.mp4|0.48899445|(2,4001,0.4650895,4000,4801,0.48899445)
v=_Hn2Xlt-IWU__#1_label_A.mp4|0.44582444|(1,3943,0.44582444)
v=uyvM-vq5DwA__#1_label_A.mp4|0.4597951|(2,4001,0.44765,4000,4788,0.4597951)
Love.Death.and.Robots.S01E04__#00-14-28_00-15-27_label_A.mp4|0.48715225|(1,1416,0.48715225)
v=hdy5kZ5dwj8__#1_label_A.mp4|0.47974214|(2,4001,0.4619701,4000,4674,0.47974214)
Love.Actually.2003__#01-17-00_01-19-40_label_A.mp4|0.4652185|(1,3842,0.4652185)
v=fkps18H3SXY__#00-00-00_00-06-00_label_A.mp4|0.49561542|(3,4001,0.49279472,4000,8001,0.4807882,8000,8642,0.49561542)
v=3MUqt3OkxIo__#1_label_A.mp4|0.46726355|(1,2500,0.46726355)
v=p2ggHwtb-Zg__#00-24-00_00-27-00_label_A.mp4|0.46774238|(2,4001,0.46774238,322,4322,0.46615398)
v=eAgqJnO3kr8__#00-06-00_00-12-00_label_A.mp4|0.50788707|(3,4001,0.50788707,4000,8001,0.50518566,8000,8642,0.4875304)
v=vQ9AwVrM9pU__#1_label_A.mp4|0.46865964|(1,3138,0.46865964)
v=Wp6gzFUaci8__#1_label_A.mp4|0.44840842|(1,2780,0.44840842)
Brick.Mansions.2014__#00-08-37_00-10-04_label_A.mp4|0.48880365|(1,2088,0.48880365)
v=VRn8Tc02TbU__#00-18-00_00-21-00_label_A.mp4|0.4585055|(2,4001,0.4585055,322,4322,0.4550715)
Young.And.Dangerous.IV.1997__#0-10-35_0-11-50_label_A.mp4|0.45825636|(1,1801,0.45825636)
Sin.City.2005__#01-43-21_01-44-21_label_A.mp4|0.47312027|(1,1441,0.47312027)
Salt.2010__#01-16-00_01-16-50_label_A.mp4|0.48179135|(1,1201,0.48179135)
v=X60PecZRLGE__#1_label_A.mp4|0.44084242|(1,2644,0.44084242)
v=p2ggHwtb-Zg__#00-21-00_00-24-00_label_A.mp4|0.45781717|(2,4001,0.45255947,323,4323,0.45781717)
v=QBfO3qfo7zg__#1_label_A.mp4|0.46669015|(2,4001,0.4522842,4000,4661,0.46669015)
Kill.Bill.Vol.1.2003__#00-21-42_00-22-42_label_A.mp4|0.47858897|(1,1441,0.47858897)
GoldenEye.1995__#01-02-11_01-03-43_label_A.mp4|0.49264023|(1,2209,0.49264023)
v=9eME1y6V-T4__#01-36-00_01-42-00_label_A.mp4|0.48435152|(3,4001,0.44060704,4000,8001,0.4612281,8000,8642,0.48435152)
The.Pursuit.of.Happyness.2006__#01-34-18_01-38-11_label_A.mp4|0.4808357|(2,4001,0.4808357,4000,5593,0.47711524)
v=5AlAh8J3WqE__#1_label_A.mp4|0.45602563|(3,4001,0.4498083,4000,8001,0.4551451,8000,10885,0.45602563)
Taken.3.2014__#00-36-03_00-36-48_label_A.mp4|0.4800438|(1,1081,0.4800438)
Your.Name.2016__#00-05-52_00-08-22_label_A.mp4|0.43745083|(1,3601,0.43745083)
v=mfFYGFJhBI4__#1_label_A.mp4|0.48708233|(1,255,0.48708233)
v=H9Y5_X1sEEA__#00-30-00_00-33-00_label_A.mp4|0.45740777|(2,4001,0.45740777,323,4323,0.4522697)
Love.Actually.2003__#01-34-18_01-38-11_label_A.mp4|0.4695649|(2,4001,0.467582,4000,5593,0.4695649)
v=VcsJf1q9QX8__#1_label_A.mp4|0.4872728|(1,2560,0.4872728)
The.Secret.Life.of.Walter.Mitty.2013__#01-23-00_01-29-08_label_A.mp4|0.46940693|(3,4001,0.43679997,4000,8001,0.45570657,8000,8833,0.46940693)
The.Bourne.Supremacy.2004__#01-34-52_01-35-50_label_A.mp4|0.4793545|(1,1393,0.4793545)
Quantum.Of.Solace.2008__#00-47-29_00-50-52_label_A.mp4|0.46949044|(2,4001,0.46949044,4000,4873,0.45984295)
v=es97CGK_5XQ__#1_label_A.mp4|0.48872155|(1,1633,0.48872155)
v=y7vIfdKwHDk__#1_label_A.mp4|0.47740227|(2,4001,0.47740227,182,4182,0.4772746)
v=NjI-AuzKgMc__#1_label_A.mp4|0.46169293|(1,2836,0.46169293)
Salt.2010__#00-02-10_00-03-57_label_A.mp4|0.4807826|(1,2569,0.4807826)
The.Bourne.Supremacy.2004__#0-58-18_01-00-58_label_A.mp4|0.45933163|(1,3842,0.45933163)
Shoplifters.2018__#00-17-30_00-19-10_label_A.mp4|0.49507275|(1,2401,0.49507275)
Mission.Impossible.Ghost.Protocol.2011__#01-07-24_01-09-09_label_A.mp4|0.4681993|(1,2521,0.4681993)
v=EToznHwS0OA__#1_label_A.mp4|0.4231497|(1,3730,0.4231497)
Before.Sunset.2004__#00-23-50_00-24-31_label_A.mp4|0.483586|(1,985,0.483586)
Ip.Man.2008__#01-04-27_01-06-22_label_A.mp4|0.49404508|(1,2761,0.49404508)
A.Beautiful.Mind.2001__#00-40-52_00-42-01_label_A.mp4|0.4972795|(1,1657,0.4972795)
IP.Man.2.2010__#00-54-00_00-57-12_label_A.mp4|0.49788892|(2,4001,0.47458464,4000,4608,0.49788892)
The.Bourne.Identity.2002__#0-57-11_0-58-45_label_A.mp4|0.49054798|(1,2257,0.49054798)
Love.Actually.2003__#00-51-55_00-55-16_label_A.mp4|0.5085128|(2,4001,0.46636334,4000,4826,0.5085128)
The.Attorney.2013__#00-47-00_00-49-30_label_A.mp4|0.48544455|(1,3601,0.48544455)
v=3lSHv_DUbJs__#1_label_A.mp4|0.46273345|(1,3566,0.46273345)
v=QiLNvC7CIuY__#1_label_A.mp4|0.471953|(1,1161,0.471953)
v=ODGDLQ0TT3M__#1_label_A.mp4|0.47954738|(1,2138,0.47954738)
Thelma...Louise.1991__#01-53-54_01-54-50_label_A.mp4|0.48272228|(1,1345,0.48272228)
v=usAvzbDq6-c__#00-21-00_00-24-00_label_A.mp4|0.4541842|(2,4001,0.4541842,322,4322,0.45373636)
The.Notebook.2004__#01-52-20_01-58-00_label_A.mp4|0.49873635|(3,4001,0.47639808,4000,8001,0.49873635,4161,8161,0.4983981)
Bullet.in.the.Head.1990__#00-25-11_00-26-15_label_A.mp4|0.46159822|(1,1537,0.46159822)
v=yviKz5J-pEA__#1_label_A.mp4|0.47946465|(1,3731,0.47946465)
v=QozLwYYVotY__#1_label_A.mp4|0.47328192|(1,3254,0.47328192)
Before.Sunrise.1995__#00-03-00_00-04-05_label_A.mp4|0.48621696|(1,1561,0.48621696)
v=aBsrZKrRtqU__#1_label_A.mp4|0.49645686|(1,1235,0.49645686)
v=eAgqJnO3kr8__#00-48-00_00-54-00_label_A.mp4|0.51286423|(3,4001,0.5029269,4000,8001,0.4992892,8000,8642,0.51286423)
Lord.of.War__#00-59-20_01-00-35_label_A.mp4|0.46979347|(1,1801,0.46979347)
The.Intouchables.2011__#00-58-18_01-02-30_label_A.mp4|0.4839018|(2,4001,0.4839018,4000,6049,0.46757314)
Operation.Red.Sea.2018__#0-12-26_0-13-36_label_A.mp4|0.49537233|(1,1680,0.49537233)
The.Intouchables.2011__#00-04-20_00-05-35_label_A.mp4|0.4871278|(1,1801,0.4871278)
v=Ehh8ZdIMMj4__#1_label_A.mp4|0.49527505|(1,2708,0.49527505)
The.Notebook.2004__#00-08-55_00-10-50_label_A.mp4|0.48002353|(1,2762,0.48002353)
Flipped.2010__#00-08-55_00-10-50_label_A.mp4|0.48366308|(1,2762,0.48366308)
v=vsI_pKNcgeQ__#00-15-00_00-18-00_label_A.mp4|0.45593977|(2,4001,0.4478825,322,4322,0.45593977)
v=ldnLxTablA8__#1_label_A.mp4|0.4666372|(1,2300,0.4666372)
Love.Actually.2003__#01-04-40_01-06-59_label_A.mp4|0.4654627|(1,3336,0.4654627)
GoldenEye.1995__#00-56-11_00-56-51_label_A.mp4|0.49487615|(1,962,0.49487615)
v=AqFWYZsOgWY__#00-33-00_00-36-00_label_A.mp4|0.43699515|(2,4001,0.43699515,322,4322,0.43612093)
v=MyM5G7fo7Gg__#00-18-00_00-21-00_label_A.mp4|0.48725358|(2,4001,0.48725358,323,4323,0.4863544)
One.Day.2011__#01-02-50_01-07-05_label_A.mp4|0.4903724|(2,4001,0.46949533,4000,6121,0.4903724)
Death.Proof.2007__#00-02-04_00-05-00_label_A.mp4|0.42922953|(2,4001,0.42922953,225,4225,0.42858762)
Fast.Furious.2009__#01-08-33_01-10-18_label_A.mp4|0.49976003|(1,2521,0.49976003)
A.Beautiful.Mind.2001__#00-25-20_00-29-20_label_A.mp4|0.48062798|(2,4001,0.48062798,4000,5761,0.47951305)
Tropa.de.Elite.2.2010__#01-30-51_01-32-30_label_A.mp4|0.46348995|(1,2377,0.46348995)
v=EeUTpfyb0qo__#1_label_A.mp4|0.48764926|(5,4001,0.46813476,4000,8001,0.47142908,8000,12001,0.47601098,12000,16001,0.4817545,16000,18143,0.48764926)
v=HksDvkX6Bjk__#1_label_A.mp4|0.46618694|(4,4001,0.46618694,4000,8001,0.45101264,8000,12001,0.4490087,12000,15435,0.45434934)
Before.Sunrise.1995__#00-40-52_00-42-01_label_A.mp4|0.4987264|(1,1657,0.4987264)
v=9FxmNOXF25Q__#1_label_A.mp4|0.46554846|(2,4001,0.46554846,120,4120,0.46420193)
Your.Name.2016__#01-01-20_01-04-00_label_A.mp4|0.45759207|(1,3841,0.45759207)
Black.Hawk.Down.2001__#00-06-44_00-07-39_label_A.mp4|0.4726085|(1,1321,0.4726085)
v=SmFpAAHmoII__#1_label_A.mp4|0.45635068|(1,3951,0.45635068)
Election.2005__#00-03-35_00-05-05_label_A.mp4|0.48827377|(1,2160,0.48827377)
v=H12BVHrNiXs__#1_label_A.mp4|0.4599768|(2,4001,0.43179467,4000,4787,0.4599768)
v=Oh6FDdpH08A__#1_label_A.mp4|0.45240667|(1,3344,0.45240667)
v=RarYGpz-blM__#1_label_A.mp4|0.45717344|(1,3384,0.45717344)
The.Pursuit.of.Happyness.2006__#00-17-30_00-19-10_label_A.mp4|0.48453534|(1,2401,0.48453534)
Young.And.Dangerous.II.1996__#0-53-25_0-54-20_label_A.mp4|0.49063498|(1,1322,0.49063498)
v=1EvRIhdsX1s__#1_label_A.mp4|0.47691625|(1,862,0.47691625)
Black.Hawk.Down.2001__#01-36-44_01-37-33_label_A.mp4|0.49249163|(1,1176,0.49249163)
City.of.God.2002__#00-33-10_00-34-50_label_A.mp4|0.4390911|(1,2401,0.4390911)
v=g7fnNf88IOc__#1_label_A.mp4|0.43651852|(1,3635,0.43651852)
Ip.Man.2008__#00-02-56_00-05-24_label_A.mp4|0.4799619|(1,3553,0.4799619)
v=hgoGZZSMhMQ__#1_label_A.mp4|0.4966817|(1,159,0.4966817)
Mission.Impossible.II.2000__#00-11-37_00-15-46_label_A.mp4|0.49286294|(1,693,0.49286294)
Kill.Bill.Vol.2.2004__#01-03-13_01-04-13_label_A.mp4|0.4667105|(1,1441,0.4667105)
v=Pf7WtK-YPDA__#1_label_A.mp4|0.47824332|(1,1954,0.47824332)
Mission.Impossible.Ghost.Protocol.2011__#01-24-59_01-28-30_label_A.mp4|0.4965274|(2,4001,0.47108972,4000,5064,0.4965274)
v=0vVOXlgHC1U__#00-12-00_00-18-00_label_A.mp4|0.4552939|(3,4001,0.44223523,4000,8001,0.43647465,8000,8642,0.4552939)
Hear.Me.2009__#00-30-50_00-32-31_label_A.mp4|0.4675013|(1,2425,0.4675013)
v=H9Y5_X1sEEA__#00-45-00_00-48-00_label_A.mp4|0.43006197|(2,4001,0.42624062,323,4323,0.43006197)
A.Beautiful.Mind.2001__#00-50-26_00-55-16_label_A.mp4|0.5012837|(2,4001,0.49881235,4000,6962,0.5012837)
v=9qxJ6bznkNI__#1_label_A.mp4|0.49683726|(2,4001,0.49102235,4000,5454,0.49683726)
Flipped.2010__#01-10-30_01-13-51_label_A.mp4|0.49516243|(2,4001,0.49045265,4000,4825,0.49516243)
v=94zZ9iptP54__#1_label_A.mp4|0.47182643|(1,932,0.47182643)
Love.Me.If.You.Dare.2003__#00-33-52_00-39-00_label_A.mp4|0.4434334|(2,4001,0.4434334,4000,7394,0.44059795)
The.Fast.and.the.Furious.2001__#01-38-50_01-39-59_label_A.mp4|0.43490505|(1,1657,0.43490505)
Taken.3.2014__#01-20-10_01-21-30_label_A.mp4|0.46107602|(1,1921,0.46107602)
v=wQrV75N2BrI__#1_label_A.mp4|0.4651256|(9,4001,0.4452576,4000,8001,0.43982077,8000,12001,0.45010713,12000,16001,0.45297623,16000,20001,0.4651256,20000,24001,0.4633378,24000,28001,0.43589178,28000,32001,0.44277313,32000,33196,0.45637977)
Good.Will.Hunting.1997__#00-08-55_00-10-50_label_A.mp4|0.47028932|(1,2762,0.47028932)
v=vp_W8CqtCug__#1_label_A.mp4|0.4537057|(1,3806,0.4537057)
The.Fast.and.the.Furious.2001__#00-26-09_00-26-52_label_A.mp4|0.49663723|(1,1033,0.49663723)
v=SdYFFo_tsfk__#00-18-00_00-24-00_label_A.mp4|0.48062578|(3,4001,0.47738174,4000,8001,0.45623517,8000,8642,0.48062578)
v=y7JEq-kf-2I__#00-01-50_00-02-30_label_A.mp4|0.49622792|(1,960,0.49622792)
Mission.Impossible.Ghost.Protocol.2011__#00-49-03_00-51-21_label_A.mp4|0.49008372|(1,3313,0.49008372)
Jason.Bourne.2016__#0-51-37_0-53-20_label_A.mp4|0.4951822|(1,2473,0.4951822)
v=usAvzbDq6-c__#00-18-00_00-21-00_label_A.mp4|0.4573782|(2,4001,0.45598274,322,4322,0.4573782)
v=VGP9qh7U4H0__#1_label_A.mp4|0.4778947|(2,4001,0.4658101,4000,5284,0.4778947)
Tropa.de.Elite.2007__#00-10-30_00-12-08_label_A.mp4|0.46665666|(1,2352,0.46665666)
v=n0AhGnEjako__#1_label_A.mp4|0.4508974|(1,2376,0.4508974)
v=5NZxPmTpV6Y__#1_label_A.mp4|0.46627614|(1,2807,0.46627614)
Desperado.1995__#00-19-00_00-20-31_label_A.mp4|0.48338026|(1,2185,0.48338026)
Good.Will.Hunting.1997__#00-58-18_01-02-30_label_A.mp4|0.49156156|(2,4001,0.49156156,4000,6049,0.4903148)
v=bU86SW6L7Tc__#1_label_A.mp4|0.4334396|(2,4001,0.4334396,250,4250,0.43114966)
v=VNQ1Vkz_cM4__#1_label_A.mp4|0.49145547|(2,4001,0.49145547,4000,5622,0.45647252)
City.Of.Men.2007__#01-36-01_01-37-31_label_A.mp4|0.46678478|(1,2161,0.46678478)
v=BL8ppFg7NKI__#1_label_A.mp4|0.46036333|(2,4001,0.45674536,4000,5470,0.46036333)
Young.And.Dangerous.I.1996__#0-55-09_0-56-59_label_A.mp4|0.47974318|(1,2641,0.47974318)
The.Bourne.Ultimatum.2007__#01-32-57_01-33-53_label_A.mp4|0.48650122|(1,1345,0.48650122)
v=-tqHsoEoUyY__#1_label_A.mp4|0.44386876|(1,1011,0.44386876)
v=eAgqJnO3kr8__#00-42-00_00-48-00_label_A.mp4|0.51504695|(3,4001,0.51504695,4000,8001,0.51405907,8000,8642,0.49753818)
v=ibYV3e17R5c__#1_label_A.mp4|0.46294358|(1,3375,0.46294358)
IP.Man.2.2010__#01-44-00_01-44-42_label_A.mp4|0.47925508|(1,1008,0.47925508)
Tropa.de.Elite.2007__#00-52-33_00-54-35_label_A.mp4|0.47727606|(1,2930,0.47727606)
v=usAvzbDq6-c__#00-03-00_00-06-00_label_A.mp4|0.42305082|(2,4001,0.4175899,322,4322,0.42305082)
v=smnw0Q7AxFQ__#1_label_A.mp4|0.45172417|(2,4001,0.44444907,4000,7956,0.45172417)
Hear.Me.2009__#00-49-48_00-51-12_label_A.mp4|0.45510352|(1,2017,0.45510352)
Saving.Private.Ryan.1998__#02-00-56_02-03-06_label_A.mp4|0.49120072|(1,3121,0.49120072)
Be.with.You.2018__#01-42-06_01-45-53_label_A.mp4|0.4884442|(2,4001,0.4814955,4000,5449,0.4884442)
Bullet.in.the.Head.1990__#00-03-59_00-04-40_label_A.mp4|0.44826853|(1,985,0.44826853)
