Mission.Impossible.Fallout.2018__#00-31-21_00-32-50_label_B1-0-0.mp4|0.93768597|(1,2136,0.93768597)
v=bhZs3ALdL7Y__#1_label_G-0-0.mp4|0.04706544|(1,81,0.04706544)
Skyfall.2012__#01-55-44_01-56-57_label_B2-G-0.mp4|0.9999951|(1,1753,0.9999951)
v=15wDrZJQpsw__#00-05-20_00-06-20_label_B6-0-0.mp4|0.99986684|(1,1443,0.99986684)
v=gp_D8r-2hwk__#1_label_G-0-0.mp4|0.9964972|(1,2551,0.9964972)
Quantum.Of.Solace.2008__#01-19-30_01-20-05_label_B1-0-0.mp4|0.9996762|(1,841,0.9996762)
Saving.Private.Ryan.1998__#02-24-18_02-25-42_label_B1-0-0.mp4|0.99987745|(1,2017,0.99987745)
Rush.Hour.3.2007.BluRay__#00-34-11_00-35-46_label_B1-0-0.mp4|0.9936883|(1,2281,0.9936883)
The.Bourne.Identity.2002__#0-54-45_0-56-25_label_B6-0-0.mp4|0.9999956|(1,2401,0.9999956)
Rush.Hour.1998.BluRay__#00-11-05_00-12-10_label_B2-B1-0.mp4|0.999869|(1,1562,0.999869)
v=GN-7_ye5k4E__#1_label_G-0-0.mp4|0.9999677|(1,2681,0.9999677)
v=b0MUjeKAGZw__#1_label_B4-0-0.mp4|0.9997553|(1,2795,0.9997553)
Mission.Impossible.III.2006__#00-56-23_00-56-40_label_G-0-0.mp4|0.99970204|(1,409,0.99970204)
Kingsman.The.Secret.Service.2014__#01-43-40_01-44-50_label_B2-G-0.mp4|0.06307812|(1,1681,0.06307812)
v=m5Ya6z6qroo__#1_label_B4-0-0.mp4|0.98771775|(2,4001,0.9823961,1647,5647,0.98771775)
Rush.Hour.3.2007.BluRay__#01-12-16_01-12-36_label_B1-0-0.mp4|0.99994385|(1,481,0.99994385)
Kingsman.The.Secret.Service.2014__#00-22-10_00-23-10_label_B2-0-0.mp4|0.30524045|(1,1441,0.30524045)
v=5BBoVfKOyeM__#00-08-19_00-10-10_label_B6-0-0.mp4|0.17495419|(1,2666,0.17495419)
v=3xWiBCIxjIk__#1_label_B4-0-0.mp4|0.99999356|(1,3748,0.99999356)
Lord.of.War__#00-50-10_00-50-50_label_G-0-0.mp4|0.00016969576|(1,961,0.00016969576)
v=3WmMhircZOc__#1_label_B4-0-0.mp4|0.99740654|(2,4001,0.99740654,2025,6025,0.3288332)
v=DVdXoVUNkhg__#1_label_G-0-0.mp4|0.9989807|(1,1146,0.9989807)
v=1GFBuaGCeTo__#1_label_G-0-0.mp4|0.996201|(1,1253,0.996201)
v=hAHXCMRvY_I__#1_label_G-0-0.mp4|0.98089266|(1,486,0.98089266)
v=lpkL0Y1MhA8__#1_label_B4-0-0.mp4|0.9973763|(1,2524,0.9973763)
City.of.God.2002__#00-40-16_00-41-30_label_B2-0-0.mp4|0.0045903786|(1,1778,0.0045903786)
Mission.Impossible.Ghost.Protocol.2011__#01-54-24_01-54-50_label_B1-0-0.mp4|0.99979|(1,625,0.99979)
v=AF9p0YA0hyA__#00-03-03_00-04-20_label_B4-0-0.mp4|0.009562659|(1,1850,0.009562659)
v=fQQzg2VfJME__#1_label_B4-0-0.mp4|0.97951573|(1,1348,0.97951573)
v=pFamvR9CpYw__#00-00-00_00-06-36_label_B4-0-0.mp4|0.9995833|(3,4001,0.9735657,4000,8001,0.9995833,5506,9506,0.9364727)
Ip.Man.2008__#01-40-37_01-42-07_label_B4-0-0.mp4|2.2303515e-05|(1,2161,2.2303515e-05)
v=lcBUb7EOQ4o__#1_label_G-0-0.mp4|0.9999895|(1,2237,0.9999895)
Operation.Red.Sea.2018__#0-25-36_0-26-03_label_G-0-0.mp4|0.9258493|(1,648,0.9258493)
v=q_DhkdHGXos__#1_label_B1-0-0.mp4|0.052022938|(2,4001,0.052022938,638,4638,0.00060913217)
v=7QOdBpDrmKk__#00-01-00_00-02-45_label_B6-0-0.mp4|0.99998176|(1,2522,0.99998176)
Mission.Impossible.V.Rogue.Nation.2015__#01-54-23_01-55-10_label_B2-0-0.mp4|0.9961281|(1,1129,0.9961281)
v=xbPWQKZspfU__#1_label_B1-0-0.mp4|0.5875243|(2,4001,0.35777825,1034,5034,0.5875243)
v=nLAapCIlr-o__#00-07-22_00-08-19_label_B6-0-0.mp4|0.9996234|(1,1370,0.9996234)
Kill.Bill.Vol.1.2003__#01-17-20_01-20-20_label_B1-0-0.mp4|0.039908376|(2,4001,0.007143702,321,4321,0.039908376)
v=Dn_SDu22WpM__#00-08-35_00-10-05_label_B6-0-0.mp4|0.99731195|(1,2163,0.99731195)
v=-fOWSLV6Esw__#1_label_B4-0-0.mp4|0.019238207|(1,789,0.019238207)
Election.2005__#00-47-57_00-50-54_label_B5-0-0.mp4|0.042665545|(2,4001,0.042665545,248,4248,0.020449845)
v=-kwNh1lMU-w__#1_label_B4-0-0.mp4|0.9949043|(2,4001,0.9949043,81,4081,0.93427974)
v=6nfo9c7a5pE__#1_label_B1-0-0.mp4|0.00055881724|(1,1235,0.00055881724)
v=SMy2_qNO2Y0__#00-01-50_00-03-13_label_G-0-0.mp4|0.99709475|(1,1994,0.99709475)
v=Qc3pAEeK16A__#1_label_B1-0-0.mp4|0.99767417|(1,1409,0.99767417)
v=9CWJd1SezkA__#1_label_G-0-0.mp4|0.19138779|(1,700,0.19138779)
Tropa.de.Elite.2.2010__#01-33-01_01-33-30_label_B2-0-0.mp4|0.99995923|(1,698,0.99995923)
Mission.Impossible.V.Rogue.Nation.2015__#00-17-27_00-17-55_label_B2-0-0.mp4|0.8579532|(1,673,0.8579532)
v=tP19WuyY3IY__#00-00-00_00-00-51_label_B6-0-0.mp4|0.9248931|(1,1226,0.9248931)
Operation.Red.Sea.2018__#0-16-06_0-16-46_label_G-0-0.mp4|0.20798253|(1,960,0.20798253)
The.Bourne.Ultimatum.2007__#01-44-02_01-44-11_label_B2-0-0.mp4|0.9949694|(1,217,0.9949694)
Operation.Red.Sea.2018__#0-56-26_0-57-10_label_G-0-0.mp4|0.9999958|(1,1056,0.9999958)
Lord.of.War__#01-41-04_01-41-53_label_B1-0-0.mp4|0.00023369287|(1,1177,0.00023369287)
v=wVey5JDRf_g__#00-01-30_00-02-41_label_B6-0-0.mp4|0.9999927|(1,1706,0.9999927)
v=1io9Uh54Vhg__#1_label_B4-0-0.mp4|0.99546766|(1,1980,0.99546766)
v=Q6zIX29HkSo__#1_label_B4-0-0.mp4|0.9999713|(1,2145,0.9999713)
v=BzwNU2xmT64__#00-04-10_00-06-09_label_B6-0-0.mp4|0.99999356|(1,2858,0.99999356)
v=iHuggczItBk__#00-03-00_00-03-55_label_B6-0-0.mp4|0.99979216|(1,1322,0.99979216)
v=nLAapCIlr-o__#00-16-10_00-18-09_label_B6-0-0.mp4|0.9999578|(1,2858,0.9999578)
Ip.Man.3.2015__#00-44-45_00-45-08_label_B1-0-0.mp4|0.4973624|(1,552,0.4973624)
Black.Hawk.Down.2001__#01-13-59_01-14-49_label_B2-0-0.mp4|0.38645738|(1,1201,0.38645738)
v=3zgaqeVSXuI__#1_label_B4-0-0.mp4|0.002056885|(1,1953,0.002056885)
Young.And.Dangerous.I.1996__#0-46-57_0-48-57_label_B1-0-0.mp4|0.9999864|(1,2881,0.9999864)
v=8tqeeBGjnPg__#00-03-12_00-04-15_label_B6-0-0.mp4|0.9999833|(1,1515,0.9999833)
v=iWfUqxibqG0__#1_label_G-0-0.mp4|0.99996865|(1,631,0.99996865)
v=Ia9ATKNeUbY__#00-04-19_00-05-11_label_B6-0-0.mp4|0.9991013|(1,1250,0.9991013)
v=UK2w9Sh47fM__#1_label_G-0-0.mp4|0.99945575|(1,1198,0.99945575)
Salt.2010__#00-17-40_00-18-16_label_B1-0-0.mp4|0.9999733|(1,865,0.9999733)
v=2Rr21qkZEDQ__#00-03-00_00-04-09_label_B6-0-0.mp4|0.99945754|(1,1658,0.99945754)
Skyfall.2012__#01-20-05_01-20-20_label_B1-B2-0.mp4|0.98672974|(1,361,0.98672974)
Bullet.in.the.Head.1990__#00-41-30_00-44-16_label_B4-G-0.mp4|0.16342936|(1,3986,0.16342936)
v=5Tnl7_8RqlA__#00-11-00_00-12-45_label_B6-0-0.mp4|0.9999894|(1,2522,0.9999894)
v=BXR3d22BhHs__#00-06-00_00-07-00_label_B4-0-0.mp4|0.18727902|(1,1443,0.18727902)
The.Fast.and.the.Furious.2001__#00-52-18_00-53-36_label_B1-0-0.mp4|0.97851926|(1,1873,0.97851926)
v=gENp4SyNxkI__#1_label_B1-0-0.mp4|0.93997145|(1,1275,0.93997145)
v=YANmwpkuWRo__#1_label_G-0-0.mp4|0.52899754|(1,1080,0.52899754)
v=96N4XAJ7FKM__#1_label_B1-0-0.mp4|0.035825502|(2,4001,0.0048793983,860,4860,0.035825502)
Mission.Impossible.II.2000__#01-38-25_01-38-41_label_B2-B5-0.mp4|0.99996686|(1,385,0.99996686)
v=15wDrZJQpsw__#00-00-00_00-00-51_label_B6-0-0.mp4|0.99999|(1,1226,0.99999)
Skyfall.2012__#01-57-40_01-58-00_label_B2-0-0.mp4|0.99997604|(1,481,0.99997604)
Spectre.2015__#02-15-30_02-16-05_label_G-0-0.mp4|0.999997|(1,842,0.999997)
GoldenEye.1995__#00-10-00_00-10-40_label_G-0-0.mp4|0.9218293|(1,961,0.9218293)
v=0yHBkMBE8r4__#1_label_B1-0-0.mp4|0.055291932|(2,4001,0.055291932,1162,5162,0.010336115)
Bad.Boys.1995__#01-33-51_01-34-37_label_B2-0-0.mp4|0.9999982|(1,1104,0.9999982)
v=YKtw6uLEGps__#1_label_B4-0-0.mp4|0.9999088|(1,2934,0.9999088)
v=cO1UefhG7AY__#1_label_G-0-0.mp4|0.99967945|(2,4001,0.99967945,574,4574,0.99771273)
v=Lt9M_tSij_4__#00-00-00_00-04-24_label_B6-0-0.mp4|0.9993394|(2,4001,0.9590341,2336,6336,0.9993394)
v=kVl-6-A9ZO4__#00-08-01_00-09-35_label_B6-0-0.mp4|0.9999783|(1,2259,0.9999783)
v=X6Tbn8_X-Os__#1_label_B1-0-0.mp4|0.09698583|(2,4001,0.0961385,899,4899,0.09698583)
v=BQjKQbYgUBA__#1_label_B1-0-0.mp4|0.9998229|(1,3423,0.9998229)
Skyfall.2012__#02-08-44_02-09-17_label_B1-0-0.mp4|0.9994956|(1,793,0.9994956)
Deadpool.2016__#0-18-58_0-19-20_label_B1-0-0.mp4|0.9999424|(1,529,0.9999424)
v=zQbnQBCTSiA__#1_label_B1-0-0.mp4|0.99972993|(2,4001,0.99972993,1695,5695,0.95762366)
v=Hnfy9XhlIPM__#1_label_B4-0-0.mp4|0.9999882|(2,4001,0.9999882,661,4661,0.9975501)
v=ZkUciDD55kA__#00-00-00_00-00-30_label_G-0-0.mp4|0.9995478|(1,722,0.9995478)
v=MqrNCb2N5to__#1_label_B1-0-0.mp4|0.99259853|(1,2533,0.99259853)
v=_5Kmb4tqMxs__#1_label_B4-0-0.mp4|0.6770707|(1,1305,0.6770707)
Taken.2.UNRATED.EXTENDED.2012__#01-06-28_01-06-49_label_B2-0-0.mp4|0.9999131|(1,505,0.9999131)
Mission.Impossible.V.Rogue.Nation.2015__#01-19-48_01-20-20_label_B6-0-0.mp4|0.99456185|(1,770,0.99456185)
Yellow.Sea.2010__#01-04-00_01-04-50_label_B1-0-0.mp4|0.9905778|(1,1200,0.9905778)
v=HSisjzLESak__#00-00-00_00-00-51_label_B6-0-0.mp4|0.9999864|(1,1226,0.9999864)
Operation.Red.Sea.2018__#01-37-22_01-37-36_label_G-B2-0.mp4|0.99999094|(1,336,0.99999094)
Shoot.Em.Up.2007__#00-56-56_00-57-15_label_B2-0-0.mp4|0.9999132|(1,457,0.9999132)
v=jYENhkzdpO8__#00-00-00_00-01-31_label_B6-0-0.mp4|0.9998056|(1,2186,0.9998056)
New.Kids.Turbo.2010__#00-50-13_00-50-34_label_B1-0-0.mp4|0.8176748|(1,504,0.8176748)
v=bDm2-1NZBLw__#1_label_B4-0-0.mp4|0.9904317|(1,2210,0.9904317)
Bullet.in.the.Head.1990__#00-23-31_00-24-40_label_G-0-0.mp4|0.09165586|(1,1657,0.09165586)
v=ZnFlL84K7HE__#00-27-53_00-34-45_label_B4-0-0.mp4|0.9999665|(3,4001,0.99521744,4000,8001,0.999653,5890,9890,0.9999665)
City.of.God.2002__#01-24-10_01-25-10_label_B2-0-0.mp4|0.9999987|(1,1441,0.9999987)
v=ICnreR1hxP0__#1_label_B4-0-0.mp4|0.99985707|(2,4001,0.0675786,328,4328,0.99985707)
v=2al4t5inObA__#1_label_B4-0-0.mp4|0.9999877|(1,3582,0.9999877)
v=3wxWNAM8Cso__#1_label_G-0-0.mp4|0.9989366|(2,4001,0.9780627,2063,6063,0.9989366)
v=pMtu7fOHdII__#1_label_B1-0-0.mp4|0.99885595|(1,1252,0.99885595)
Black.Hawk.Down.2001__#01-42-58_01-43-58_label_G-0-0.mp4|0.028529001|(1,1441,0.028529001)
v=ZoS8gm5OcOM__#00-07-50_00-08-55_label_B6-0-0.mp4|0.40748584|(1,1562,0.40748584)
v=tP19WuyY3IY__#00-06-10_00-07-51_label_B6-0-0.mp4|0.985564|(1,2426,0.985564)
v=CvMpD1yqfxI__#1_label_G-0-0.mp4|0.999879|(1,873,0.999879)
v=-etV57xZ4_I__#1_label_B4-0-0.mp4|0.6480393|(1,265,0.6480393)
Taken.Extended.Cut.2008__#00-50-45_00-51-04_label_B2-B6-0.mp4|0.9999658|(1,456,0.9999658)
v=UzxuX79xq4s__#1_label_B4-0-0.mp4|0.8763532|(2,4001,0.8763532,1286,5286,0.0044057085)
v=EH_QB6cm6BE__#1_label_G-0-0.mp4|0.11851734|(1,658,0.11851734)
Salt.2010__#01-12-05_01-12-32_label_B2-G-0.mp4|0.9999949|(1,649,0.9999949)
v=y1z12D5bx7c__#1_label_B4-0-0.mp4|0.98191524|(2,4001,0.98191524,850,4850,0.86605644)
v=1q5V6DKH3bw__#1_label_B4-0-0.mp4|0.014828118|(1,3029,0.014828118)
v=v-Plzx73K68__#1_label_B4-0-0.mp4|0.99981314|(1,1016,0.99981314)
Mission.Impossible.Fallout.2018__#02-03-50_02-04-35_label_B1-0-0.mp4|0.99087477|(1,1080,0.99087477)
v=ZCjNPgNu42g__#1_label_B4-0-0.mp4|0.76259726|(1,3483,0.76259726)
v=7QOdBpDrmKk__#00-10-30_00-10-51_label_B6-0-0.mp4|0.4487287|(1,506,0.4487287)
v=OE9t3XImErk__#1_label_B1-0-0.mp4|0.99319553|(1,557,0.99319553)
Sin.City.2005__#0-10-40_0-11-40_label_B2-0-0.mp4|0.010448473|(1,1441,0.010448473)
v=_YobflFU_HU__#00-06-10_00-07-51_label_B6-0-0.mp4|0.9999974|(1,2426,0.9999974)
Casino.Royale.2006__#01-17-29_01-17-46_label_B1-0-0.mp4|0.98606664|(1,409,0.98606664)
The.Fast.and.the.Furious.2001__#00-29-00_00-29-52_label_B2-G-0.mp4|0.99999416|(1,1249,0.99999416)
v=2jwO15SMyuo__#1_label_B4-0-0.mp4|0.9999918|(1,2376,0.9999918)
Rush.Hour.3.2007.BluRay__#00-40-56_00-41-52_label_B2-0-0.mp4|0.99587834|(1,1345,0.99587834)
v=uQY15O3LKI0__#1_label_B6-0-0.mp4|0.8424623|(1,3970,0.8424623)
v=iegHZ_UWWsA__#00-14-05_00-20-33_label_B4-0-0.mp4|0.9999596|(3,4001,0.9999596,4000,8001,0.99994385,5314,9314,0.9994235)
God.Bless.America.2011__#00-38-25_00-39-37_label_B2-B5-0.mp4|0.00036945983|(1,1729,0.00036945983)
Bullet.in.the.Head.1990__#01-45-21_01-46-20_label_B2-0-0.mp4|0.99983454|(1,1417,0.99983454)
Taken.2.UNRATED.EXTENDED.2012__#01-00-00_01-00-16_label_B2-0-0.mp4|0.157799|(1,385,0.157799)
v=Ia9ATKNeUbY__#00-05-19_00-06-09_label_B6-0-0.mp4|0.99999726|(1,1202,0.99999726)
v=Q-u3Y9TkZhQ__#1_label_B4-0-0.mp4|0.50964266|(1,1036,0.50964266)
v=uprb6aBzymw__#00-03-03_00-05-13_label_B4-0-0.mp4|8.8820016e-05|(1,3121,8.8820016e-05)
v=cuUK-3MNqtw__#1_label_B1-0-0.mp4|0.019273337|(1,2063,0.019273337)
Fast.Five.2011__#00-32-05_00-32-24_label_B1-B2-0.mp4|0.99965036|(1,457,0.99965036)
Kingsman.The.Golden.Circle.2017__#00-35-55_00-36-35_label_B1-0-0.mp4|0.9998777|(1,962,0.9998777)
The.Hurt.Locker.2008__#01-27-42_01-28-09_label_G-0-0.mp4|0.99642736|(1,649,0.99642736)
Fast.Furious.6.2013__#01-38-33_01-39-20_label_B1-0-0.mp4|0.9988306|(1,1129,0.9988306)
v=u5SF4SlqNDQ__#00-02-39_00-03-41_label_G-0-0.mp4|0.99988127|(1,1491,0.99988127)
Tropa.de.Elite.2.2010__#00-13-41_00-14-56_label_B4-0-0.mp4|0.99999094|(1,1801,0.99999094)
Fast.Five.2011__#00-01-41_00-01-57_label_B6-0-0.mp4|0.99995935|(1,385,0.99995935)
Taken.Extended.Cut.2008__#00-33-51_00-34-03_label_B1-0-0.mp4|0.9989372|(1,289,0.9989372)
Taken.2.UNRATED.EXTENDED.2012__#00-45-50_00-46-20_label_G-0-0.mp4|0.9999305|(1,722,0.9999305)
Shoot.Em.Up.2007__#00-32-40_00-35-10_label_B2-0-0.mp4|0.9999963|(1,3601,0.9999963)
Saving.Private.Ryan.1998__#02-23-00_02-23-28_label_B1-0-0.mp4|0.9999912|(1,673,0.9999912)
The.World.Is.Not.Enough.1999__#00-10-22_00-10-40_label_G-0-0.mp4|0.99945754|(1,433,0.99945754)
Skyfall.2012__#00-06-10_00-06-25_label_B6-0-0.mp4|0.9993349|(1,361,0.9993349)
v=9Ydg5IeZpFI__#1_label_B1-0-0.mp4|0.6759627|(2,4001,0.25182366,621,4621,0.6759627)
Taken.3.2014__#01-19-13_01-19-30_label_B1-0-0.mp4|0.9998503|(1,409,0.9998503)
v=oipd63DGadU__#1_label_B1-0-0.mp4|0.080457024|(1,1398,0.080457024)
Mission.Impossible.III.2006__#00-19-56_00-20-26_label_B2-0-0.mp4|0.9999716|(1,721,0.9999716)
v=m8EkFsaGPzU__#1_label_B4-0-0.mp4|0.97625005|(2,4001,0.238378,1703,5703,0.97625005)
Sin.City.2005__#0-29-34_0-29-56_label_B2-0-0.mp4|0.64382434|(1,529,0.64382434)
Sin.City.2005__#01-51-59_01-52-29_label_B2-0-0.mp4|0.7723205|(1,721,0.7723205)
Death.Proof.2007__#01-40-41_01-42-17_label_B5-B6-0.mp4|0.9987268|(1,2305,0.9987268)
v=k98yVPXiYoU__#1_label_G-0-0.mp4|0.9900163|(1,736,0.9900163)
Young.And.Dangerous.IV.1997__#01-32-04_01-32-58_label_B1-0-0.mp4|0.38724494|(1,1297,0.38724494)
v=V7FtjJStY1M__#1_label_G-0-0.mp4|0.999961|(1,360,0.999961)
v=CczYDDDf22A__#1_label_G-0-0.mp4|0.08798346|(1,679,0.08798346)
v=2WkuPNLfl5s__#1_label_B4-0-0.mp4|0.99967563|(1,1242,0.99967563)
Fast.Furious.2009__#01-18-00_01-19-00_label_B2-B6-0.mp4|0.99837166|(1,1441,0.99837166)
v=GI49YSCruwY__#1_label_B4-0-0.mp4|0.9964042|(1,3032,0.9964042)
Salt.2010__#01-06-27_01-07-07_label_G-B2-0.mp4|0.9999913|(1,962,0.9999913)
v=CcD-YNlkMPY__#1_label_G-0-0.mp4|0.7446717|(1,1996,0.7446717)
v=zoIn2hOrUIM__#00-01-00_00-02-45_label_B6-0-0.mp4|0.99999475|(1,2522,0.99999475)
v=TsuuRo6PEXM__#1_label_B1-0-0.mp4|0.73939246|(2,4001,0.73939246,343,4343,0.11276201)
v=bfOlheR5nUQ__#00-04-33_00-06-02_label_B4-0-0.mp4|0.9976636|(1,2138,0.9976636)
Spectre.2015__#00-44-05_00-44-40_label_B1-B2-0.mp4|0.9999964|(1,841,0.9999964)
Haywire.2011__#01-20-20_01-21-57_label_B1-0-0.mp4|0.999305|(1,2329,0.999305)
v=osjdmjNJUdg__#1_label_B1-0-0.mp4|0.67780346|(1,2320,0.67780346)
Saving.Private.Ryan.1998__#02-23-58_02-24-18_label_G-0-0.mp4|0.99989676|(1,481,0.99989676)
Jason.Bourne.2016__#0-29-48_0-30-29_label_B4-0-0.mp4|0.9999956|(1,985,0.9999956)
Braveheart.1995__#01-26-50_01-32-30_label_B1-0-0.mp4|0.99999726|(3,4001,0.9999963,4000,8001,0.9999964,4161,8161,0.99999726)
v=wG-2t0M8CPc__#1_label_B1-0-0.mp4|0.14149468|(1,2073,0.14149468)
v=FRj2K0ulD8Q__#00-00-00_00-00-57_label_B4-0-0.mp4|0.9999516|(1,1370,0.9999516)
v=15wDrZJQpsw__#00-09-00_00-10-55_label_B6-0-0.mp4|0.99976057|(1,2762,0.99976057)
v=OOjjPGN8jSU__#1_label_B6-0-0.mp4|0.004633556|(2,4001,0.000104571,1918,5918,0.004633556)
The.Hurt.Locker.2008__#0-19-22_0-22-32_label_B2-B1-0.mp4|0.9995042|(2,4001,0.9839908,561,4561,0.9995042)
Bullet.in.the.Head.1990__#01-26-30_01-27-34_label_B2-0-0.mp4|0.0022911157|(1,1537,0.0022911157)
Fast.Furious.2009__#00-42-10_00-42-41_label_B6-0-0.mp4|0.9999546|(1,745,0.9999546)
Taken.3.2014__#01-12-48_01-14-30_label_B2-B1-0.mp4|0.999188|(1,2449,0.999188)
v=g2v3EkBj9Zc__#1_label_B4-0-0.mp4|0.9999131|(1,764,0.9999131)
v=UYFR-XbyZQc__#00-01-19_00-02-42_label_G-0-0.mp4|0.95671564|(1,1992,0.95671564)
Haywire.2011__#00-16-07_00-16-49_label_B1-0-0.mp4|1.7970342e-06|(1,1008,1.7970342e-06)
v=ntaXjnpusxM__#1_label_G-0-0.mp4|0.006440577|(1,688,0.006440577)
v=3xkwZk44VQs__#1_label_B4-0-0.mp4|0.98690516|(1,2517,0.98690516)
Brick.Mansions.2014__#01-02-00_01-02-43_label_B2-0-0.mp4|0.9999927|(1,1032,0.9999927)
v=rAlZRFZTwxM__#00-03-13_00-07-08_label_G-0-0.mp4|0.029146733|(2,4001,0.0015341026,1641,5641,0.029146733)
v=UK--hvgP2uY__#1_label_G-0-0.mp4|0.08372006|(1,2605,0.08372006)
v=yy-KIWDcBr4__#00-16-10_00-17-19_label_B6-0-0.mp4|0.9609066|(1,1658,0.9609066)
v=k_cvJa1kNaM__#1_label_B4-0-0.mp4|0.0022443112|(2,4001,0.0022443112,1628,5628,0.00087883126)
Deadpool.2.2018__#0-50-30_0-51-20_label_B1-0-0.mp4|0.9991586|(1,1201,0.9991586)
v=9Jk2sIp5MRQ__#1_label_G-0-0.mp4|0.1785323|(1,568,0.1785323)
v=Q7NpJXOTiMY__#1_label_G-0-0.mp4|0.0047236253|(1,1628,0.0047236253)
IP.Man.2.2010__#01-35-55_01-39-11_label_B1-0-0.mp4|0.98450273|(2,4001,0.58924043,704,4704,0.98450273)
The.World.Is.Not.Enough.1999__#00-07-04_00-07-45_label_G-B2-0.mp4|0.9986706|(1,984,0.9986706)
Desperado.1995__#01-14-11_01-17-28_label_B2-G-0.mp4|0.9999913|(2,4001,0.9990675,729,4729,0.9999913)
City.Of.Men.2007__#00-57-37_00-58-27_label_B2-0-0.mp4|0.9983365|(1,1200,0.9983365)
v=eqtJjxsTgtg__#1_label_G-0-0.mp4|0.99988925|(1,1194,0.99988925)
v=BXR3d22BhHs__#00-07-00_00-08-00_label_B4-0-0.mp4|0.98116|(1,1443,0.98116)
v=yvnj5VIDsNI__#1_label_B4-0-0.mp4|0.9999409|(2,4001,0.9999409,890,4890,0.99987125)
v=ONsmJAyFAAw__#1_label_G-0-0.mp4|0.99986446|(1,1563,0.99986446)
v=qqsd-cZr01k__#00-06-10_00-07-19_label_B6-0-0.mp4|0.99996054|(1,1658,0.99996054)
Rush.Hour.1998.BluRay__#00-08-08_00-09-15_label_B2-B6-G.mp4|0.999985|(1,1609,0.999985)
Sin.City.2005__#0-43-45_0-44-01_label_B2-0-0.mp4|0.9999391|(1,385,0.9999391)
v=rJz4NXm6vis__#1_label_B4-0-0.mp4|0.9522102|(1,1892,0.9522102)
The.Bourne.Ultimatum.2007__#01-26-27_01-28-03_label_B2-B6-0.mp4|0.99999285|(1,2305,0.99999285)
v=73uRcX0Dvfc__#00-00-00_00-01-51_label_B6-G-0.mp4|0.9992151|(1,2666,0.9992151)
GoldenEye.1995__#00-24-53_00-25-06_label_B1-0-0.mp4|0.999974|(1,313,0.999974)
v=gsz_P8t-KM4__#1_label_B4-0-0.mp4|0.032736998|(3,4001,0.0047135395,4000,8001,0.032736998,5741,9741,2.5278214e-06)
v=PWBZiM-rkoE__#1_label_G-0-0.mp4|1.6081728e-07|(1,2711,1.6081728e-07)
v=J_ZsNd97wXw__#1_label_G-0-0.mp4|0.9999471|(1,1204,0.9999471)
Saving.Private.Ryan.1998__#02-16-58_02-17-13_label_G-0-0.mp4|0.9997793|(1,361,0.9997793)
v=CoxsDkB-rWU__#00-07-06_00-10-30_label_B4-0-0.mp4|0.99985397|(2,4001,0.90839,898,4898,0.99985397)
Fast.Furious.2009__#00-21-06_00-21-57_label_B6-B2-0.mp4|0.99049616|(1,1225,0.99049616)
v=wVey5JDRf_g__#00-00-00_00-01-20_label_B6-0-0.mp4|0.9999765|(1,1922,0.9999765)
Shoot.Em.Up.2007__#00-53-25_00-56-47_label_B2-0-0.mp4|0.000637714|(2,4001,2.8975444e-05,850,4850,0.000637714)
Deadpool.2.2018__#0-04-46_0-05-01_label_B2-0-0.mp4|0.97314477|(1,361,0.97314477)
v=0qtIjyt-7wg__#00-01-00_00-02-45_label_B6-0-0.mp4|0.99946016|(1,2522,0.99946016)
v=wnd3IYH7x1o__#1_label_G-0-0.mp4|0.75884897|(1,1139,0.75884897)
v=Dh-3BlhAOnE__#00-00-00_00-13-36_label_B4-0-0.mp4|0.9999988|(5,4001,0.99992967,4000,8001,0.4663824,8000,12001,0.9702004,12000,16001,0.9997049,15586,19586,0.9999988)
v=waIS8TaJxts__#00-09-00_00-10-45_label_B6-0-0.mp4|0.00048963143|(1,2522,0.00048963143)
Ip.Man.2008__#01-14-31_01-15-24_label_B1-0-0.mp4|0.72418386|(1,1274,0.72418386)
v=8oTjTufJnXI__#1_label_G-0-0.mp4|0.99997723|(1,2694,0.99997723)
v=3y2OOc6WTrg__#1_label_B1-0-0.mp4|0.10963724|(2,4001,0.10963724,352,4352,0.014111876)
v=k7R_Qo-BiAw__#00-10-30_00-10-51_label_B6-0-0.mp4|0.99947494|(1,506,0.99947494)
Love.Death.and.Robots.S01E13__#0-11-48_0-12-07_label_G-0-0.mp4|0.99998856|(1,456,0.99998856)
Braveheart.1995__#02-07-00_02-08-15_label_B1-0-0.mp4|0.99999475|(1,1802,0.99999475)
Saving.Private.Ryan.1998__#02-20-00_02-20-13_label_G-0-0.mp4|0.15160339|(1,313,0.15160339)
v=yy-KIWDcBr4__#00-08-35_00-10-25_label_B6-0-0.mp4|0.99993205|(1,2642,0.99993205)
v=vhACO_m5pH0__#00-14-42_00-15-40_label_B6-0-0.mp4|0.9980572|(1,1394,0.9980572)
v=7zEFHKKBA0g__#1_label_B4-0-0.mp4|0.14794612|(2,4001,0.14794612,420,4420,0.003496515)
Saving.Private.Ryan.1998__#00-47-50_00-49-35_label_B2-0-0.mp4|0.33633634|(1,2521,0.33633634)
v=cEOM18n8fhU__#1_label_G-0-0.mp4|0.95848346|(1,2831,0.95848346)
v=aWPWHU8x6kE__#1_label_B4-0-0.mp4|0.99855417|(2,4001,0.9970086,829,4829,0.99855417)
v=yrpZJ8Vr3aA__#1_label_B1-0-0.mp4|0.9889882|(1,2354,0.9889882)
v=w16YmhAZ1_Y__#1_label_G-0-0.mp4|0.9999958|(1,1480,0.9999958)
v=1djrJ0wxlYo__#1_label_B4-0-0.mp4|0.9910652|(1,1536,0.9910652)
Casino.Royale.2006__#00-50-05_00-51-16_label_B1-B2-B6.mp4|0.99998474|(1,1705,0.99998474)
v=SE5fxK7SasU__#00-03-23_00-04-08_label_B4-0-0.mp4|0.9998286|(1,1082,0.9998286)
Operation.Red.Sea.2018__#0-29-36_0-30-20_label_B2-G-0.mp4|0.99926907|(1,1056,0.99926907)
v=7rDRFFSUrPI__#00-01-50_00-02-32_label_G-0-0.mp4|0.98900056|(1,1010,0.98900056)
Casino.Royale.2006__#01-46-40_01-47-14_label_B6-0-0.mp4|0.9999579|(1,817,0.9999579)
v=u0Tnw01PNxc__#1_label_B4-0-0.mp4|0.00046341258|(1,1377,0.00046341258)
v=ZoS8gm5OcOM__#00-06-20_00-07-30_label_B6-0-0.mp4|0.99993527|(1,1682,0.99993527)
Rush.Hour.1998.BluRay__#01-25-21_01-25-46_label_B2-0-0.mp4|0.9762872|(1,602,0.9762872)
Fast.Furious.6.2013__#01-03-25_01-04-59_label_B1-0-0.mp4|0.9999572|(1,2256,0.9999572)
Brick.Mansions.2014__#00-16-26_00-17-12_label_B1-0-0.mp4|0.9999652|(1,1104,0.9999652)
v=fIlmgvc-bUk__#1_label_B4-0-0.mp4|0.9999645|(1,1415,0.9999645)
v=GqMh_HBNWZE__#00-01-00_00-02-45_label_B6-0-0.mp4|0.7563797|(1,2522,0.7563797)
v=PuZy1PQIgrA__#1_label_B1-0-0.mp4|0.9351382|(1,2816,0.9351382)
v=OFxPTJxA5pg__#1_label_B4-0-0.mp4|0.12555346|(5,4001,0.01858548,4000,8001,0.0007284723,8000,12001,0.02007351,12000,16001,0.12555346,13542,17542,0.01864749)
v=vhACO_m5pH0__#00-20-42_00-22-40_label_B6-0-0.mp4|0.9981115|(1,2834,0.9981115)
Mindhunters.2004__#01-19-00_01-20-05_label_B2-0-0.mp4|0.99997115|(1,1561,0.99997115)
v=RUjrMYWhLng__#1_label_B6-0-0.mp4|0.99996245|(3,4001,0.99996245,4000,8001,0.9779374,6434,10434,0.7258033)
v=iHuggczItBk__#00-01-00_00-02-45_label_B6-0-0.mp4|0.9999399|(1,2522,0.9999399)
v=GbMQ2CxeNHU__#1_label_B4-0-0.mp4|0.99998367|(2,4001,0.99998367,1490,5490,0.9999832)
v=ROrpKx3aIjA__#1_label_G-0-0.mp4|0.99999654|(1,1300,0.99999654)
v=abATVcjFumY__#1_label_G-0-0.mp4|0.00034037398|(1,1835,0.00034037398)
v=T-LH8Gv5zzY__#1_label_B4-0-0.mp4|0.96954477|(1,2426,0.96954477)
Sin.City.2005__#0-06-42_0-07-06_label_B1-0-0.mp4|0.07147288|(1,577,0.07147288)
Fast.Furious.6.2013__#00-45-40_00-47-13_label_B2-0-0.mp4|0.9999938|(1,2233,0.9999938)
v=X4I8FhpGJwo__#00-09-00_00-10-45_label_B6-0-0.mp4|0.9999708|(1,2522,0.9999708)
v=zI0q5UDP47g__#1_label_B4-0-0.mp4|0.9999615|(1,3603,0.9999615)
v=HSisjzLESak__#00-01-00_00-02-45_label_B6-0-0.mp4|0.9999274|(1,2522,0.9999274)
v=gbRIKogNZvE__#1_label_B4-0-0.mp4|0.57958555|(1,2990,0.57958555)
Fury.2014__#00-07-30_00-07-58_label_G-0-0.mp4|0.98912966|(1,673,0.98912966)
Haywire.2011__#00-03-51_00-05-12_label_B1-B2-0.mp4|0.96492475|(1,1945,0.96492475)
v=8ewWXhYRUNs__#1_label_B1-0-0.mp4|0.009248865|(1,1369,0.009248865)
v=JfLYNEsrTew__#1_label_G-0-0.mp4|0.58898914|(1,750,0.58898914)
GoldenEye.1995__#02-03-40_02-04-13_label_G-0-0.mp4|0.99998546|(1,794,0.99998546)
Deadpool.2.2018__#01-03-09_01-03-54_label_B4-0-0.mp4|0.00210316|(1,1081,0.00210316)
v=sE-DC2trBkI__#00-01-00_00-02-45_label_B6-0-0.mp4|0.9998771|(1,2522,0.9998771)
v=QWwDsPSe7iM__#1_label_B4-0-0.mp4|0.12098376|(1,2334,0.12098376)
v=rKpXqwE2rg8__#00-01-57_00-03-06_label_B4-0-0.mp4|0.99835867|(1,1658,0.99835867)
v=qqsd-cZr01k__#00-01-00_00-02-45_label_B6-0-0.mp4|0.99991703|(1,2522,0.99991703)
v=waIS8TaJxts__#00-07-40_00-08-50_label_B6-0-0.mp4|0.9995913|(1,1682,0.9995913)
Jason.Bourne.2016__#0-50-20_0-50-30_label_G-0-0.mp4|0.996406|(1,241,0.996406)
v=8oJMGgaww70__#1_label_B4-0-0.mp4|0.085782245|(1,3595,0.085782245)
Mission.Impossible.Ghost.Protocol.2011__#01-12-38_01-13-43_label_B1-0-0.mp4|0.99344444|(1,1561,0.99344444)
v=3e3C-LQWF2s__#1_label_B1-0-0.mp4|0.9771568|(2,4001,0.9771568,421,4421,0.9668491)
v=yDqThVpu1AM__#1_label_B4-0-0.mp4|0.122006714|(1,744,0.122006714)
v=u5SF4SlqNDQ__#00-00-00_00-01-00_label_G-0-0.mp4|0.83851844|(1,1442,0.83851844)
v=DD3jfKr8e-k__#00-00-00_00-01-40_label_B4-0-0.mp4|0.55229723|(1,2402,0.55229723)
Bullet.in.the.Head.1990__#00-17-20_00-18-55_label_B1-0-0.mp4|0.9333369|(1,2281,0.9333369)
v=CFfc4UWzVB8__#00-00-00_00-00-30_label_B4-0-0.mp4|0.937593|(1,722,0.937593)
v=251___mEwZA__#1_label_B1-0-0.mp4|0.04909697|(2,4001,0.04909697,577,4577,0.020484306)
v=FRj2K0ulD8Q__#00-04-16_00-06-05_label_B4-0-0.mp4|0.9999461|(1,2618,0.9999461)
v=_BgJEXQkjNQ__#1_label_G-0-0.mp4|0.8100128|(3,4001,0.8100128,4000,8001,0.3116384,4139,8139,0.79180676)
v=waIS8TaJxts__#00-01-30_00-02-45_label_B6-0-0.mp4|0.9845377|(1,1802,0.9845377)
v=Y43UkfAe_bc__#00-00-00_00-01-40_label_B4-0-0.mp4|0.8162486|(1,2402,0.8162486)
v=tT-SrQC6Ddw__#00-04-00_00-05-15_label_B6-0-0.mp4|0.99252784|(1,1800,0.99252784)
v=qrKfaX1lCUM__#1_label_G-0-0.mp4|0.0016168038|(2,4001,0.0016168038,3409,7409,6.4663946e-05)
The.Bourne.Identity.2002__#0-19-53_0-21-48_label_B1-0-0.mp4|0.9951083|(1,2761,0.9951083)
Desperado.1995__#00-38-36_00-39-21_label_B1-B2-0.mp4|0.01134992|(1,1081,0.01134992)
Spectre.2015__#02-02-57_02-03-27_label_B1-B2-0.mp4|0.9997981|(1,722,0.9997981)
v=PRH5rYUHoVU__#00-00-25_00-02-50_label_B6-0-0.mp4|0.99895597|(1,3480,0.99895597)
Fast.Furious.2009__#01-29-10_01-29-55_label_B2-0-0.mp4|0.99996126|(1,1080,0.99996126)
The.Bourne.Identity.2002__#01-45-00_01-45-46_label_B1-0-0.mp4|0.99628794|(1,1104,0.99628794)
v=KUeUxbsBO6s__#1_label_B1-0-0.mp4|0.000490573|(1,2748,0.000490573)
Spectre.2015__#01-32-55_01-35-40_label_B1-B2-0.mp4|0.9999987|(1,3962,0.9999987)
v=2Rr21qkZEDQ__#00-14-10_00-16-09_label_B6-0-0.mp4|0.97948414|(1,2858,0.97948414)
v=J67oj92maC0__#1_label_G-0-0.mp4|0.9999603|(2,4001,0.9999198,673,4673,0.9999603)
v=aQ3qMpgZjwg__#00-00-00_00-01-48_label_B4-0-0.mp4|0.2898684|(1,2593,0.2898684)
Quantum.Of.Solace.2008__#01-30-26_01-30-42_label_B2-B1-0.mp4|0.99378186|(1,384,0.99378186)
Sin.City.2005__#0-22-04_0-22-18_label_B5-0-0.mp4|0.9091238|(1,337,0.9091238)
Fast.Five.2011__#01-29-27_01-32-05_label_B1-0-0.mp4|0.999998|(1,3793,0.999998)
Taken.3.2014__#01-09-26_01-09-54_label_G-0-0.mp4|0.9994048|(1,674,0.9994048)
God.Bless.America.2011__#01-32-00_01-32-50_label_B2-0-0.mp4|0.99169606|(1,1201,0.99169606)
v=afhttnv46Y4__#1_label_B1-0-0.mp4|0.99816704|(1,2500,0.99816704)
v=EOAfl8yMiN8__#00-00-00_00-00-51_label_B6-0-0.mp4|0.9989974|(1,1226,0.9989974)
Black.Hawk.Down.2001__#01-32-40_01-34-00_label_B4-0-0.mp4|0.9999956|(1,1921,0.9999956)
v=35zynOrkvMk__#1_label_G-0-0.mp4|0.059506424|(1,365,0.059506424)
Mission.Impossible.II.2000__#01-18-55_01-20-53_label_B2-0-0.mp4|1.0984055e-05|(1,2833,1.0984055e-05)
Young.And.Dangerous.IV.1997__#01-07-50_01-09-45_label_B1-0-0.mp4|0.9999691|(1,2761,0.9999691)
v=vaSOMEIe1Bg__#1_label_G-0-0.mp4|0.9959895|(1,1385,0.9959895)
Sin.City.2005__#0-32-00_0-32-16_label_B2-0-0.mp4|0.99549|(1,384,0.99549)
Kill.Bill.Vol.1.2003__#01-21-39_01-26-55_label_B1-0-0.mp4|0.9873882|(2,4001,0.9256557,3585,7585,0.9873882)
Mission.Impossible.II.2000__#01-29-30_01-29-44_label_B1-0-0.mp4|0.9987404|(1,337,0.9987404)
v=38GQ9L2meyE__#1_label_B6-0-0.mp4|0.9990903|(2,4001,0.9179469,650,4650,0.9990903)
v=HSisjzLESak__#00-07-40_00-08-50_label_B6-0-0.mp4|0.99998605|(1,1682,0.99998605)
Spectre.2015__#01-10-35_01-10-53_label_B2-0-0.mp4|0.99729306|(1,433,0.99729306)
Ip.Man.2008__#00-48-57_00-50-47_label_B1-0-0.mp4|0.4585335|(1,2641,0.4585335)
Yellow.Sea.2010__#01-58-30_01-59-27_label_B5-0-0.mp4|0.9999795|(1,1369,0.9999795)
City.of.God.2002__#00-37-20_00-38-02_label_B5-0-0.mp4|0.27807343|(1,1009,0.27807343)
v=BFPkt0AuSFA__#1_label_B4-0-0.mp4|0.9999864|(1,3380,0.9999864)
Haywire.2011__#00-39-07_00-41-48_label_B1-B2-0.mp4|0.9986136|(1,3865,0.9986136)
v=Z12t5h2mBJc__#1_label_B1-0-0.mp4|0.4923345|(2,4001,0.4923345,1047,5047,0.17365363)
Taken.2.UNRATED.EXTENDED.2012__#00-13-42_00-14-16_label_B5-0-0.mp4|0.99933344|(1,818,0.99933344)
v=fhiAyxpDQMU__#1_label_B4-0-0.mp4|0.8086023|(1,3985,0.8086023)
Jason.Bourne.2016__#0-17-25_0-18-53_label_B4-0-0.mp4|0.9999949|(1,2112,0.9999949)
Ip.Man.3.2015__#00-17-51_00-18-51_label_B1-0-0.mp4|0.035597652|(1,1440,0.035597652)
Death.Proof.2007__#00-45-05_00-47-36_label_B5-0-0.mp4|0.9987165|(1,3625,0.9987165)
v=nLAapCIlr-o__#00-08-35_00-10-25_label_B6-0-0.mp4|0.99345905|(1,2642,0.99345905)
v=CUr-Mg8Hmh0__#1_label_G-0-0.mp4|0.9711303|(2,4001,0.15618956,1043,5043,0.9711303)
The.Bourne.Legacy.2012__#0-39-56_0-40-15_label_G-0-0.mp4|0.04322756|(1,457,0.04322756)
v=0qtIjyt-7wg__#00-04-00_00-05-15_label_B6-0-0.mp4|0.999508|(1,1802,0.999508)
v=DtxU8UYiFws__#1_label_G-0-0.mp4|0.039247096|(1,1450,0.039247096)
v=f6j3YWgVBto__#00-06-16_00-06-51_label_B6-0-0.mp4|0.9977016|(1,840,0.9977016)
Black.Hawk.Down.2001__#02-00-12_02-01-29_label_B2-0-0.mp4|0.99999154|(1,1850,0.99999154)
v=X1arMZmYhsk__#00-13-00_00-14-09_label_B6-0-0.mp4|0.99999166|(1,1658,0.99999166)
Saving.Private.Ryan.1998__#02-25-42_02-26-03_label_B2-0-0.mp4|0.99359715|(1,505,0.99359715)
v=LJ0Pu5_Mefs__#1_label_G-0-0.mp4|0.99996364|(1,984,0.99996364)
The.Hurt.Locker.2008__#01-02-10_01-03-55_label_B2-0-0.mp4|0.99395436|(1,2521,0.99395436)
v=rXWOpZ7W2fA__#1_label_B1-0-0.mp4|0.9999869|(1,2796,0.9999869)
Casino.Royale.2006__#00-51-16_00-52-41_label_B1-B6-0.mp4|0.9998673|(1,2041,0.9998673)
Brick.Mansions.2014__#00-11-57_00-12-12_label_B2-0-0.mp4|0.11671989|(1,360,0.11671989)
The.Bourne.Identity.2002__#01-27-39_01-29-19_label_B2-0-0.mp4|0.9674951|(1,2400,0.9674951)
v=xe4ee56aHSg__#1_label_G-0-0.mp4|0.9981592|(1,532,0.9981592)
Desperado.1995__#00-16-48_00-18-52_label_B1-0-0.mp4|0.98388654|(1,2977,0.98388654)
v=6TR2rcgHm4g__#1_label_B4-0-0.mp4|0.9345651|(1,1621,0.9345651)
v=w2NgAYJHnS0__#1_label_G-0-0.mp4|0.88641644|(1,1011,0.88641644)
Sin.City.2005__#01-19-08_01-19-23_label_G-0-0.mp4|0.9847744|(1,361,0.9847744)
Braveheart.1995__#02-05-34_02-06-40_label_B1-0-0.mp4|0.99999714|(1,1585,0.99999714)
v=uBXprlsmd18__#00-06-10_00-07-19_label_B6-0-0.mp4|0.9999882|(1,1658,0.9999882)
Fast.Five.2011__#00-32-56_00-33-26_label_B2-0-0.mp4|0.9339765|(1,721,0.9339765)
v=YhCSFZNwfHc__#00-01-15_00-01-42_label_G-B2-0.mp4|0.994337|(1,648,0.994337)
Bullet.in.the.Head.1990__#02-02-00_02-05-22_label_B2-B6-G.mp4|0.99929094|(2,4001,0.99929094,849,4849,0.9893668)
v=7isLhaNYgkU__#1_label_B4-0-0.mp4|0.9999912|(2,4001,0.9999912,1706,5706,0.9998889)
City.Of.Men.2007__#00-51-50_00-53-31_label_B2-0-0.mp4|0.99986947|(1,2425,0.99986947)
wangted.2008__#0-22-55_0-23-40_label_B2-0-0.mp4|0.8978526|(1,1081,0.8978526)
v=CLFYvG6MsZU__#00-02-16_00-05-06_label_B2-0-0.mp4|0.3780456|(2,4001,0.03289932,83,4083,0.3780456)
Bad.Boys.1995__#01-11-55_01-12-40_label_G-B2-B6.mp4|0.9999987|(1,1081,0.9999987)
GoldenEye.1995__#01-17-05_01-19-57_label_B2-B1-0.mp4|0.9999591|(2,4001,0.9998416,129,4129,0.9999591)
Kill.Bill.Vol.2.2004__#0-25-20_0-26-20_label_B2-0-0.mp4|0.0047189943|(1,1441,0.0047189943)
v=wVey5JDRf_g__#00-04-09_00-05-06_label_B6-0-0.mp4|0.9999572|(1,1371,0.9999572)
v=tv0rI-5ycBU__#1_label_B4-0-0.mp4|0.9999902|(1,3249,0.9999902)
Yellow.Sea.2010__#01-05-40_01-06-47_label_B1-B2-0.mp4|0.9998945|(1,1609,0.9998945)
v=YdrISbwy_zI__#1_label_G-0-0.mp4|0.9989477|(1,1723,0.9989477)
v=pL2HjXvWuPc__#1_label_B1-0-0.mp4|0.5627452|(2,4001,0.014160578,836,4836,0.5627452)
v=7xQr5wYwNPg__#1_label_B4-0-0.mp4|0.0013756139|(1,1121,0.0013756139)
v=vv-MFJPi4Qs__#1_label_G-0-0.mp4|0.99998856|(1,1004,0.99998856)
Mission.Impossible.III.2006__#01-06-52_01-07-15_label_G-0-0.mp4|0.99991095|(1,553,0.99991095)
Mission.Impossible.V.Rogue.Nation.2015__#01-15-52_01-16-48_label_B6-B2-0.mp4|0.99936765|(1,1344,0.99936765)
Spectre.2015__#01-08-58_01-09-20_label_B1-B2-0.mp4|0.9998704|(1,529,0.9998704)
v=OB0-MXNPUIU__#1_label_B4-0-0.mp4|0.92747724|(2,4001,0.316923,21,4021,0.92747724)
Kill.Bill.Vol.1.2003__#01-26-56_01-28-18_label_B1-0-0.mp4|3.446193e-08|(1,1969,3.446193e-08)
v=wPkBaI6vOv0__#00-00-00_00-01-00_label_G-0-0.mp4|0.008500594|(1,1442,0.008500594)
v=0qtIjyt-7wg__#00-00-00_00-00-51_label_B6-0-0.mp4|0.99732804|(1,1226,0.99732804)
v=S-7rRLrxnVQ__#1_label_B4-0-0.mp4|0.99979335|(1,3273,0.99979335)
Ip.Man.2008__#00-46-51_00-47-30_label_B1-0-0.mp4|0.999967|(1,937,0.999967)
City.of.God.2002__#01-52-20_01-54-32_label_B2-0-0.mp4|0.99995553|(1,3169,0.99995553)
v=vhACO_m5pH0__#00-09-42_00-10-40_label_B6-0-0.mp4|0.9997751|(1,1394,0.9997751)
Mission.Impossible.II.2000__#01-25-08_01-25-31_label_B2-0-0.mp4|0.99999|(1,553,0.99999)
Taken.2.UNRATED.EXTENDED.2012__#01-18-40_01-19-00_label_B1-0-0.mp4|0.9999863|(1,481,0.9999863)
v=bfOlheR5nUQ__#00-00-00_00-04-33_label_B4-0-0.mp4|0.98046815|(2,4001,0.19331972,2554,6554,0.98046815)
The.Fast.and.the.Furious.2001__#01-14-04_01-15-20_label_B1-0-0.mp4|0.07641431|(1,1825,0.07641431)
v=zoIn2hOrUIM__#00-06-10_00-07-19_label_B6-0-0.mp4|0.9999925|(1,1658,0.9999925)
Ip.Man.3.2015__#00-46-08_00-54-20_label_B1-0-0.mp4|0.9808749|(3,4001,3.8037316e-09,4000,8001,0.1265359,7808,11808,0.9808749)
v=D1eP4Bn4hDQ__#00-09-20_00-10-45_label_B6-0-0.mp4|0.997035|(1,2040,0.997035)
v=ADQNFs9bfFk__#00-00-00_00-00-58_label_B4-0-0.mp4|0.008152204|(1,1394,0.008152204)
Young.And.Dangerous.I.1996__#0-46-25_0-46-55_label_B6-0-0.mp4|0.9997271|(1,722,0.9997271)
v=NnmqkS1e88s__#1_label_B4-0-0.mp4|0.338895|(1,1752,0.338895)
v=hxyhulJYz5I__#00-06-09_00-07-00_label_B6-0-0.mp4|0.99943393|(1,1226,0.99943393)
v=Rc9EOFjtj0c__#1_label_B6-0-0.mp4|0.51245636|(1,3365,0.51245636)
Rush.Hour.3.2007.BluRay__#00-04-59_00-05-31_label_B2-0-0.mp4|0.99947804|(1,769,0.99947804)
v=WiS3TIvykeY__#1_label_B4-0-0.mp4|0.19185144|(1,1562,0.19185144)
Taken.3.2014__#01-04-50_01-05-05_label_B1-0-0.mp4|0.4470126|(1,361,0.4470126)
Young.And.Dangerous.III.1996__#00-23-00_00-25-54_label_B4-0-0.mp4|0.29685894|(2,4001,0.04098202,178,4178,0.29685894)
v=78u9uBJBqIw__#1_label_B4-B5-0.mp4|0.010031113|(1,3486,0.010031113)
v=FRj2K0ulD8Q__#00-06-05_00-08-25_label_B4-0-0.mp4|0.99996924|(1,3339,0.99996924)
The.Hurt.Locker.2008__#0-08-45_0-09-57_label_G-0-0.mp4|0.9994461|(1,1729,0.9994461)
Bad.Boys.II.2003__#00-06-42_00-10-00_label_B2-G-0.mp4|0.98897636|(2,4001,0.98897636,753,4753,0.94574344)
v=EOAfl8yMiN8__#00-03-00_00-04-09_label_B6-0-0.mp4|0.99999774|(1,1658,0.99999774)
v=v_LxqgpRouM__#1_label_G-0-0.mp4|0.99883264|(1,889,0.99883264)
The.Bourne.Legacy.2012__#0-59-18_01-01-52_label_B2-B1-0.mp4|0.9999176|(1,3697,0.9999176)
v=p7kvQ4OpDgU__#1_label_B4-0-0.mp4|0.9997086|(1,1889,0.9997086)
v=sE-DC2trBkI__#00-09-00_00-10-05_label_B6-0-0.mp4|0.9999156|(1,1563,0.9999156)
v=vhACO_m5pH0__#00-17-42_00-18-40_label_B6-0-0.mp4|0.99189395|(1,1394,0.99189395)
wangted.2008__#0-45-25_0-47-01_label_B1-0-0.mp4|0.9813457|(1,2305,0.9813457)
v=AF9p0YA0hyA__#00-00-45_00-01-44_label_B4-0-0.mp4|0.9991111|(1,1418,0.9991111)
Tropa.de.Elite.2.2010__#00-42-00_00-43-00_label_B2-0-0.mp4|0.019620882|(1,1441,0.019620882)
v=DRGMajXo_PI__#00-02-15_00-03-02_label_G-0-0.mp4|0.99999344|(1,1130,0.99999344)
New.Kids.Turbo.2010__#00-22-35_00-23-14_label_B1-0-0.mp4|0.203597|(1,936,0.203597)
v=uBXprlsmd18__#00-03-00_00-04-09_label_B6-0-0.mp4|0.99993837|(1,1658,0.99993837)
Mission.Impossible.Ghost.Protocol.2011__#01-56-52_01-57-03_label_B1-0-0.mp4|0.9996779|(1,264,0.9996779)
v=pFamvR9CpYw__#00-06-36_00-15-20_label_B4-0-0.mp4|0.99961543|(4,4001,0.9617295,4000,8001,0.6187628,8000,12001,0.99961543,8579,12579,0.9938963)
v=tivXK3PGByk__#1_label_B1-0-0.mp4|0.99700516|(1,3690,0.99700516)
v=nLAapCIlr-o__#00-11-00_00-12-45_label_B6-0-0.mp4|0.99998844|(1,2522,0.99998844)
Mission.Impossible.II.2000__#01-32-56_01-33-25_label_B1-0-0.mp4|0.9999809|(1,697,0.9999809)
Mission.Impossible.Ghost.Protocol.2011__#00-01-18_00-01-40_label_B2-0-0.mp4|0.99997663|(1,529,0.99997663)
v=FfrXebzAwOg__#00-06-10_00-07-19_label_B6-0-0.mp4|0.9961563|(1,1658,0.9961563)
Mission.Impossible.Fallout.2018__#00-39-18_00-40-36_label_B1-0-0.mp4|0.9912306|(1,1873,0.9912306)
v=Q9Re4CnFJRg__#00-01-21_00-01-47_label_G-0-0.mp4|0.9998449|(1,624,0.9998449)
v=sE-DC2trBkI__#00-03-00_00-04-09_label_B6-0-0.mp4|0.9998404|(1,1658,0.9998404)
v=utQ5AvXtNLA__#1_label_B4-0-0.mp4|0.9999366|(1,1076,0.9999366)
v=waIS8TaJxts__#00-05-50_00-06-20_label_B6-0-0.mp4|0.99986863|(1,723,0.99986863)
Fast.Furious.2009__#00-25-59_00-26-25_label_B1-0-0.mp4|0.98724306|(1,625,0.98724306)
Love.Death.and.Robots.S01E15__#0-05-38_0-06-18_label_G-0-0.mp4|0.9999795|(1,960,0.9999795)
The.Fast.and.the.Furious.2001__#01-37-40_01-38-30_label_B6-0-0.mp4|0.3088709|(1,1201,0.3088709)
v=BpargJW29Wo__#00-00-50_00-01-30_label_B1-0-0.mp4|0.0024582865|(1,962,0.0024582865)
Operation.Red.Sea.2018__#01-20-58_01-22-00_label_B5-0-0.mp4|0.0015284503|(1,1488,0.0015284503)
v=O9g1uuI62m0__#1_label_B4-0-0.mp4|0.0017070823|(2,4001,0.0017070823,545,4545,0.000313487)
v=U6MC8JJJZSY__#1_label_G-0-0.mp4|0.99975556|(1,1045,0.99975556)
Mission.Impossible.III.2006__#01-54-02_01-54-40_label_B2-0-0.mp4|0.9999653|(1,913,0.9999653)
v=qmsQ-obL1Z4__#00-03-26_00-04-04_label_B6-0-0.mp4|0.9997775|(1,912,0.9997775)
v=Ia9ATKNeUbY__#00-01-52_00-03-10_label_B6-0-0.mp4|0.9984164|(1,1874,0.9984164)
v=_tsSKAsVZfo__#1_label_B4-0-0.mp4|0.02895888|(1,2534,0.02895888)
v=iHuggczItBk__#00-04-00_00-04-55_label_B6-0-0.mp4|0.9733315|(1,1322,0.9733315)
v=sbEHU4GskX4__#1_label_B1-0-0.mp4|0.93171114|(1,2832,0.93171114)
IP.Man.2.2010__#00-07-14_00-09-13_label_B1-0-0.mp4|6.558811e-07|(1,2856,6.558811e-07)
Young.And.Dangerous.I.1996__#0-20-50_0-22-15_label_B1-0-0.mp4|0.13986686|(1,2041,0.13986686)
v=X4I8FhpGJwo__#00-07-40_00-08-50_label_B6-0-0.mp4|0.9996044|(1,1682,0.9996044)
v=qyTGi0N4OVg__#1_label_G-0-0.mp4|0.9993622|(1,1248,0.9993622)
v=vhACO_m5pH0__#00-10-42_00-11-40_label_B6-0-0.mp4|0.99150664|(1,1394,0.99150664)
Tropa.de.Elite.2.2010__#00-46-11_00-46-50_label_B2-0-0.mp4|0.99997985|(1,937,0.99997985)
v=5Ftl4nOSytc__#1_label_G-0-0.mp4|0.99999356|(1,2282,0.99999356)
GoldenEye.1995__#02-02-15_02-02-47_label_B1-0-0.mp4|0.99996495|(1,770,0.99996495)
Casino.Royale.2006__#00-18-30_00-19-20_label_G-B2-0.mp4|0.567544|(1,1201,0.567544)
Braveheart.1995__#00-56-30_00-57-20_label_B1-0-0.mp4|0.002209256|(1,1200,0.002209256)
v=0W8LohxH9nI__#1_label_B1-0-0.mp4|0.024096057|(1,1413,0.024096057)
Operation.Red.Sea.2018__#0-02-17_0-02-37_label_B2-0-0.mp4|0.99999666|(1,480,0.99999666)
v=pHZ9gOfmY_k__#1_label_B4-0-0.mp4|0.99843496|(2,4001,0.99843496,1179,5179,0.9734003)
v=waIS8TaJxts__#00-00-00_00-00-51_label_B6-0-0.mp4|0.99998415|(1,1226,0.99998415)
v=6KQFxxHmVMc__#1_label_B1-0-0.mp4|0.8432794|(1,3654,0.8432794)
Skyfall.2012__#00-03-22_00-03-40_label_B6-0-0.mp4|0.93463874|(1,433,0.93463874)
Fury.2014__#00-39-36_00-40-44_label_B1-B2-0.mp4|0.00088253943|(1,1634,0.00088253943)
v=MJLylzPRvyw__#1_label_B4-0-0.mp4|0.9933554|(1,3587,0.9933554)
v=Q8K7roZu3WU__#1_label_B1-0-0.mp4|0.73413604|(1,1295,0.73413604)
v=BzwNU2xmT64__#00-01-00_00-02-45_label_B6-0-0.mp4|0.9999851|(1,2522,0.9999851)
v=FW_qbiPH7UA__#1_label_B1-0-0.mp4|0.4486692|(1,3283,0.4486692)
v=TOEVc-pOEwM__#00-08-40_00-10-40_label_B6-0-0.mp4|0.99999034|(1,2883,0.99999034)
v=HUL83wCQATc__#1_label_B1-0-0.mp4|0.5994841|(1,2103,0.5994841)
v=IWzI9V3WSnc__#1_label_B4-0-0.mp4|0.9996275|(1,2689,0.9996275)
v=0N0PbzjEg0U__#1_label_B4-0-0.mp4|0.48848554|(1,1518,0.48848554)
v=TfS-MJoVNjM__#1_label_B4-0-0.mp4|0.9999509|(1,1311,0.9999509)
v=m5zK-tzYCQM__#1_label_B4-0-0.mp4|0.3501368|(1,1755,0.3501368)
v=Y1hxr1MWLjM__#1_label_B1-0-0.mp4|0.10245581|(1,3071,0.10245581)
Love.Death.and.Robots.S01E10__#0-01-00_0-02-13_label_B2-G-0.mp4|0.9998148|(1,1752,0.9998148)
v=H5W58Loofks__#00-05-50_00-06-20_label_B6-0-0.mp4|0.9989525|(1,723,0.9989525)
v=d5lTTPvJLpw__#1_label_B4-0-0.mp4|0.9804247|(2,4001,0.89071244,2277,6277,0.9804247)
Crank.Dircut.2006__#0-27-42_0-29-01_label_B1-0-0.mp4|0.99994314|(1,1898,0.99994314)
Mission.Impossible.V.Rogue.Nation.2015__#00-14-40_00-17-12_label_B1-0-0.mp4|0.99989545|(1,3649,0.99989545)
Kingsman.The.Golden.Circle.2017__#00-41-22_00-41-32_label_B2-0-0.mp4|0.74777555|(1,241,0.74777555)
v=Ia9ATKNeUbY__#00-06-19_00-06-50_label_B6-0-0.mp4|0.999895|(1,746,0.999895)
Gladiator.2000__#01-10-27_01-11-59_label_B1-0-0.mp4|0.9882606|(1,2208,0.9882606)
City.Of.Men.2007__#01-35-30_01-36-00_label_B2-0-0.mp4|0.98409295|(1,721,0.98409295)
v=ovQ1VTJ_IUI__#1_label_B1-0-0.mp4|0.3098369|(1,1688,0.3098369)
The.Fast.and.the.Furious.2001__#01-24-18_01-25-05_label_B6-0-0.mp4|0.9999776|(1,1128,0.9999776)
City.Of.Men.2007__#01-17-27_01-17-59_label_B2-0-0.mp4|0.99982965|(1,769,0.99982965)
Brick.Mansions.2014__#00-41-25_00-42-36_label_B1-0-0.mp4|0.99852437|(1,1704,0.99852437)
Mission.Impossible.II.2000__#01-46-20_01-47-11_label_B2-B6-0.mp4|0.99999404|(1,1225,0.99999404)
Taken.2.UNRATED.EXTENDED.2012__#01-18-25_01-18-40_label_B2-0-0.mp4|0.9999509|(1,361,0.9999509)
Rush.Hour.1998.BluRay__#01-20-28_01-21-38_label_B2-0-0.mp4|0.105566934|(1,1682,0.105566934)
v=kPWdgckIhLI__#1_label_B4-0-0.mp4|0.9999536|(1,793,0.9999536)
wangted.2008__#0-48-30_0-49-00_label_B2-0-0.mp4|0.9905467|(1,721,0.9905467)
Taken.3.2014__#00-03-58_00-04-16_label_B2-0-0.mp4|0.9997348|(1,433,0.9997348)
Law.Abiding.Citizen.2009__#01-26-34_01-27-25_label_B2-0-0.mp4|0.99993396|(1,1225,0.99993396)
God.Bless.America.2011__#00-12-40_00-13-12_label_B2-0-0.mp4|0.008682522|(1,769,0.008682522)
v=JHsfKFF9Oag__#1_label_A.mp4|1.1054583e-07|(1,2699,1.1054583e-07)
v=fkps18H3SXY__#00-36-00_00-42-00_label_A.mp4|3.5565816e-05|(3,4001,3.5565816e-05,4000,8001,3.049707e-07,4643,8643,3.4957426e-07)
Flipped.2010__#00-45-40_00-47-30_label_A.mp4|0.009169431|(1,2641,0.009169431)
Tropa.de.Elite.2.2010__#01-33-31_01-34-20_label_A.mp4|0.21347092|(1,1177,0.21347092)
Gladiator.2000__#02-43-00_02-43-59_label_A.mp4|0.0039032358|(1,1417,0.0039032358)
Mission.Impossible.V.Rogue.Nation.2015__#01-29-39_01-33-39_label_A.mp4|1.8162267e-05|(2,4001,1.8162267e-05,1762,5762,4.5852616e-06)
v=RRiN5W9XwJE__#1_label_A.mp4|0.7296025|(1,2616,0.7296025)
v=-5RWxUUJ7lQ__#1_label_A.mp4|0.4614255|(5,4001,0.0016903485,4000,8001,0.03187784,8000,12001,0.4614255,12000,16001,0.05847974,15123,19123,0.38923922)
v=9eME1y6V-T4__#02-00-00_02-06-00_label_A.mp4|0.08184943|(3,4001,0.00010416793,4000,8001,0.0008385461,4642,8642,0.08184943)
v=enYITYwvPAQ__#00-27-00_00-30-00_label_A.mp4|5.2384926e-06|(2,4001,9.1325046e-07,321,4321,5.2384926e-06)
Bullet.in.the.Head.1990__#00-51-46_00-52-50_label_A.mp4|3.6772733e-05|(1,1537,3.6772733e-05)
Deadpool.2016__#0-18-35_0-18-55_label_A.mp4|4.960888e-05|(1,481,4.960888e-05)
New.Kids.Turbo.2010__#00-41-30_00-42-05_label_A.mp4|2.620016e-05|(1,840,2.620016e-05)
v=4jVgDKbu_TI__#1_label_A.mp4|9.502521e-06|(5,4001,5.914208e-06,4000,8001,6.001302e-06,8000,12001,9.502521e-06,12000,16001,5.2494597e-06,14974,18974,8.1401754e-07)
Haywire.2011__#00-02-06_00-03-29_label_A.mp4|0.0003224067|(1,1993,0.0003224067)
God.Bless.America.2011__#00-51-00_00-52-00_label_A.mp4|7.2165417e-06|(1,1441,7.2165417e-06)
Kingsman.The.Secret.Service.2014__#00-25-29_00-26-24_label_A.mp4|3.7005793e-05|(1,1321,3.7005793e-05)
v=x0-z4h6mFoU__#1_label_A.mp4|1.4168025e-05|(2,4001,8.1778445e-08,610,4610,1.4168025e-05)
Love.Me.If.You.Dare.2003__#00-11-20_00-15-08_label_A.mp4|0.004818619|(2,4001,0.004818619,1474,5474,0.00013638963)
v=H9Y5_X1sEEA__#00-42-00_00-45-00_label_A.mp4|1.9572362e-05|(2,4001,1.9572362e-05,322,4322,4.712117e-06)
The.Bourne.Ultimatum.2007__#0-55-55_0-56-10_label_A.mp4|0.9987109|(1,361,0.9987109)
Hot.Fuzz.2007__#00-19-20_00-22-06_label_A.mp4|1.2173442e-07|(1,3986,1.2173442e-07)
The.Intouchables.2011__#00-51-55_00-55-16_label_A.mp4|0.0006388062|(2,4001,0.00023316988,826,4826,0.0006388062)
Tropa.de.Elite.2.2010__#00-05-30_00-06-30_label_A.mp4|0.39459223|(1,1441,0.39459223)
v=yZ2wlTAN49g__#00-03-00_00-06-00_label_A.mp4|6.763977e-05|(2,4001,4.2335938e-05,322,4322,6.763977e-05)
v=gGlqujwrhbI__#00-12-00_00-15-00_label_A.mp4|6.6418426e-05|(2,4001,1.528706e-05,322,4322,6.6418426e-05)
v=LYzmr5ORvCg__#1_label_A.mp4|1.967045e-08|(1,3925,1.967045e-08)
v=MyM5G7fo7Gg__#00-06-00_00-09-00_label_A.mp4|0.4406386|(2,4001,0.4406386,322,4322,0.2761119)
Before.Sunrise.1995__#01-36-45_01-38-10_label_A.mp4|0.003863402|(1,2040,0.003863402)
v=ErOcW_CSOyQ__#1_label_A.mp4|0.0001781792|(5,4001,3.9150847e-05,4000,8001,2.9290639e-05,8000,12001,0.0001781792,12000,16001,2.8893572e-07,13477,17477,7.166216e-06)
v=9eME1y6V-T4__#01-06-00_01-12-00_label_A.mp4|0.0025813177|(3,4001,0.0006744026,4000,8001,0.0008906018,4642,8642,0.0025813177)
God.Bless.America.2011__#01-23-13_01-25-31_label_A.mp4|0.007792992|(1,3313,0.007792992)
v=pCyCi-q4MqY__#1_label_A.mp4|0.0010162977|(2,4001,0.00017184201,714,4714,0.0010162977)
v=Hd_2Y29_FLU__#1_label_A.mp4|2.0485345e-06|(1,3272,2.0485345e-06)
GoldenEye.1995__#01-33-40_01-34-30_label_A.mp4|1.7264205e-06|(1,1201,1.7264205e-06)
v=a0TQkX_zLt0__#1_label_A.mp4|0.31436303|(3,4001,0.0005651316,4000,8001,0.0005041117,7764,11764,0.31436303)
Be.with.You.2018__#00-16-18_00-18-09_label_A.mp4|0.01839682|(1,2665,0.01839682)
v=NeAC-MfTZzU__#00-15-00_00-18-00_label_A.mp4|9.715052e-06|(2,4001,9.715052e-06,322,4322,1.8731928e-06)
About.Time.2013__#00-23-50_00-24-31_label_A.mp4|2.5840675e-06|(1,985,2.5840675e-06)
v=QUlWIIHMIEQ__#1_label_A.mp4|0.9999739|(1,1106,0.9999739)
A.Beautiful.Mind.2001__#01-14-30_01-16-59_label_A.mp4|2.1011679e-10|(1,3577,2.1011679e-10)
Flipped.2010__#01-07-30_01-09-51_label_A.mp4|7.706362e-06|(1,3384,7.706362e-06)
v=I7oSupyExVY__#1_label_A.mp4|0.9997936|(2,4001,0.0019346459,825,4825,0.9997936)
v=8SC55pYljMM__#1_label_A.mp4|0.058963355|(2,4001,0.058963355,324,4324,0.041822724)
Kingsman.The.Golden.Circle.2017__#00-44-52_00-46-20_label_A.mp4|1.7281615e-06|(1,2113,1.7281615e-06)
v=vFPQ_NiDBIU__#02-42-00_02-48-00_label_A.mp4|4.047663e-08|(3,4001,4.047663e-08,4000,8001,1.0838762e-11,4640,8640,1.1462712e-12)
v=lVJVRywgmYM__#1_label_A.mp4|0.42461082|(2,4001,0.42461082,1937,5937,0.26156873)
v=KERh4R2BbS0__#1_label_A.mp4|0.004329929|(6,4001,0.004329929,4000,8001,6.7140622e-06,8000,12001,7.2859148e-06,12000,16001,1.9366007e-06,16000,20001,1.1160676e-05,16652,20652,4.9070146e-05)
v=Yr41_8QOTF8__#00-09-00_00-12-00_label_A.mp4|2.4717684e-07|(2,4001,2.4717684e-07,321,4321,1.1644197e-07)
v=rmDBn5Rpd3s__#1_label_A.mp4|0.29869816|(1,707,0.29869816)
v=9eME1y6V-T4__#00-42-00_00-48-00_label_A.mp4|0.13761538|(3,4001,0.00024232731,4000,8001,0.006502267,4642,8642,0.13761538)
v=vFPQ_NiDBIU__#01-00-00_01-06-00_label_A.mp4|0.00015947825|(3,4001,0.00015947825,4000,8001,6.488398e-07,4640,8640,9.980081e-05)
v=GnN9VTh_s2A__#1_label_A.mp4|0.06874942|(1,683,0.06874942)
v=ajnl7P9bf78__#1_label_A.mp4|0.9998909|(1,1624,0.9998909)
Fury.2014__#01-13-32_01-14-43_label_A.mp4|1.2101242e-06|(1,1705,1.2101242e-06)
Desperado.1995__#01-22-10_01-23-17_label_A.mp4|1.4102641e-06|(1,1609,1.4102641e-06)
v=5l-nbDl0qvg__#1_label_A.mp4|0.032203097|(4,4001,1.9601396e-07,4000,8001,0.0002947817,8000,12001,0.0028411206,9124,13124,0.032203097)
Before.Sunrise.1995__#00-23-50_00-24-31_label_A.mp4|0.9276388|(1,985,0.9276388)
The.Notebook.2004__#00-20-35_00-23-06_label_A.mp4|7.1348084e-05|(1,3625,7.1348084e-05)
v=SdYFFo_tsfk__#00-00-00_00-06-00_label_A.mp4|8.03671e-05|(3,4001,2.6212003e-08,4000,8001,1.7628447e-05,4642,8642,8.03671e-05)
From.Dusk.Till.Dawn.1996__#00-31-52_00-34-21_label_A.mp4|0.00011924317|(1,3576,0.00011924317)
About.Time.2013__#00-30-50_00-32-31_label_A.mp4|0.118406326|(1,2425,0.118406326)
The.Secret.Life.of.Walter.Mitty.2013__#00-36-52_00-41-00_label_A.mp4|5.678204e-06|(2,4001,1.2243574e-10,1953,5953,5.678204e-06)
v=plhVMWR33go__#1_label_A.mp4|0.0024274844|(3,4001,0.00052338943,4000,8001,0.00024263201,4047,8047,0.0024274844)
v=t_TZYpT6xjY__#1_label_A.mp4|0.0031696635|(2,4001,3.429716e-05,741,4741,0.0031696635)
The.Notebook.2004__#00-11-00_00-15-08_label_A.mp4|0.0007252728|(2,4001,0.0007252728,1954,5954,3.163506e-07)
v=lyZxvgPD4gM__#1_label_A.mp4|0.25324667|(2,4001,0.25324667,1529,5529,0.063187875)
v=ZpWR_YZNZTM__#1_label_A.mp4|2.7946503e-06|(1,3437,2.7946503e-06)
Taken.2.UNRATED.EXTENDED.2012__#00-17-08_00-17-30_label_A.mp4|0.031027956|(1,529,0.031027956)
Before.Sunrise.1995__#00-42-52_00-45-31_label_A.mp4|1.1515256e-07|(1,3817,1.1515256e-07)
Still.Walking.2008__#01-02-18_01-03-10_label_A.mp4|1.5775555e-07|(1,1249,1.5775555e-07)
Love.Me.If.You.Dare.2003__#01-04-40_01-06-59_label_A.mp4|1.2655262e-07|(1,3338,1.2655262e-07)
Fast.Furious.6.2013__#01-37-00_01-38-05_label_A.mp4|6.1847345e-08|(1,1561,6.1847345e-08)
v=H9Y5_X1sEEA__#00-03-00_00-06-00_label_A.mp4|0.00013004409|(2,4001,0.00013004409,322,4322,9.77428e-05)
Deadpool.2.2018__#0-02-35_0-03-12_label_A.mp4|0.8569323|(1,890,0.8569323)
v=fkps18H3SXY__#00-54-00_01-00-00_label_A.mp4|0.09902301|(3,4001,0.0002013504,4000,8001,0.0025427793,4642,8642,0.09902301)
v=vFPQ_NiDBIU__#01-48-00_01-54-00_label_A.mp4|2.7920983e-06|(3,4001,1.0326231e-08,4000,8001,2.7920983e-06,4640,8640,1.3158416e-06)
v=jAvOGTD7_pU__#00-12-00_00-15-00_label_A.mp4|0.01581313|(2,4001,0.013158123,322,4322,0.01581313)
Be.with.You.2018__#00-23-50_00-24-31_label_A.mp4|0.000584702|(1,985,0.000584702)
Before.Sunset.2004__#01-14-30_01-16-51_label_A.mp4|5.899112e-07|(1,3385,5.899112e-07)
Before.Sunrise.1995__#00-04-20_00-05-35_label_A.mp4|1.3175089e-09|(1,1801,1.3175089e-09)
v=7smETZfN0XA__#1_label_A.mp4|0.346384|(1,3020,0.346384)
v=9eME1y6V-T4__#01-00-00_01-06-00_label_A.mp4|0.013206002|(3,4001,1.09184575e-05,4000,8001,0.013206002,4642,8642,0.00025469324)
Skyfall.2012__#02-14-50_02-16-25_label_A.mp4|1.0206598e-05|(1,2281,1.0206598e-05)
The.Bourne.Identity.2002__#01-09-16_01-11-16_label_A.mp4|2.8456245e-05|(1,2882,2.8456245e-05)
Be.with.You.2018__#01-14-30_01-16-59_label_A.mp4|3.0027212e-09|(1,3577,3.0027212e-09)
v=6cvZOGzfqWU__#1_label_A.mp4|0.00010496843|(2,4001,8.654199e-06,1594,5594,0.00010496843)
v=Yr41_8QOTF8__#00-21-00_00-24-00_label_A.mp4|8.364183e-06|(2,4001,8.364183e-06,321,4321,7.2001108e-06)
v=qV4YYnXdQCc__#00-03-00_00-06-00_label_A.mp4|2.0264803e-08|(2,4001,2.0264803e-08,322,4322,3.2165501e-09)
Spectre.2015__#01-17-22_01-18-53_label_A.mp4|1.0393395e-08|(1,2184,1.0393395e-08)
v=JzrpCC7XmyE__#00-06-00_00-12-00_label_A.mp4|6.81705e-05|(3,4001,1.1177788e-07,4000,8001,1.6722091e-05,4642,8642,6.81705e-05)
v=g4FnGZ5MAdo__#1_label_A.mp4|0.9671487|(2,4001,0.42672682,958,4958,0.9671487)
The.Pursuit.of.Happyness.2006__#00-30-50_00-32-31_label_A.mp4|0.6032152|(1,2425,0.6032152)
v=rJgg00ic1G8__#1_label_A.mp4|0.017468335|(2,4001,0.011396298,1651,5651,0.017468335)
v=qhUItxoTrmg__#1_label_A.mp4|0.00020908754|(2,4001,0.00020908754,571,4571,5.249445e-06)
v=1202rYvw7go__#1_label_A.mp4|0.106827095|(1,3951,0.106827095)
Be.with.You.2018__#00-04-20_00-05-35_label_A.mp4|0.9858596|(1,1801,0.9858596)
The.Hurt.Locker.2008__#0-29-25_0-30-15_label_A.mp4|4.1034568e-07|(1,1200,4.1034568e-07)
wangted.2008__#0-27-17_0-28-07_label_A.mp4|0.9999925|(1,1200,0.9999925)
Mission.Impossible.II.2000__#00-24-30_00-30-10_label_A.mp4|0.018377954|(3,4001,2.3062324e-07,4000,8001,0.008346893,4160,8160,0.018377954)
v=H9Y5_X1sEEA__#00-36-00_00-39-00_label_A.mp4|0.006361406|(2,4001,0.006361406,323,4323,0.0005839908)
v=q2SP66Jb6Cw__#00-00-00_00-06-00_label_A.mp4|0.006178641|(3,4001,0.006178641,4000,8001,0.0015669388,4642,8642,0.003158476)
Love.Death.and.Robots.S01E02__#00-03-15_00-04-20_label_A.mp4|0.072138056|(1,1560,0.072138056)
v=Q8b0XbtpFsA__#1_label_A.mp4|0.88385874|(2,4001,0.88385874,633,4633,0.19246435)
v=3ZVcLOjwOMk__#1_label_A.mp4|0.00073776237|(1,1885,0.00073776237)
Still.Walking.2008__#00-16-18_00-17-27_label_A.mp4|2.684917e-07|(1,1657,2.684917e-07)
v=f6j3YWgVBto__#00-01-50_00-02-30_label_A.mp4|2.4413615e-05|(1,960,2.4413615e-05)
Casino.Royale.2006__#00-28-10_00-30-10_label_A.mp4|0.011511909|(1,2881,0.011511909)
God.Bless.America.2011__#00-58-09_01-04-00_label_A.mp4|1.7210284e-07|(3,4001,4.364887e-08,4000,8001,2.736854e-08,4425,8425,1.7210284e-07)
v=gxrLosPS27c__#1_label_A.mp4|7.085827e-05|(1,2219,7.085827e-05)
v=vFPQ_NiDBIU__#00-42-00_00-48-00_label_A.mp4|1.2188793e-05|(3,4001,1.2188793e-05,4000,8001,4.6240098e-07,4640,8640,2.4396883e-08)
v=L2Qs4KyW-Co__#1_label_A.mp4|0.00620824|(2,4001,0.0017895637,426,4426,0.00620824)
Flipped.2010__#00-42-52_00-45-31_label_A.mp4|4.5308566e-06|(1,3817,4.5308566e-06)
Still.Walking.2008__#00-51-55_00-55-16_label_A.mp4|0.0033366138|(2,4001,0.0033366138,826,4826,4.3746717e-05)
v=DdIA1Owbcdc__#1_label_A.mp4|0.2013781|(1,1064,0.2013781)
v=KEh6EOQvQO0__#1_label_A.mp4|0.4351374|(1,3183,0.4351374)
The.Secret.Life.of.Walter.Mitty.2013__#01-01-20_01-04-00_label_A.mp4|0.5504112|(1,3841,0.5504112)
Young.And.Dangerous.III.1996__#00-15-52_00-17-00_label_A.mp4|0.00014720505|(1,1634,0.00014720505)
Ip.Man.2008__#00-40-25_00-40-45_label_A.mp4|0.96941984|(1,481,0.96941984)
Kill.Bill.Vol.1.2003__#01-08-15_01-09-15_label_A.mp4|0.36010417|(1,1441,0.36010417)
v=Wc2QW06H48M__#1_label_A.mp4|0.09681411|(1,1554,0.09681411)
v=JzrpCC7XmyE__#01-06-00_01-12-00_label_A.mp4|6.947227e-05|(3,4001,2.824698e-06,4000,8001,5.385771e-05,4642,8642,6.947227e-05)
Kingsman.The.Golden.Circle.2017__#02-09-30_02-10-45_label_A.mp4|0.00017862454|(1,1801,0.00017862454)
Spectre.2015__#00-16-41_00-18-55_label_A.mp4|2.4445519e-11|(1,3216,2.4445519e-11)
v=0LEefpIPBHA__#1_label_A.mp4|0.27483553|(1,1142,0.27483553)
Bad.Boys.II.2003__#01-11-16_01-14-00_label_A.mp4|8.940899e-06|(1,3937,8.940899e-06)
v=tlFJIG9mTGQ__#00-15-00_00-18-36_label_A.mp4|0.00058984203|(2,4001,1.870283e-05,1187,5187,0.00058984203)
The.Hurt.Locker.2008__#0-45-39_0-47-06_label_A.mp4|0.612476|(1,2089,0.612476)
v=GrHfWKeTDEI__#1_label_A.mp4|4.28029e-06|(2,4001,4.28029e-06,1066,5066,2.3138423e-06)
Salt.2010__#00-13-45_00-16-10_label_A.mp4|2.2321553e-10|(1,3481,2.2321553e-10)
v=cvEJ5WFk2KE__#00-06-00_00-09-00_label_A.mp4|7.2208854e-06|(2,4001,7.2208854e-06,321,4321,6.51443e-06)
v=tI7fktKY6OU__#1_label_A.mp4|0.06586997|(4,4001,0.06586997,4000,8001,0.00031659112,8000,12001,0.0001055973,10916,14916,5.606358e-05)
v=NbNFfnVSIn8__#1_label_A.mp4|0.18787067|(2,4001,0.12613171,592,4592,0.18787067)
v=2JJ9d97sd64__#1_label_A.mp4|0.6550202|(1,3140,0.6550202)
v=S1meRf5BsEw__#1_label_A.mp4|0.00019151274|(2,4001,0.00019151274,104,4104,0.00011306832)
The.Secret.Life.of.Walter.Mitty.2013__#00-08-55_00-10-50_label_A.mp4|8.5688913e-07|(1,2762,8.5688913e-07)
v=0vVOXlgHC1U__#00-48-00_00-54-00_label_A.mp4|0.8921864|(3,4001,0.43409923,4000,8001,0.32054,4642,8642,0.8921864)
v=tlFJIG9mTGQ__#00-12-00_00-15-00_label_A.mp4|2.6134578e-05|(2,4001,2.6134578e-05,322,4322,5.7003194e-06)
Operation.Red.Sea.2018__#0-45-54_0-46-33_label_A.mp4|2.6534067e-06|(1,936,2.6534067e-06)
Fast.Five.2011__#01-59-16_02-01-12_label_A.mp4|0.0004656115|(1,2785,0.0004656115)
Yellow.Sea.2010__#00-10-16_00-11-14_label_A.mp4|0.0030867264|(1,1393,0.0030867264)
v=vHnAmx0UYbM__#1_label_A.mp4|0.96604496|(6,4001,0.96604496,4000,8001,1.0286992e-05,8000,12001,0.0029482348,12000,16001,0.00011024672,16000,20001,2.470701e-07,16045,20045,1.11598524e-07)
Shoot.Em.Up.2007__#00-25-50_00-27-10_label_A.mp4|0.037145063|(1,1921,0.037145063)
Bad.Boys.1995__#00-10-00_00-11-52_label_A.mp4|0.00012475993|(1,2689,0.00012475993)
Love.Actually.2003__#01-39-05_01-46-40_label_A.mp4|8.610707e-06|(3,4001,8.255778e-06,4000,8001,4.3134905e-06,6921,10921,8.610707e-06)
Bullet.in.the.Head.1990__#01-58-25_01-59-30_label_A.mp4|0.0026829191|(1,1561,0.0026829191)
v=W5qLlC9il3s__#1_label_A.mp4|0.46889037|(1,1385,0.46889037)
The.Notebook.2004__#01-30-25_01-33-56_label_A.mp4|9.605832e-07|(2,4001,1.598645e-07,1065,5065,9.605832e-07)
About.Time.2013__#00-40-52_00-42-31_label_A.mp4|1.9642885e-09|(1,2377,1.9642885e-09)
Law.Abiding.Citizen.2009__#00-00-35_00-01-31_label_A.mp4|0.000269294|(1,1345,0.000269294)
v=HTEyaXBPf9U__#1_label_A.mp4|0.0001434611|(2,4001,1.8338522e-05,1120,5120,0.0001434611)
The.Notebook.2004__#00-25-20_00-29-20_label_A.mp4|1.0771349e-07|(2,4001,1.0771349e-07,1761,5761,5.3497247e-09)
v=AqFWYZsOgWY__#00-21-00_00-24-00_label_A.mp4|2.0545804e-05|(2,4001,9.280938e-06,322,4322,2.0545804e-05)
The.Bourne.Identity.2002__#0-29-16_0-32-00_label_A.mp4|1.8444665e-06|(1,3937,1.8444665e-06)
v=9eME1y6V-T4__#01-18-00_01-24-00_label_A.mp4|0.0001347266|(3,4001,4.96433e-07,4000,8001,5.654871e-05,4642,8642,0.0001347266)
IP.Man.2.2010__#00-02-50_00-06-45_label_A.mp4|9.681494e-07|(2,4001,6.9519e-07,1640,5640,9.681494e-07)
Rush.Hour.3.2007.BluRay__#01-00-40_01-04-00_label_A.mp4|4.37821e-09|(2,4001,4.37821e-09,801,4801,2.0916592e-10)
v=_Hn2Xlt-IWU__#1_label_A.mp4|4.353009e-06|(1,3943,4.353009e-06)
v=uyvM-vq5DwA__#1_label_A.mp4|2.4360788e-06|(2,4001,2.4360788e-06,788,4788,2.1447549e-07)
Love.Death.and.Robots.S01E04__#00-14-28_00-15-27_label_A.mp4|3.2941683e-05|(1,1416,3.2941683e-05)
v=hdy5kZ5dwj8__#1_label_A.mp4|7.4164386e-10|(2,4001,2.8614797e-10,674,4674,7.4164386e-10)
Love.Actually.2003__#01-17-00_01-19-40_label_A.mp4|0.00041273615|(1,3842,0.00041273615)
v=fkps18H3SXY__#00-00-00_00-06-00_label_A.mp4|0.14949633|(3,4001,0.14949633,4000,8001,1.7530054e-05,4642,8642,0.0007343797)
v=3MUqt3OkxIo__#1_label_A.mp4|6.232608e-05|(1,2500,6.232608e-05)
v=p2ggHwtb-Zg__#00-24-00_00-27-00_label_A.mp4|1.4960522e-05|(2,4001,1.4960522e-05,322,4322,9.7071525e-06)
v=eAgqJnO3kr8__#00-06-00_00-12-00_label_A.mp4|1.8343893e-09|(3,4001,2.4702101e-10,4000,8001,1.8343893e-09,4642,8642,5.7818916e-10)
v=vQ9AwVrM9pU__#1_label_A.mp4|0.07781325|(1,3138,0.07781325)
v=Wp6gzFUaci8__#1_label_A.mp4|0.068372704|(1,2780,0.068372704)
Brick.Mansions.2014__#00-08-37_00-10-04_label_A.mp4|0.99395627|(1,2088,0.99395627)
v=VRn8Tc02TbU__#00-18-00_00-21-00_label_A.mp4|3.2532716e-06|(2,4001,1.1759734e-07,322,4322,3.2532716e-06)
Young.And.Dangerous.IV.1997__#0-10-35_0-11-50_label_A.mp4|3.9319144e-05|(1,1801,3.9319144e-05)
Sin.City.2005__#01-43-21_01-44-21_label_A.mp4|1.2501398e-05|(1,1441,1.2501398e-05)
Salt.2010__#01-16-00_01-16-50_label_A.mp4|3.7562081e-06|(1,1201,3.7562081e-06)
v=X60PecZRLGE__#1_label_A.mp4|1.7160675e-06|(1,2644,1.7160675e-06)
v=p2ggHwtb-Zg__#00-21-00_00-24-00_label_A.mp4|8.4262065e-05|(2,4001,1.0654696e-05,323,4323,8.4262065e-05)
v=QBfO3qfo7zg__#1_label_A.mp4|0.981487|(2,4001,0.9705513,661,4661,0.981487)
Kill.Bill.Vol.1.2003__#00-21-42_00-22-42_label_A.mp4|0.00012705007|(1,1441,0.00012705007)
GoldenEye.1995__#01-02-11_01-03-43_label_A.mp4|4.281992e-11|(1,2209,4.281992e-11)
v=9eME1y6V-T4__#01-36-00_01-42-00_label_A.mp4|0.75523996|(3,4001,5.251868e-05,4000,8001,0.75523996,4642,8642,0.050393995)
The.Pursuit.of.Happyness.2006__#01-34-18_01-38-11_label_A.mp4|0.39481562|(2,4001,0.006485832,1593,5593,0.39481562)
v=5AlAh8J3WqE__#1_label_A.mp4|0.53366905|(3,4001,0.008506266,4000,8001,0.0014420727,6885,10885,0.53366905)
Taken.3.2014__#00-36-03_00-36-48_label_A.mp4|0.1852169|(1,1081,0.1852169)
Your.Name.2016__#00-05-52_00-08-22_label_A.mp4|0.13366234|(1,3601,0.13366234)
v=mfFYGFJhBI4__#1_label_A.mp4|0.0051948433|(1,255,0.0051948433)
v=H9Y5_X1sEEA__#00-30-00_00-33-00_label_A.mp4|0.005361785|(2,4001,0.005361785,323,4323,0.00083737075)
Love.Actually.2003__#01-34-18_01-38-11_label_A.mp4|2.8926328e-05|(2,4001,2.8926328e-05,1593,5593,3.383537e-07)
v=VcsJf1q9QX8__#1_label_A.mp4|0.57326037|(1,2560,0.57326037)
The.Secret.Life.of.Walter.Mitty.2013__#01-23-00_01-29-08_label_A.mp4|0.008244924|(3,4001,0.008244924,4000,8001,4.6581164e-07,4833,8833,1.01191326e-07)
The.Bourne.Supremacy.2004__#01-34-52_01-35-50_label_A.mp4|0.00019708165|(1,1393,0.00019708165)
Quantum.Of.Solace.2008__#00-47-29_00-50-52_label_A.mp4|4.0161567e-08|(2,4001,4.0161567e-08,873,4873,2.1618305e-09)
v=es97CGK_5XQ__#1_label_A.mp4|8.649033e-05|(1,1633,8.649033e-05)
v=y7vIfdKwHDk__#1_label_A.mp4|8.607192e-06|(2,4001,4.825048e-06,182,4182,8.607192e-06)
v=NjI-AuzKgMc__#1_label_A.mp4|7.151912e-09|(1,2836,7.151912e-09)
Salt.2010__#00-02-10_00-03-57_label_A.mp4|0.026049536|(1,2569,0.026049536)
The.Bourne.Supremacy.2004__#0-58-18_01-00-58_label_A.mp4|0.93682015|(1,3842,0.93682015)
Shoplifters.2018__#00-17-30_00-19-10_label_A.mp4|1.1642575e-07|(1,2401,1.1642575e-07)
Mission.Impossible.Ghost.Protocol.2011__#01-07-24_01-09-09_label_A.mp4|3.240954e-10|(1,2521,3.240954e-10)
v=EToznHwS0OA__#1_label_A.mp4|0.0012679489|(1,3730,0.0012679489)
Before.Sunset.2004__#00-23-50_00-24-31_label_A.mp4|0.00038887118|(1,985,0.00038887118)
Ip.Man.2008__#01-04-27_01-06-22_label_A.mp4|3.2616586e-05|(1,2761,3.2616586e-05)
A.Beautiful.Mind.2001__#00-40-52_00-42-01_label_A.mp4|0.3126984|(1,1657,0.3126984)
IP.Man.2.2010__#00-54-00_00-57-12_label_A.mp4|1.0089007e-06|(2,4001,4.5651567e-09,608,4608,1.0089007e-06)
The.Bourne.Identity.2002__#0-57-11_0-58-45_label_A.mp4|6.457151e-05|(1,2257,6.457151e-05)
Love.Actually.2003__#00-51-55_00-55-16_label_A.mp4|0.009599623|(2,4001,1.4745604e-05,826,4826,0.009599623)
The.Attorney.2013__#00-47-00_00-49-30_label_A.mp4|2.7130276e-09|(1,3601,2.7130276e-09)
v=3lSHv_DUbJs__#1_label_A.mp4|0.0042954134|(1,3566,0.0042954134)
v=QiLNvC7CIuY__#1_label_A.mp4|0.8626595|(1,1161,0.8626595)
v=ODGDLQ0TT3M__#1_label_A.mp4|0.9734865|(1,2138,0.9734865)
Thelma...Louise.1991__#01-53-54_01-54-50_label_A.mp4|1.7036665e-07|(1,1345,1.7036665e-07)
v=usAvzbDq6-c__#00-21-00_00-24-00_label_A.mp4|0.76977575|(2,4001,0.76977575,322,4322,0.0076320046)
The.Notebook.2004__#01-52-20_01-58-00_label_A.mp4|2.5172025e-07|(3,4001,9.8117105e-12,4000,8001,4.4681936e-08,4161,8161,2.5172025e-07)
Bullet.in.the.Head.1990__#00-25-11_00-26-15_label_A.mp4|0.29839933|(1,1537,0.29839933)
v=yviKz5J-pEA__#1_label_A.mp4|0.0071131466|(1,3731,0.0071131466)
v=QozLwYYVotY__#1_label_A.mp4|0.0005319481|(1,3254,0.0005319481)
Before.Sunrise.1995__#00-03-00_00-04-05_label_A.mp4|0.00060781057|(1,1561,0.00060781057)
v=aBsrZKrRtqU__#1_label_A.mp4|0.001163633|(1,1235,0.001163633)
v=eAgqJnO3kr8__#00-48-00_00-54-00_label_A.mp4|2.7267767e-08|(3,4001,3.97924e-10,4000,8001,9.1352953e-10,4642,8642,2.7267767e-08)
Lord.of.War__#00-59-20_01-00-35_label_A.mp4|3.347335e-06|(1,1801,3.347335e-06)
The.Intouchables.2011__#00-58-18_01-02-30_label_A.mp4|6.986751e-05|(2,4001,9.076016e-06,2049,6049,6.986751e-05)
Operation.Red.Sea.2018__#0-12-26_0-13-36_label_A.mp4|9.060599e-08|(1,1680,9.060599e-08)
The.Intouchables.2011__#00-04-20_00-05-35_label_A.mp4|7.275076e-05|(1,1801,7.275076e-05)
v=Ehh8ZdIMMj4__#1_label_A.mp4|0.42196548|(1,2708,0.42196548)
The.Notebook.2004__#00-08-55_00-10-50_label_A.mp4|6.2007434e-06|(1,2762,6.2007434e-06)
Flipped.2010__#00-08-55_00-10-50_label_A.mp4|7.790973e-06|(1,2762,7.790973e-06)
v=vsI_pKNcgeQ__#00-15-00_00-18-00_label_A.mp4|0.00019643195|(2,4001,0.00019643195,322,4322,6.6821136e-05)
v=ldnLxTablA8__#1_label_A.mp4|0.006875278|(1,2300,0.006875278)
Love.Actually.2003__#01-04-40_01-06-59_label_A.mp4|1.41664e-06|(1,3336,1.41664e-06)
GoldenEye.1995__#00-56-11_00-56-51_label_A.mp4|0.0007690261|(1,962,0.0007690261)
v=AqFWYZsOgWY__#00-33-00_00-36-00_label_A.mp4|0.012120792|(2,4001,0.004845973,322,4322,0.012120792)
v=MyM5G7fo7Gg__#00-18-00_00-21-00_label_A.mp4|0.8784752|(2,4001,0.8784752,323,4323,0.86770487)
One.Day.2011__#01-02-50_01-07-05_label_A.mp4|4.3549484e-09|(2,4001,1.1985574e-10,2121,6121,4.3549484e-09)
Death.Proof.2007__#00-02-04_00-05-00_label_A.mp4|0.5642405|(2,4001,0.34676677,225,4225,0.5642405)
Fast.Furious.2009__#01-08-33_01-10-18_label_A.mp4|9.100567e-05|(1,2521,9.100567e-05)
A.Beautiful.Mind.2001__#00-25-20_00-29-20_label_A.mp4|1.7137554e-05|(2,4001,1.7137554e-05,1761,5761,1.8299488e-06)
Tropa.de.Elite.2.2010__#01-30-51_01-32-30_label_A.mp4|0.037260216|(1,2377,0.037260216)
v=EeUTpfyb0qo__#1_label_A.mp4|0.003219531|(5,4001,0.003219531,4000,8001,0.00018286862,8000,12001,2.57785e-07,12000,16001,1.546758e-05,14143,18143,6.471681e-05)
v=HksDvkX6Bjk__#1_label_A.mp4|0.33083522|(4,4001,3.8819487e-10,4000,8001,0.33083522,8000,12001,5.217987e-07,11435,15435,1.1864577e-09)
Before.Sunrise.1995__#00-40-52_00-42-01_label_A.mp4|2.9444372e-08|(1,1657,2.9444372e-08)
v=9FxmNOXF25Q__#1_label_A.mp4|4.094582e-06|(2,4001,2.4488666e-06,120,4120,4.094582e-06)
Your.Name.2016__#01-01-20_01-04-00_label_A.mp4|0.83645374|(1,3841,0.83645374)
Black.Hawk.Down.2001__#00-06-44_00-07-39_label_A.mp4|1.2634063e-05|(1,1321,1.2634063e-05)
v=SmFpAAHmoII__#1_label_A.mp4|0.021203142|(1,3951,0.021203142)
Election.2005__#00-03-35_00-05-05_label_A.mp4|4.0997467e-05|(1,2160,4.0997467e-05)
v=H12BVHrNiXs__#1_label_A.mp4|6.3755965e-07|(2,4001,1.1532423e-07,787,4787,6.3755965e-07)
v=Oh6FDdpH08A__#1_label_A.mp4|0.05085443|(1,3344,0.05085443)
v=RarYGpz-blM__#1_label_A.mp4|6.264499e-05|(1,3384,6.264499e-05)
The.Pursuit.of.Happyness.2006__#00-17-30_00-19-10_label_A.mp4|0.0016752428|(1,2401,0.0016752428)
Young.And.Dangerous.II.1996__#0-53-25_0-54-20_label_A.mp4|1.9050061e-06|(1,1322,1.9050061e-06)
v=1EvRIhdsX1s__#1_label_A.mp4|0.9799831|(1,862,0.9799831)
Black.Hawk.Down.2001__#01-36-44_01-37-33_label_A.mp4|0.9999342|(1,1176,0.9999342)
City.of.God.2002__#00-33-10_00-34-50_label_A.mp4|0.0011193745|(1,2401,0.0011193745)
v=g7fnNf88IOc__#1_label_A.mp4|4.9359627e-08|(1,3635,4.9359627e-08)
Ip.Man.2008__#00-02-56_00-05-24_label_A.mp4|4.4042916e-09|(1,3553,4.4042916e-09)
v=hgoGZZSMhMQ__#1_label_A.mp4|0.27044407|(1,159,0.27044407)
Mission.Impossible.II.2000__#00-11-37_00-15-46_label_A.mp4|0.7766094|(1,693,0.7766094)
Kill.Bill.Vol.2.2004__#01-03-13_01-04-13_label_A.mp4|0.08615251|(1,1441,0.08615251)
v=Pf7WtK-YPDA__#1_label_A.mp4|0.99994457|(1,1954,0.99994457)
Mission.Impossible.Ghost.Protocol.2011__#01-24-59_01-28-30_label_A.mp4|8.470542e-08|(2,4001,8.470542e-08,1064,5064,8.0399715e-10)
v=0vVOXlgHC1U__#00-12-00_00-18-00_label_A.mp4|0.5377394|(3,4001,0.5377394,4000,8001,0.13625981,4642,8642,0.015673276)
Hear.Me.2009__#00-30-50_00-32-31_label_A.mp4|7.48531e-09|(1,2425,7.48531e-09)
v=H9Y5_X1sEEA__#00-45-00_00-48-00_label_A.mp4|0.00021328515|(2,4001,0.00021328515,323,4323,6.154863e-05)
A.Beautiful.Mind.2001__#00-50-26_00-55-16_label_A.mp4|1.2907857e-07|(2,4001,2.1963892e-13,2962,6962,1.2907857e-07)
v=9qxJ6bznkNI__#1_label_A.mp4|1.5427672e-06|(2,4001,1.5427672e-06,1454,5454,7.2704114e-07)
Flipped.2010__#01-10-30_01-13-51_label_A.mp4|2.8750532e-07|(2,4001,2.8750532e-07,825,4825,7.926387e-09)
v=94zZ9iptP54__#1_label_A.mp4|0.01666179|(1,932,0.01666179)
Love.Me.If.You.Dare.2003__#00-33-52_00-39-00_label_A.mp4|5.7632127e-07|(2,4001,4.463951e-08,3394,7394,5.7632127e-07)
The.Fast.and.the.Furious.2001__#01-38-50_01-39-59_label_A.mp4|1.2548364e-05|(1,1657,1.2548364e-05)
Taken.3.2014__#01-20-10_01-21-30_label_A.mp4|1.7126812e-06|(1,1921,1.7126812e-06)
v=wQrV75N2BrI__#1_label_A.mp4|0.00026996236|(9,4001,4.328556e-06,4000,8001,5.651721e-06,8000,12001,0.00026996236,12000,16001,1.6796594e-06,16000,20001,7.5361735e-05,20000,24001,2.2048687e-06,24000,28001,0.00014857076,28000,32001,1.0470166e-06,29196,33196,1.6715846e-06)
Good.Will.Hunting.1997__#00-08-55_00-10-50_label_A.mp4|0.0007737177|(1,2762,0.0007737177)
v=vp_W8CqtCug__#1_label_A.mp4|0.00015690752|(1,3806,0.00015690752)
The.Fast.and.the.Furious.2001__#00-26-09_00-26-52_label_A.mp4|0.8330123|(1,1033,0.8330123)
v=SdYFFo_tsfk__#00-18-00_00-24-00_label_A.mp4|0.0011627671|(3,4001,2.3832106e-05,4000,8001,0.0011627671,4642,8642,0.0010482825)
v=y7JEq-kf-2I__#00-01-50_00-02-30_label_A.mp4|0.014345004|(1,960,0.014345004)
Mission.Impossible.Ghost.Protocol.2011__#00-49-03_00-51-21_label_A.mp4|7.4906126e-08|(1,3313,7.4906126e-08)
Jason.Bourne.2016__#0-51-37_0-53-20_label_A.mp4|0.015362629|(1,2473,0.015362629)
v=usAvzbDq6-c__#00-18-00_00-21-00_label_A.mp4|0.00020646793|(2,4001,0.00020646793,322,4322,0.00020247356)
v=VGP9qh7U4H0__#1_label_A.mp4|0.0014051079|(2,4001,0.0014051079,1284,5284,3.1066847e-05)
Tropa.de.Elite.2007__#00-10-30_00-12-08_label_A.mp4|1.3383333e-05|(1,2352,1.3383333e-05)
v=n0AhGnEjako__#1_label_A.mp4|0.8950812|(1,2376,0.8950812)
v=5NZxPmTpV6Y__#1_label_A.mp4|0.12528087|(1,2807,0.12528087)
Desperado.1995__#00-19-00_00-20-31_label_A.mp4|0.012966553|(1,2185,0.012966553)
Good.Will.Hunting.1997__#00-58-18_01-02-30_label_A.mp4|0.001016661|(2,4001,7.513618e-09,2049,6049,0.001016661)
v=bU86SW6L7Tc__#1_label_A.mp4|0.31743312|(2,4001,0.31743312,250,4250,0.05809537)
v=VNQ1Vkz_cM4__#1_label_A.mp4|0.55176955|(2,4001,0.55176955,1622,5622,0.293937)
City.Of.Men.2007__#01-36-01_01-37-31_label_A.mp4|0.0029584372|(1,2161,0.0029584372)
v=BL8ppFg7NKI__#1_label_A.mp4|0.22793634|(2,4001,0.22793634,1470,5470,0.0759344)
Young.And.Dangerous.I.1996__#0-55-09_0-56-59_label_A.mp4|5.4896805e-07|(1,2641,5.4896805e-07)
The.Bourne.Ultimatum.2007__#01-32-57_01-33-53_label_A.mp4|0.0006992792|(1,1345,0.0006992792)
v=-tqHsoEoUyY__#1_label_A.mp4|0.9998779|(1,1011,0.9998779)
v=eAgqJnO3kr8__#00-42-00_00-48-00_label_A.mp4|2.950507e-09|(3,4001,1.2711218e-09,4000,8001,2.950507e-09,4642,8642,1.74804e-10)
v=ibYV3e17R5c__#1_label_A.mp4|0.00081493607|(1,3375,0.00081493607)
IP.Man.2.2010__#01-44-00_01-44-42_label_A.mp4|0.00013486|(1,1008,0.00013486)
Tropa.de.Elite.2007__#00-52-33_00-54-35_label_A.mp4|0.03238085|(1,2930,0.03238085)
v=usAvzbDq6-c__#00-03-00_00-06-00_label_A.mp4|0.011041517|(2,4001,0.00029130813,322,4322,0.011041517)
v=smnw0Q7AxFQ__#1_label_A.mp4|1.6761576e-05|(2,4001,1.6761576e-05,3956,7956,8.678695e-06)
Hear.Me.2009__#00-49-48_00-51-12_label_A.mp4|0.06032899|(1,2017,0.06032899)
Saving.Private.Ryan.1998__#02-00-56_02-03-06_label_A.mp4|0.20358607|(1,3121,0.20358607)
Be.with.You.2018__#01-42-06_01-45-53_label_A.mp4|0.00027103754|(2,4001,5.0811873e-06,1449,5449,0.00027103754)
Bullet.in.the.Head.1990__#00-03-59_00-04-40_label_A.mp4|0.51636666|(1,985,0.51636666)
