Mission.Impossible.Fallout.2018__#00-31-21_00-32-50_label_B1-0-0.mp4|0.52417904|(2,2001,0.52417904,136,2136,0.52121705)
v=bhZs3ALdL7Y__#1_label_G-0-0.mp4|0.50031257|(1,81,0.50031257)
Skyfall.2012__#01-55-44_01-56-57_label_B2-G-0.mp4|0.5226595|(1,1753,0.5226595)
v=15wDrZJQpsw__#00-05-20_00-06-20_label_B6-0-0.mp4|0.52432626|(1,1443,0.52432626)
v=gp_D8r-2hwk__#1_label_G-0-0.mp4|0.52581877|(2,2001,0.52581877,551,2551,0.5255277)
Quantum.Of.Solace.2008__#01-19-30_01-20-05_label_B1-0-0.mp4|0.51554346|(1,841,0.51554346)
Saving.Private.Ryan.1998__#02-24-18_02-25-42_label_B1-0-0.mp4|0.51461357|(2,2001,0.514418,17,2017,0.51461357)
Rush.Hour.3.2007.BluRay__#00-34-11_00-35-46_label_B1-0-0.mp4|0.5178889|(2,2001,0.5156687,281,2281,0.5178889)
The.Bourne.Identity.2002__#0-54-45_0-56-25_label_B6-0-0.mp4|0.52075887|(2,2001,0.52075887,401,2401,0.51457876)
Rush.Hour.1998.BluRay__#00-11-05_00-12-10_label_B2-B1-0.mp4|0.5193692|(1,1562,0.5193692)
v=GN-7_ye5k4E__#1_label_G-0-0.mp4|0.52505124|(2,2001,0.52505124,681,2681,0.5248297)
v=b0MUjeKAGZw__#1_label_B4-0-0.mp4|0.52935344|(2,2001,0.52534217,795,2795,0.52935344)
Mission.Impossible.III.2006__#00-56-23_00-56-40_label_G-0-0.mp4|0.53043824|(1,409,0.53043824)
Kingsman.The.Secret.Service.2014__#01-43-40_01-44-50_label_B2-G-0.mp4|0.5236824|(1,1681,0.5236824)
v=m5Ya6z6qroo__#1_label_B4-0-0.mp4|0.5326391|(3,2001,0.53054947,2000,4001,0.5326391,3647,5647,0.52802753)
Rush.Hour.3.2007.BluRay__#01-12-16_01-12-36_label_B1-0-0.mp4|0.5164884|(1,481,0.5164884)
Kingsman.The.Secret.Service.2014__#00-22-10_00-23-10_label_B2-0-0.mp4|0.52140766|(1,1441,0.52140766)
v=5BBoVfKOyeM__#00-08-19_00-10-10_label_B6-0-0.mp4|0.51739544|(2,2001,0.51739544,666,2666,0.51561856)
v=3xWiBCIxjIk__#1_label_B4-0-0.mp4|0.5248357|(2,2001,0.5248357,1748,3748,0.52419084)
Lord.of.War__#00-50-10_00-50-50_label_G-0-0.mp4|0.5135796|(1,961,0.5135796)
v=3WmMhircZOc__#1_label_B4-0-0.mp4|0.53340614|(4,2001,0.524724,2000,4001,0.5320189,4000,6001,0.53334624,4025,6025,0.53340614)
v=DVdXoVUNkhg__#1_label_G-0-0.mp4|0.5190313|(1,1146,0.5190313)
v=1GFBuaGCeTo__#1_label_G-0-0.mp4|0.51776206|(1,1253,0.51776206)
v=hAHXCMRvY_I__#1_label_G-0-0.mp4|0.5309162|(1,486,0.5309162)
v=lpkL0Y1MhA8__#1_label_B4-0-0.mp4|0.53800726|(2,2001,0.53315043,524,2524,0.53800726)
City.of.God.2002__#00-40-16_00-41-30_label_B2-0-0.mp4|0.5303371|(1,1778,0.5303371)
Mission.Impossible.Ghost.Protocol.2011__#01-54-24_01-54-50_label_B1-0-0.mp4|0.52964693|(1,625,0.52964693)
v=AF9p0YA0hyA__#00-03-03_00-04-20_label_B4-0-0.mp4|0.5136567|(1,1850,0.5136567)
v=fQQzg2VfJME__#1_label_B4-0-0.mp4|0.5194482|(1,1348,0.5194482)
v=pFamvR9CpYw__#00-00-00_00-06-36_label_B4-0-0.mp4|0.53553134|(5,2001,0.53553134,2000,4001,0.53389645,4000,6001,0.5296102,6000,8001,0.5323551,7506,9506,0.5283015)
Ip.Man.2008__#01-40-37_01-42-07_label_B4-0-0.mp4|0.5217784|(2,2001,0.5217784,161,2161,0.5175955)
v=lcBUb7EOQ4o__#1_label_G-0-0.mp4|0.5272888|(2,2001,0.5248516,237,2237,0.5272888)
Operation.Red.Sea.2018__#0-25-36_0-26-03_label_G-0-0.mp4|0.5269805|(1,648,0.5269805)
v=q_DhkdHGXos__#1_label_B1-0-0.mp4|0.53071433|(3,2001,0.52766806,2000,4001,0.52334154,2638,4638,0.53071433)
v=7QOdBpDrmKk__#00-01-00_00-02-45_label_B6-0-0.mp4|0.52304566|(2,2001,0.52304566,522,2522,0.52065724)
Mission.Impossible.V.Rogue.Nation.2015__#01-54-23_01-55-10_label_B2-0-0.mp4|0.5237702|(1,1129,0.5237702)
v=xbPWQKZspfU__#1_label_B1-0-0.mp4|0.5365938|(3,2001,0.5356496,2000,4001,0.5293254,3034,5034,0.5365938)
v=nLAapCIlr-o__#00-07-22_00-08-19_label_B6-0-0.mp4|0.5158104|(1,1370,0.5158104)
Kill.Bill.Vol.1.2003__#01-17-20_01-20-20_label_B1-0-0.mp4|0.52190113|(3,2001,0.51340395,2000,4001,0.52190113,2321,4321,0.5194082)
v=Dn_SDu22WpM__#00-08-35_00-10-05_label_B6-0-0.mp4|0.5183143|(2,2001,0.5183143,163,2163,0.5180844)
v=-fOWSLV6Esw__#1_label_B4-0-0.mp4|0.52773136|(1,789,0.52773136)
Election.2005__#00-47-57_00-50-54_label_B5-0-0.mp4|0.5185107|(3,2001,0.5185107,2000,4001,0.51532006,2248,4248,0.5146701)
v=-kwNh1lMU-w__#1_label_B4-0-0.mp4|0.52917796|(3,2001,0.52917796,2000,4001,0.5273792,2081,4081,0.5251334)
v=6nfo9c7a5pE__#1_label_B1-0-0.mp4|0.52704203|(1,1235,0.52704203)
v=SMy2_qNO2Y0__#00-01-50_00-03-13_label_G-0-0.mp4|0.52626777|(1,1994,0.52626777)
v=Qc3pAEeK16A__#1_label_B1-0-0.mp4|0.52894896|(1,1409,0.52894896)
v=9CWJd1SezkA__#1_label_G-0-0.mp4|0.5190544|(1,700,0.5190544)
Tropa.de.Elite.2.2010__#01-33-01_01-33-30_label_B2-0-0.mp4|0.5171046|(1,698,0.5171046)
Mission.Impossible.V.Rogue.Nation.2015__#00-17-27_00-17-55_label_B2-0-0.mp4|0.50845736|(1,673,0.50845736)
v=tP19WuyY3IY__#00-00-00_00-00-51_label_B6-0-0.mp4|0.524649|(1,1226,0.524649)
Operation.Red.Sea.2018__#0-16-06_0-16-46_label_G-0-0.mp4|0.5111314|(1,960,0.5111314)
The.Bourne.Ultimatum.2007__#01-44-02_01-44-11_label_B2-0-0.mp4|0.50180024|(1,217,0.50180024)
Operation.Red.Sea.2018__#0-56-26_0-57-10_label_G-0-0.mp4|0.52949476|(1,1056,0.52949476)
Lord.of.War__#01-41-04_01-41-53_label_B1-0-0.mp4|0.5305953|(1,1177,0.5305953)
v=wVey5JDRf_g__#00-01-30_00-02-41_label_B6-0-0.mp4|0.52742195|(1,1706,0.52742195)
v=1io9Uh54Vhg__#1_label_B4-0-0.mp4|0.53173393|(1,1980,0.53173393)
v=Q6zIX29HkSo__#1_label_B4-0-0.mp4|0.52973616|(2,2001,0.52969694,145,2145,0.52973616)
v=BzwNU2xmT64__#00-04-10_00-06-09_label_B6-0-0.mp4|0.53040147|(2,2001,0.5298822,858,2858,0.53040147)
v=iHuggczItBk__#00-03-00_00-03-55_label_B6-0-0.mp4|0.52004385|(1,1322,0.52004385)
v=nLAapCIlr-o__#00-16-10_00-18-09_label_B6-0-0.mp4|0.5290929|(2,2001,0.5280348,858,2858,0.5290929)
Ip.Man.3.2015__#00-44-45_00-45-08_label_B1-0-0.mp4|0.5235385|(1,552,0.5235385)
Black.Hawk.Down.2001__#01-13-59_01-14-49_label_B2-0-0.mp4|0.53133607|(1,1201,0.53133607)
v=3zgaqeVSXuI__#1_label_B4-0-0.mp4|0.5188481|(1,1953,0.5188481)
Young.And.Dangerous.I.1996__#0-46-57_0-48-57_label_B1-0-0.mp4|0.5224397|(2,2001,0.5224397,881,2881,0.5187699)
v=8tqeeBGjnPg__#00-03-12_00-04-15_label_B6-0-0.mp4|0.52414846|(1,1515,0.52414846)
v=iWfUqxibqG0__#1_label_G-0-0.mp4|0.51558536|(1,631,0.51558536)
v=Ia9ATKNeUbY__#00-04-19_00-05-11_label_B6-0-0.mp4|0.5072751|(1,1250,0.5072751)
v=UK2w9Sh47fM__#1_label_G-0-0.mp4|0.5182949|(1,1198,0.5182949)
Salt.2010__#00-17-40_00-18-16_label_B1-0-0.mp4|0.51916975|(1,865,0.51916975)
v=2Rr21qkZEDQ__#00-03-00_00-04-09_label_B6-0-0.mp4|0.52041996|(1,1658,0.52041996)
Skyfall.2012__#01-20-05_01-20-20_label_B1-B2-0.mp4|0.5229095|(1,361,0.5229095)
Bullet.in.the.Head.1990__#00-41-30_00-44-16_label_B4-G-0.mp4|0.5304281|(2,2001,0.5304281,1986,3986,0.5259087)
v=5Tnl7_8RqlA__#00-11-00_00-12-45_label_B6-0-0.mp4|0.5209125|(2,2001,0.5209125,522,2522,0.5203588)
v=BXR3d22BhHs__#00-06-00_00-07-00_label_B4-0-0.mp4|0.5390289|(1,1443,0.5390289)
The.Fast.and.the.Furious.2001__#00-52-18_00-53-36_label_B1-0-0.mp4|0.5192004|(1,1873,0.5192004)
v=gENp4SyNxkI__#1_label_B1-0-0.mp4|0.52327836|(1,1275,0.52327836)
v=YANmwpkuWRo__#1_label_G-0-0.mp4|0.5067693|(1,1080,0.5067693)
v=96N4XAJ7FKM__#1_label_B1-0-0.mp4|0.5337255|(3,2001,0.5337255,2000,4001,0.53220934,2860,4860,0.5244523)
Mission.Impossible.II.2000__#01-38-25_01-38-41_label_B2-B5-0.mp4|0.5109438|(1,385,0.5109438)
v=15wDrZJQpsw__#00-00-00_00-00-51_label_B6-0-0.mp4|0.5244687|(1,1226,0.5244687)
Skyfall.2012__#01-57-40_01-58-00_label_B2-0-0.mp4|0.5073765|(1,481,0.5073765)
Spectre.2015__#02-15-30_02-16-05_label_G-0-0.mp4|0.51551133|(1,842,0.51551133)
GoldenEye.1995__#00-10-00_00-10-40_label_G-0-0.mp4|0.52204335|(1,961,0.52204335)
v=0yHBkMBE8r4__#1_label_B1-0-0.mp4|0.53886807|(3,2001,0.53798515,2000,4001,0.537029,3162,5162,0.53886807)
Bad.Boys.1995__#01-33-51_01-34-37_label_B2-0-0.mp4|0.51794475|(1,1104,0.51794475)
v=YKtw6uLEGps__#1_label_B4-0-0.mp4|0.5310272|(2,2001,0.52633095,934,2934,0.5310272)
v=cO1UefhG7AY__#1_label_G-0-0.mp4|0.5243342|(3,2001,0.5202956,2000,4001,0.5243342,2574,4574,0.5226524)
v=Lt9M_tSij_4__#00-00-00_00-04-24_label_B6-0-0.mp4|0.52908653|(4,2001,0.52509665,2000,4001,0.52908653,4000,6001,0.52539897,4336,6336,0.5245953)
v=kVl-6-A9ZO4__#00-08-01_00-09-35_label_B6-0-0.mp4|0.5287832|(2,2001,0.5287832,259,2259,0.5261447)
v=X6Tbn8_X-Os__#1_label_B1-0-0.mp4|0.53218716|(3,2001,0.53218716,2000,4001,0.5270988,2899,4899,0.526788)
v=BQjKQbYgUBA__#1_label_B1-0-0.mp4|0.52918065|(2,2001,0.52918065,1423,3423,0.52523535)
Skyfall.2012__#02-08-44_02-09-17_label_B1-0-0.mp4|0.5048362|(1,793,0.5048362)
Deadpool.2016__#0-18-58_0-19-20_label_B1-0-0.mp4|0.5076315|(1,529,0.5076315)
v=zQbnQBCTSiA__#1_label_B1-0-0.mp4|0.52278745|(3,2001,0.52278745,2000,4001,0.5216896,3695,5695,0.52128243)
v=Hnfy9XhlIPM__#1_label_B4-0-0.mp4|0.5244665|(3,2001,0.51231617,2000,4001,0.52187306,2661,4661,0.5244665)
v=ZkUciDD55kA__#00-00-00_00-00-30_label_G-0-0.mp4|0.52344185|(1,722,0.52344185)
v=MqrNCb2N5to__#1_label_B1-0-0.mp4|0.54754245|(2,2001,0.54754245,533,2533,0.5369983)
v=_5Kmb4tqMxs__#1_label_B4-0-0.mp4|0.5329428|(1,1305,0.5329428)
Taken.2.UNRATED.EXTENDED.2012__#01-06-28_01-06-49_label_B2-0-0.mp4|0.523944|(1,505,0.523944)
Mission.Impossible.V.Rogue.Nation.2015__#01-19-48_01-20-20_label_B6-0-0.mp4|0.53376544|(1,770,0.53376544)
Yellow.Sea.2010__#01-04-00_01-04-50_label_B1-0-0.mp4|0.52344865|(1,1200,0.52344865)
v=HSisjzLESak__#00-00-00_00-00-51_label_B6-0-0.mp4|0.52449024|(1,1226,0.52449024)
Operation.Red.Sea.2018__#01-37-22_01-37-36_label_G-B2-0.mp4|0.5303664|(1,336,0.5303664)
Shoot.Em.Up.2007__#00-56-56_00-57-15_label_B2-0-0.mp4|0.5235937|(1,457,0.5235937)
v=jYENhkzdpO8__#00-00-00_00-01-31_label_B6-0-0.mp4|0.5308796|(2,2001,0.5308796,186,2186,0.53016806)
New.Kids.Turbo.2010__#00-50-13_00-50-34_label_B1-0-0.mp4|0.5275619|(1,504,0.5275619)
v=bDm2-1NZBLw__#1_label_B4-0-0.mp4|0.5327495|(2,2001,0.5327495,210,2210,0.5319887)
Bullet.in.the.Head.1990__#00-23-31_00-24-40_label_G-0-0.mp4|0.5223626|(1,1657,0.5223626)
v=ZnFlL84K7HE__#00-27-53_00-34-45_label_B4-0-0.mp4|0.51613885|(5,2001,0.5113966,2000,4001,0.50491095,4000,6001,0.51175463,6000,8001,0.5066058,7890,9890,0.51613885)
City.of.God.2002__#01-24-10_01-25-10_label_B2-0-0.mp4|0.52799106|(1,1441,0.52799106)
v=ICnreR1hxP0__#1_label_B4-0-0.mp4|0.53215575|(3,2001,0.52284545,2000,4001,0.53215575,2328,4328,0.5298802)
v=2al4t5inObA__#1_label_B4-0-0.mp4|0.5340678|(2,2001,0.5340678,1582,3582,0.5271183)
v=3wxWNAM8Cso__#1_label_G-0-0.mp4|0.53339165|(4,2001,0.5274624,2000,4001,0.52373993,4000,6001,0.53339165,4063,6063,0.53164226)
v=pMtu7fOHdII__#1_label_B1-0-0.mp4|0.52602834|(1,1252,0.52602834)
Black.Hawk.Down.2001__#01-42-58_01-43-58_label_G-0-0.mp4|0.52196175|(1,1441,0.52196175)
v=ZoS8gm5OcOM__#00-07-50_00-08-55_label_B6-0-0.mp4|0.5276506|(1,1562,0.5276506)
v=tP19WuyY3IY__#00-06-10_00-07-51_label_B6-0-0.mp4|0.53088194|(2,2001,0.5305534,426,2426,0.53088194)
v=CvMpD1yqfxI__#1_label_G-0-0.mp4|0.5230348|(1,873,0.5230348)
v=-etV57xZ4_I__#1_label_B4-0-0.mp4|0.5428281|(1,265,0.5428281)
Taken.Extended.Cut.2008__#00-50-45_00-51-04_label_B2-B6-0.mp4|0.5179475|(1,456,0.5179475)
v=UzxuX79xq4s__#1_label_B4-0-0.mp4|0.53424406|(3,2001,0.53424406,2000,4001,0.5312464,3286,5286,0.53295106)
v=EH_QB6cm6BE__#1_label_G-0-0.mp4|0.54465044|(1,658,0.54465044)
Salt.2010__#01-12-05_01-12-32_label_B2-G-0.mp4|0.532796|(1,649,0.532796)
v=y1z12D5bx7c__#1_label_B4-0-0.mp4|0.5300663|(3,2001,0.5300663,2000,4001,0.52688855,2850,4850,0.5300213)
v=1q5V6DKH3bw__#1_label_B4-0-0.mp4|0.52432436|(2,2001,0.5233562,1029,3029,0.52432436)
v=v-Plzx73K68__#1_label_B4-0-0.mp4|0.5145169|(1,1016,0.5145169)
Mission.Impossible.Fallout.2018__#02-03-50_02-04-35_label_B1-0-0.mp4|0.5124635|(1,1080,0.5124635)
v=ZCjNPgNu42g__#1_label_B4-0-0.mp4|0.5237997|(2,2001,0.5237997,1483,3483,0.5229323)
v=7QOdBpDrmKk__#00-10-30_00-10-51_label_B6-0-0.mp4|0.51722884|(1,506,0.51722884)
v=OE9t3XImErk__#1_label_B1-0-0.mp4|0.5245247|(1,557,0.5245247)
Sin.City.2005__#0-10-40_0-11-40_label_B2-0-0.mp4|0.5121089|(1,1441,0.5121089)
v=_YobflFU_HU__#00-06-10_00-07-51_label_B6-0-0.mp4|0.51832616|(2,2001,0.51832616,426,2426,0.5179685)
Casino.Royale.2006__#01-17-29_01-17-46_label_B1-0-0.mp4|0.5155908|(1,409,0.5155908)
The.Fast.and.the.Furious.2001__#00-29-00_00-29-52_label_B2-G-0.mp4|0.52758807|(1,1249,0.52758807)
v=2jwO15SMyuo__#1_label_B4-0-0.mp4|0.50872445|(2,2001,0.50872445,376,2376,0.5058132)
Rush.Hour.3.2007.BluRay__#00-40-56_00-41-52_label_B2-0-0.mp4|0.51669014|(1,1345,0.51669014)
v=uQY15O3LKI0__#1_label_B6-0-0.mp4|0.52381885|(2,2001,0.5192556,1970,3970,0.52381885)
v=iegHZ_UWWsA__#00-14-05_00-20-33_label_B4-0-0.mp4|0.5340819|(5,2001,0.51994205,2000,4001,0.51148975,4000,6001,0.52242196,6000,8001,0.52138186,7314,9314,0.5340819)
God.Bless.America.2011__#00-38-25_00-39-37_label_B2-B5-0.mp4|0.51733416|(1,1729,0.51733416)
Bullet.in.the.Head.1990__#01-45-21_01-46-20_label_B2-0-0.mp4|0.51901466|(1,1417,0.51901466)
Taken.2.UNRATED.EXTENDED.2012__#01-00-00_01-00-16_label_B2-0-0.mp4|0.53485316|(1,385,0.53485316)
v=Ia9ATKNeUbY__#00-05-19_00-06-09_label_B6-0-0.mp4|0.513515|(1,1202,0.513515)
v=Q-u3Y9TkZhQ__#1_label_B4-0-0.mp4|0.53296494|(1,1036,0.53296494)
v=uprb6aBzymw__#00-03-03_00-05-13_label_B4-0-0.mp4|0.52415264|(2,2001,0.5207749,1121,3121,0.52415264)
v=cuUK-3MNqtw__#1_label_B1-0-0.mp4|0.5266325|(2,2001,0.5262267,63,2063,0.5266325)
Fast.Five.2011__#00-32-05_00-32-24_label_B1-B2-0.mp4|0.5191875|(1,457,0.5191875)
Kingsman.The.Golden.Circle.2017__#00-35-55_00-36-35_label_B1-0-0.mp4|0.5105442|(1,962,0.5105442)
The.Hurt.Locker.2008__#01-27-42_01-28-09_label_G-0-0.mp4|0.521764|(1,649,0.521764)
Fast.Furious.6.2013__#01-38-33_01-39-20_label_B1-0-0.mp4|0.5122329|(1,1129,0.5122329)
v=u5SF4SlqNDQ__#00-02-39_00-03-41_label_G-0-0.mp4|0.52371335|(1,1491,0.52371335)
Tropa.de.Elite.2.2010__#00-13-41_00-14-56_label_B4-0-0.mp4|0.51600957|(1,1801,0.51600957)
Fast.Five.2011__#00-01-41_00-01-57_label_B6-0-0.mp4|0.5206207|(1,385,0.5206207)
Taken.Extended.Cut.2008__#00-33-51_00-34-03_label_B1-0-0.mp4|0.5202762|(1,289,0.5202762)
Taken.2.UNRATED.EXTENDED.2012__#00-45-50_00-46-20_label_G-0-0.mp4|0.52405673|(1,722,0.52405673)
Shoot.Em.Up.2007__#00-32-40_00-35-10_label_B2-0-0.mp4|0.54016435|(2,2001,0.52763945,1601,3601,0.54016435)
Saving.Private.Ryan.1998__#02-23-00_02-23-28_label_B1-0-0.mp4|0.51958495|(1,673,0.51958495)
The.World.Is.Not.Enough.1999__#00-10-22_00-10-40_label_G-0-0.mp4|0.52417266|(1,433,0.52417266)
Skyfall.2012__#00-06-10_00-06-25_label_B6-0-0.mp4|0.5274251|(1,361,0.5274251)
v=9Ydg5IeZpFI__#1_label_B1-0-0.mp4|0.5413225|(3,2001,0.53830194,2000,4001,0.538971,2621,4621,0.5413225)
Taken.3.2014__#01-19-13_01-19-30_label_B1-0-0.mp4|0.52601546|(1,409,0.52601546)
v=oipd63DGadU__#1_label_B1-0-0.mp4|0.52349305|(1,1398,0.52349305)
Mission.Impossible.III.2006__#00-19-56_00-20-26_label_B2-0-0.mp4|0.5314111|(1,721,0.5314111)
v=m8EkFsaGPzU__#1_label_B4-0-0.mp4|0.53640705|(3,2001,0.5197315,2000,4001,0.53640705,3703,5703,0.5216179)
Sin.City.2005__#0-29-34_0-29-56_label_B2-0-0.mp4|0.51526475|(1,529,0.51526475)
Sin.City.2005__#01-51-59_01-52-29_label_B2-0-0.mp4|0.52146924|(1,721,0.52146924)
Death.Proof.2007__#01-40-41_01-42-17_label_B5-B6-0.mp4|0.5311885|(2,2001,0.5311885,305,2305,0.52937865)
v=k98yVPXiYoU__#1_label_G-0-0.mp4|0.52200794|(1,736,0.52200794)
Young.And.Dangerous.IV.1997__#01-32-04_01-32-58_label_B1-0-0.mp4|0.5285182|(1,1297,0.5285182)
v=V7FtjJStY1M__#1_label_G-0-0.mp4|0.5139095|(1,360,0.5139095)
v=CczYDDDf22A__#1_label_G-0-0.mp4|0.5160429|(1,679,0.5160429)
v=2WkuPNLfl5s__#1_label_B4-0-0.mp4|0.5308221|(1,1242,0.5308221)
Fast.Furious.2009__#01-18-00_01-19-00_label_B2-B6-0.mp4|0.5191006|(1,1441,0.5191006)
v=GI49YSCruwY__#1_label_B4-0-0.mp4|0.53817296|(2,2001,0.5303247,1032,3032,0.53817296)
Salt.2010__#01-06-27_01-07-07_label_G-B2-0.mp4|0.51360184|(1,962,0.51360184)
v=CcD-YNlkMPY__#1_label_G-0-0.mp4|0.5207513|(1,1996,0.5207513)
v=zoIn2hOrUIM__#00-01-00_00-02-45_label_B6-0-0.mp4|0.5254258|(2,2001,0.5254258,522,2522,0.52020943)
v=TsuuRo6PEXM__#1_label_B1-0-0.mp4|0.5320944|(3,2001,0.5320944,2000,4001,0.5243623,2343,4343,0.52329266)
v=bfOlheR5nUQ__#00-04-33_00-06-02_label_B4-0-0.mp4|0.5386723|(2,2001,0.5386723,138,2138,0.5383959)
Spectre.2015__#00-44-05_00-44-40_label_B1-B2-0.mp4|0.51352215|(1,841,0.51352215)
Haywire.2011__#01-20-20_01-21-57_label_B1-0-0.mp4|0.52287316|(2,2001,0.52287316,329,2329,0.51883656)
v=osjdmjNJUdg__#1_label_B1-0-0.mp4|0.5326374|(2,2001,0.5326374,320,2320,0.5307315)
Saving.Private.Ryan.1998__#02-23-58_02-24-18_label_G-0-0.mp4|0.5198378|(1,481,0.5198378)
Jason.Bourne.2016__#0-29-48_0-30-29_label_B4-0-0.mp4|0.51887894|(1,985,0.51887894)
Braveheart.1995__#01-26-50_01-32-30_label_B1-0-0.mp4|0.5328767|(5,2001,0.5259295,2000,4001,0.5253739,4000,6001,0.5328767,6000,8001,0.53278214,6161,8161,0.53077257)
v=wG-2t0M8CPc__#1_label_B1-0-0.mp4|0.5325112|(2,2001,0.5295713,73,2073,0.5325112)
v=FRj2K0ulD8Q__#00-00-00_00-00-57_label_B4-0-0.mp4|0.5220958|(1,1370,0.5220958)
v=15wDrZJQpsw__#00-09-00_00-10-55_label_B6-0-0.mp4|0.527718|(2,2001,0.52299273,762,2762,0.527718)
v=OOjjPGN8jSU__#1_label_B6-0-0.mp4|0.52420515|(3,2001,0.51907825,2000,4001,0.5180242,3918,5918,0.52420515)
The.Hurt.Locker.2008__#0-19-22_0-22-32_label_B2-B1-0.mp4|0.53500074|(3,2001,0.53500074,2000,4001,0.5271571,2561,4561,0.5247056)
Bullet.in.the.Head.1990__#01-26-30_01-27-34_label_B2-0-0.mp4|0.51853746|(1,1537,0.51853746)
Fast.Furious.2009__#00-42-10_00-42-41_label_B6-0-0.mp4|0.5180752|(1,745,0.5180752)
Taken.3.2014__#01-12-48_01-14-30_label_B2-B1-0.mp4|0.53139746|(2,2001,0.5267169,449,2449,0.53139746)
v=g2v3EkBj9Zc__#1_label_B4-0-0.mp4|0.53066486|(1,764,0.53066486)
v=UYFR-XbyZQc__#00-01-19_00-02-42_label_G-0-0.mp4|0.51672566|(1,1992,0.51672566)
Haywire.2011__#00-16-07_00-16-49_label_B1-0-0.mp4|0.518372|(1,1008,0.518372)
v=ntaXjnpusxM__#1_label_G-0-0.mp4|0.5209806|(1,688,0.5209806)
v=3xkwZk44VQs__#1_label_B4-0-0.mp4|0.5302562|(2,2001,0.5302562,517,2517,0.52611685)
Brick.Mansions.2014__#01-02-00_01-02-43_label_B2-0-0.mp4|0.52499646|(1,1032,0.52499646)
v=rAlZRFZTwxM__#00-03-13_00-07-08_label_G-0-0.mp4|0.530573|(3,2001,0.52214825,2000,4001,0.530573,3641,5641,0.5268216)
v=UK--hvgP2uY__#1_label_G-0-0.mp4|0.52942497|(2,2001,0.52942497,605,2605,0.52889866)
v=yy-KIWDcBr4__#00-16-10_00-17-19_label_B6-0-0.mp4|0.52077526|(1,1658,0.52077526)
v=k_cvJa1kNaM__#1_label_B4-0-0.mp4|0.5322482|(3,2001,0.52693474,2000,4001,0.5322482,3628,5628,0.529252)
Deadpool.2.2018__#0-50-30_0-51-20_label_B1-0-0.mp4|0.51468134|(1,1201,0.51468134)
v=9Jk2sIp5MRQ__#1_label_G-0-0.mp4|0.5145461|(1,568,0.5145461)
v=Q7NpJXOTiMY__#1_label_G-0-0.mp4|0.52185637|(1,1628,0.52185637)
IP.Man.2.2010__#01-35-55_01-39-11_label_B1-0-0.mp4|0.52823764|(3,2001,0.52823764,2000,4001,0.51713866,2704,4704,0.5202494)
The.World.Is.Not.Enough.1999__#00-07-04_00-07-45_label_G-B2-0.mp4|0.52407235|(1,984,0.52407235)
Desperado.1995__#01-14-11_01-17-28_label_B2-G-0.mp4|0.5246445|(3,2001,0.51866984,2000,4001,0.52375,2729,4729,0.5246445)
City.Of.Men.2007__#00-57-37_00-58-27_label_B2-0-0.mp4|0.5372996|(1,1200,0.5372996)
v=eqtJjxsTgtg__#1_label_G-0-0.mp4|0.521892|(1,1194,0.521892)
v=BXR3d22BhHs__#00-07-00_00-08-00_label_B4-0-0.mp4|0.5329681|(1,1443,0.5329681)
v=yvnj5VIDsNI__#1_label_B4-0-0.mp4|0.5246465|(3,2001,0.51999545,2000,4001,0.5246465,2890,4890,0.52401537)
v=ONsmJAyFAAw__#1_label_G-0-0.mp4|0.5289177|(1,1563,0.5289177)
v=qqsd-cZr01k__#00-06-10_00-07-19_label_B6-0-0.mp4|0.5237365|(1,1658,0.5237365)
Rush.Hour.1998.BluRay__#00-08-08_00-09-15_label_B2-B6-G.mp4|0.51843655|(1,1609,0.51843655)
Sin.City.2005__#0-43-45_0-44-01_label_B2-0-0.mp4|0.52184016|(1,385,0.52184016)
v=rJz4NXm6vis__#1_label_B4-0-0.mp4|0.53032416|(1,1892,0.53032416)
The.Bourne.Ultimatum.2007__#01-26-27_01-28-03_label_B2-B6-0.mp4|0.528691|(2,2001,0.5277473,305,2305,0.528691)
v=73uRcX0Dvfc__#00-00-00_00-01-51_label_B6-G-0.mp4|0.52427524|(2,2001,0.52427524,666,2666,0.52319175)
GoldenEye.1995__#00-24-53_00-25-06_label_B1-0-0.mp4|0.51274776|(1,313,0.51274776)
v=gsz_P8t-KM4__#1_label_B4-0-0.mp4|0.5312725|(5,2001,0.5312725,2000,4001,0.5288459,4000,6001,0.51794446,6000,8001,0.522986,7741,9741,0.52290934)
v=PWBZiM-rkoE__#1_label_G-0-0.mp4|0.5256339|(2,2001,0.5256339,711,2711,0.5231497)
v=J_ZsNd97wXw__#1_label_G-0-0.mp4|0.53032374|(1,1204,0.53032374)
Saving.Private.Ryan.1998__#02-16-58_02-17-13_label_G-0-0.mp4|0.5190894|(1,361,0.5190894)
v=CoxsDkB-rWU__#00-07-06_00-10-30_label_B4-0-0.mp4|0.5281391|(3,2001,0.525814,2000,4001,0.52449894,2898,4898,0.5281391)
Fast.Furious.2009__#00-21-06_00-21-57_label_B6-B2-0.mp4|0.52061206|(1,1225,0.52061206)
v=wVey5JDRf_g__#00-00-00_00-01-20_label_B6-0-0.mp4|0.53359514|(1,1922,0.53359514)
Shoot.Em.Up.2007__#00-53-25_00-56-47_label_B2-0-0.mp4|0.5304529|(3,2001,0.5185509,2000,4001,0.53018516,2850,4850,0.5304529)
Deadpool.2.2018__#0-04-46_0-05-01_label_B2-0-0.mp4|0.5262294|(1,361,0.5262294)
v=0qtIjyt-7wg__#00-01-00_00-02-45_label_B6-0-0.mp4|0.52374095|(2,2001,0.5230236,522,2522,0.52374095)
v=wnd3IYH7x1o__#1_label_G-0-0.mp4|0.5171137|(1,1139,0.5171137)
v=Dh-3BlhAOnE__#00-00-00_00-13-36_label_B4-0-0.mp4|0.532286|(10,2001,0.5240994,2000,4001,0.532286,4000,6001,0.51224357,6000,8001,0.50231683,8000,10001,0.5117019,10000,12001,0.52700216,12000,14001,0.5281564,14000,16001,0.5278062,16000,18001,0.52231824,17586,19586,0.5303462)
v=waIS8TaJxts__#00-09-00_00-10-45_label_B6-0-0.mp4|0.52205807|(2,2001,0.52205807,522,2522,0.5211531)
Ip.Man.2008__#01-14-31_01-15-24_label_B1-0-0.mp4|0.5187886|(1,1274,0.5187886)
v=8oTjTufJnXI__#1_label_G-0-0.mp4|0.52570766|(2,2001,0.52038795,694,2694,0.52570766)
v=3y2OOc6WTrg__#1_label_B1-0-0.mp4|0.5260814|(3,2001,0.5260236,2000,4001,0.5260814,2352,4352,0.52024)
v=k7R_Qo-BiAw__#00-10-30_00-10-51_label_B6-0-0.mp4|0.5152674|(1,506,0.5152674)
Love.Death.and.Robots.S01E13__#0-11-48_0-12-07_label_G-0-0.mp4|0.51576054|(1,456,0.51576054)
Braveheart.1995__#02-07-00_02-08-15_label_B1-0-0.mp4|0.52544713|(1,1802,0.52544713)
Saving.Private.Ryan.1998__#02-20-00_02-20-13_label_G-0-0.mp4|0.52114564|(1,313,0.52114564)
v=yy-KIWDcBr4__#00-08-35_00-10-25_label_B6-0-0.mp4|0.5258427|(2,2001,0.5258427,642,2642,0.5257034)
v=vhACO_m5pH0__#00-14-42_00-15-40_label_B6-0-0.mp4|0.52768046|(1,1394,0.52768046)
v=7zEFHKKBA0g__#1_label_B4-0-0.mp4|0.5374556|(3,2001,0.53647083,2000,4001,0.5361883,2420,4420,0.5374556)
Saving.Private.Ryan.1998__#00-47-50_00-49-35_label_B2-0-0.mp4|0.5208871|(2,2001,0.5169654,521,2521,0.5208871)
v=cEOM18n8fhU__#1_label_G-0-0.mp4|0.52846295|(2,2001,0.5249382,831,2831,0.52846295)
v=aWPWHU8x6kE__#1_label_B4-0-0.mp4|0.525171|(3,2001,0.51151586,2000,4001,0.521721,2829,4829,0.525171)
v=yrpZJ8Vr3aA__#1_label_B1-0-0.mp4|0.53569806|(2,2001,0.527278,354,2354,0.53569806)
v=w16YmhAZ1_Y__#1_label_G-0-0.mp4|0.52240205|(1,1480,0.52240205)
v=1djrJ0wxlYo__#1_label_B4-0-0.mp4|0.5337929|(1,1536,0.5337929)
Casino.Royale.2006__#00-50-05_00-51-16_label_B1-B2-B6.mp4|0.5158629|(1,1705,0.5158629)
v=SE5fxK7SasU__#00-03-23_00-04-08_label_B4-0-0.mp4|0.5071851|(1,1082,0.5071851)
Operation.Red.Sea.2018__#0-29-36_0-30-20_label_B2-G-0.mp4|0.5320205|(1,1056,0.5320205)
v=7rDRFFSUrPI__#00-01-50_00-02-32_label_G-0-0.mp4|0.5272489|(1,1010,0.5272489)
Casino.Royale.2006__#01-46-40_01-47-14_label_B6-0-0.mp4|0.516403|(1,817,0.516403)
v=u0Tnw01PNxc__#1_label_B4-0-0.mp4|0.5293065|(1,1377,0.5293065)
v=ZoS8gm5OcOM__#00-06-20_00-07-30_label_B6-0-0.mp4|0.51916146|(1,1682,0.51916146)
Rush.Hour.1998.BluRay__#01-25-21_01-25-46_label_B2-0-0.mp4|0.5184207|(1,602,0.5184207)
Fast.Furious.6.2013__#01-03-25_01-04-59_label_B1-0-0.mp4|0.5124589|(2,2001,0.5124589,256,2256,0.5094037)
Brick.Mansions.2014__#00-16-26_00-17-12_label_B1-0-0.mp4|0.5282526|(1,1104,0.5282526)
v=fIlmgvc-bUk__#1_label_B4-0-0.mp4|0.5259178|(1,1415,0.5259178)
v=GqMh_HBNWZE__#00-01-00_00-02-45_label_B6-0-0.mp4|0.53109837|(2,2001,0.53109837,522,2522,0.52857137)
v=PuZy1PQIgrA__#1_label_B1-0-0.mp4|0.5327319|(2,2001,0.5321939,816,2816,0.5327319)
v=OFxPTJxA5pg__#1_label_B4-0-0.mp4|0.5308718|(9,2001,0.5297291,2000,4001,0.52980745,4000,6001,0.52928984,6000,8001,0.5279752,8000,10001,0.52733,10000,12001,0.52739537,12000,14001,0.5308718,14000,16001,0.5284003,15542,17542,0.52721316)
v=vhACO_m5pH0__#00-20-42_00-22-40_label_B6-0-0.mp4|0.5246973|(2,2001,0.5183216,834,2834,0.5246973)
Mindhunters.2004__#01-19-00_01-20-05_label_B2-0-0.mp4|0.5152063|(1,1561,0.5152063)
v=RUjrMYWhLng__#1_label_B6-0-0.mp4|0.54013807|(6,2001,0.5129226,2000,4001,0.54013807,4000,6001,0.52982473,6000,8001,0.5197277,8000,10001,0.5264621,8434,10434,0.53272444)
v=iHuggczItBk__#00-01-00_00-02-45_label_B6-0-0.mp4|0.53118145|(2,2001,0.5279905,522,2522,0.53118145)
v=GbMQ2CxeNHU__#1_label_B4-0-0.mp4|0.52897686|(3,2001,0.5240747,2000,4001,0.52897686,3490,5490,0.52784824)
v=ROrpKx3aIjA__#1_label_G-0-0.mp4|0.5069777|(1,1300,0.5069777)
v=abATVcjFumY__#1_label_G-0-0.mp4|0.52049464|(1,1835,0.52049464)
v=T-LH8Gv5zzY__#1_label_B4-0-0.mp4|0.5290482|(2,2001,0.5264599,426,2426,0.5290482)
Sin.City.2005__#0-06-42_0-07-06_label_B1-0-0.mp4|0.53248316|(1,577,0.53248316)
Fast.Furious.6.2013__#00-45-40_00-47-13_label_B2-0-0.mp4|0.52617735|(2,2001,0.52617735,233,2233,0.5256424)
v=X4I8FhpGJwo__#00-09-00_00-10-45_label_B6-0-0.mp4|0.53101975|(2,2001,0.52775484,522,2522,0.53101975)
v=zI0q5UDP47g__#1_label_B4-0-0.mp4|0.5068025|(2,2001,0.5068025,1603,3603,0.506295)
v=HSisjzLESak__#00-01-00_00-02-45_label_B6-0-0.mp4|0.53339934|(2,2001,0.5289153,522,2522,0.53339934)
v=gbRIKogNZvE__#1_label_B4-0-0.mp4|0.5316776|(2,2001,0.5234966,990,2990,0.5316776)
Fury.2014__#00-07-30_00-07-58_label_G-0-0.mp4|0.5109361|(1,673,0.5109361)
Haywire.2011__#00-03-51_00-05-12_label_B1-B2-0.mp4|0.5183908|(1,1945,0.5183908)
v=8ewWXhYRUNs__#1_label_B1-0-0.mp4|0.53426343|(1,1369,0.53426343)
v=JfLYNEsrTew__#1_label_G-0-0.mp4|0.5181435|(1,750,0.5181435)
GoldenEye.1995__#02-03-40_02-04-13_label_G-0-0.mp4|0.5132399|(1,794,0.5132399)
Deadpool.2.2018__#01-03-09_01-03-54_label_B4-0-0.mp4|0.5198804|(1,1081,0.5198804)
v=sE-DC2trBkI__#00-01-00_00-02-45_label_B6-0-0.mp4|0.5270186|(2,2001,0.5270186,522,2522,0.5239314)
v=QWwDsPSe7iM__#1_label_B4-0-0.mp4|0.52998674|(2,2001,0.52998674,334,2334,0.52949244)
v=rKpXqwE2rg8__#00-01-57_00-03-06_label_B4-0-0.mp4|0.52796537|(1,1658,0.52796537)
v=qqsd-cZr01k__#00-01-00_00-02-45_label_B6-0-0.mp4|0.52410156|(2,2001,0.52410156,522,2522,0.5209264)
v=waIS8TaJxts__#00-07-40_00-08-50_label_B6-0-0.mp4|0.5195854|(1,1682,0.5195854)
Jason.Bourne.2016__#0-50-20_0-50-30_label_G-0-0.mp4|0.5275891|(1,241,0.5275891)
v=8oJMGgaww70__#1_label_B4-0-0.mp4|0.53302985|(2,2001,0.52941364,1595,3595,0.53302985)
Mission.Impossible.Ghost.Protocol.2011__#01-12-38_01-13-43_label_B1-0-0.mp4|0.5237501|(1,1561,0.5237501)
v=3e3C-LQWF2s__#1_label_B1-0-0.mp4|0.5349388|(3,2001,0.5344474,2000,4001,0.53359973,2421,4421,0.5349388)
v=yDqThVpu1AM__#1_label_B4-0-0.mp4|0.5175049|(1,744,0.5175049)
v=u5SF4SlqNDQ__#00-00-00_00-01-00_label_G-0-0.mp4|0.526641|(1,1442,0.526641)
v=DD3jfKr8e-k__#00-00-00_00-01-40_label_B4-0-0.mp4|0.52960134|(2,2001,0.52960134,402,2402,0.5239044)
Bullet.in.the.Head.1990__#00-17-20_00-18-55_label_B1-0-0.mp4|0.5212724|(2,2001,0.5212724,281,2281,0.51766115)
v=CFfc4UWzVB8__#00-00-00_00-00-30_label_B4-0-0.mp4|0.5398994|(1,722,0.5398994)
v=251___mEwZA__#1_label_B1-0-0.mp4|0.5315211|(3,2001,0.52933663,2000,4001,0.5274031,2577,4577,0.5315211)
v=FRj2K0ulD8Q__#00-04-16_00-06-05_label_B4-0-0.mp4|0.521475|(2,2001,0.51984227,618,2618,0.521475)
v=_BgJEXQkjNQ__#1_label_G-0-0.mp4|0.523398|(5,2001,0.523398,2000,4001,0.5140878,4000,6001,0.5181188,6000,8001,0.51317996,6139,8139,0.5189061)
v=waIS8TaJxts__#00-01-30_00-02-45_label_B6-0-0.mp4|0.53061026|(1,1802,0.53061026)
v=Y43UkfAe_bc__#00-00-00_00-01-40_label_B4-0-0.mp4|0.520915|(2,2001,0.52077293,402,2402,0.520915)
v=tT-SrQC6Ddw__#00-04-00_00-05-15_label_B6-0-0.mp4|0.52143246|(1,1800,0.52143246)
v=qrKfaX1lCUM__#1_label_G-0-0.mp4|0.52990735|(4,2001,0.52990735,2000,4001,0.5222795,4000,6001,0.5226974,5409,7409,0.52266186)
The.Bourne.Identity.2002__#0-19-53_0-21-48_label_B1-0-0.mp4|0.5227949|(2,2001,0.52092963,761,2761,0.5227949)
Desperado.1995__#00-38-36_00-39-21_label_B1-B2-0.mp4|0.5242984|(1,1081,0.5242984)
Spectre.2015__#02-02-57_02-03-27_label_B1-B2-0.mp4|0.5061366|(1,722,0.5061366)
v=PRH5rYUHoVU__#00-00-25_00-02-50_label_B6-0-0.mp4|0.5350353|(2,2001,0.5350353,1480,3480,0.5327735)
Fast.Furious.2009__#01-29-10_01-29-55_label_B2-0-0.mp4|0.5256849|(1,1080,0.5256849)
The.Bourne.Identity.2002__#01-45-00_01-45-46_label_B1-0-0.mp4|0.5048523|(1,1104,0.5048523)
v=KUeUxbsBO6s__#1_label_B1-0-0.mp4|0.5271942|(2,2001,0.52461624,748,2748,0.5271942)
Spectre.2015__#01-32-55_01-35-40_label_B1-B2-0.mp4|0.5147055|(2,2001,0.5147055,1962,3962,0.5137534)
v=2Rr21qkZEDQ__#00-14-10_00-16-09_label_B6-0-0.mp4|0.523296|(2,2001,0.52190846,858,2858,0.523296)
v=J67oj92maC0__#1_label_G-0-0.mp4|0.52808255|(3,2001,0.52808255,2000,4001,0.52199066,2673,4673,0.5202895)
v=aQ3qMpgZjwg__#00-00-00_00-01-48_label_B4-0-0.mp4|0.53060675|(2,2001,0.53060675,593,2593,0.52498657)
Quantum.Of.Solace.2008__#01-30-26_01-30-42_label_B2-B1-0.mp4|0.5222169|(1,384,0.5222169)
Sin.City.2005__#0-22-04_0-22-18_label_B5-0-0.mp4|0.5276096|(1,337,0.5276096)
Fast.Five.2011__#01-29-27_01-32-05_label_B1-0-0.mp4|0.5151989|(2,2001,0.50858754,1793,3793,0.5151989)
Taken.3.2014__#01-09-26_01-09-54_label_G-0-0.mp4|0.5369102|(1,674,0.5369102)
God.Bless.America.2011__#01-32-00_01-32-50_label_B2-0-0.mp4|0.5244631|(1,1201,0.5244631)
v=afhttnv46Y4__#1_label_B1-0-0.mp4|0.528419|(2,2001,0.528419,500,2500,0.5277817)
v=EOAfl8yMiN8__#00-00-00_00-00-51_label_B6-0-0.mp4|0.5176513|(1,1226,0.5176513)
Black.Hawk.Down.2001__#01-32-40_01-34-00_label_B4-0-0.mp4|0.52556777|(1,1921,0.52556777)
v=35zynOrkvMk__#1_label_G-0-0.mp4|0.5196921|(1,365,0.5196921)
Mission.Impossible.II.2000__#01-18-55_01-20-53_label_B2-0-0.mp4|0.51736647|(2,2001,0.513252,833,2833,0.51736647)
Young.And.Dangerous.IV.1997__#01-07-50_01-09-45_label_B1-0-0.mp4|0.5298657|(2,2001,0.5222642,761,2761,0.5298657)
v=vaSOMEIe1Bg__#1_label_G-0-0.mp4|0.5161185|(1,1385,0.5161185)
Sin.City.2005__#0-32-00_0-32-16_label_B2-0-0.mp4|0.5154109|(1,384,0.5154109)
Kill.Bill.Vol.1.2003__#01-21-39_01-26-55_label_B1-0-0.mp4|0.5376689|(4,2001,0.524884,2000,4001,0.5376689,4000,6001,0.53528327,5585,7585,0.53093654)
Mission.Impossible.II.2000__#01-29-30_01-29-44_label_B1-0-0.mp4|0.51064765|(1,337,0.51064765)
v=38GQ9L2meyE__#1_label_B6-0-0.mp4|0.5291767|(3,2001,0.52027136,2000,4001,0.5291767,2650,4650,0.5281052)
v=HSisjzLESak__#00-07-40_00-08-50_label_B6-0-0.mp4|0.52167654|(1,1682,0.52167654)
Spectre.2015__#01-10-35_01-10-53_label_B2-0-0.mp4|0.5241485|(1,433,0.5241485)
Ip.Man.2008__#00-48-57_00-50-47_label_B1-0-0.mp4|0.51976424|(2,2001,0.51976424,641,2641,0.5190908)
Yellow.Sea.2010__#01-58-30_01-59-27_label_B5-0-0.mp4|0.5111528|(1,1369,0.5111528)
City.of.God.2002__#00-37-20_00-38-02_label_B5-0-0.mp4|0.53732383|(1,1009,0.53732383)
v=BFPkt0AuSFA__#1_label_B4-0-0.mp4|0.523729|(2,2001,0.51766497,1380,3380,0.523729)
Haywire.2011__#00-39-07_00-41-48_label_B1-B2-0.mp4|0.5158389|(2,2001,0.51446855,1865,3865,0.5158389)
v=Z12t5h2mBJc__#1_label_B1-0-0.mp4|0.5364343|(3,2001,0.536024,2000,4001,0.53628296,3047,5047,0.5364343)
Taken.2.UNRATED.EXTENDED.2012__#00-13-42_00-14-16_label_B5-0-0.mp4|0.5146635|(1,818,0.5146635)
v=fhiAyxpDQMU__#1_label_B4-0-0.mp4|0.5202014|(2,2001,0.516094,1985,3985,0.5202014)
Jason.Bourne.2016__#0-17-25_0-18-53_label_B4-0-0.mp4|0.5190693|(2,2001,0.5190693,112,2112,0.5155151)
Ip.Man.3.2015__#00-17-51_00-18-51_label_B1-0-0.mp4|0.5244061|(1,1440,0.5244061)
Death.Proof.2007__#00-45-05_00-47-36_label_B5-0-0.mp4|0.5175004|(2,2001,0.5175004,1625,3625,0.5130492)
v=nLAapCIlr-o__#00-08-35_00-10-25_label_B6-0-0.mp4|0.5249245|(2,2001,0.52176124,642,2642,0.5249245)
v=CUr-Mg8Hmh0__#1_label_G-0-0.mp4|0.5313622|(3,2001,0.5313622,2000,4001,0.5253028,3043,5043,0.5293996)
The.Bourne.Legacy.2012__#0-39-56_0-40-15_label_G-0-0.mp4|0.5089456|(1,457,0.5089456)
v=0qtIjyt-7wg__#00-04-00_00-05-15_label_B6-0-0.mp4|0.54531145|(1,1802,0.54531145)
v=DtxU8UYiFws__#1_label_G-0-0.mp4|0.5380969|(1,1450,0.5380969)
v=f6j3YWgVBto__#00-06-16_00-06-51_label_B6-0-0.mp4|0.518452|(1,840,0.518452)
Black.Hawk.Down.2001__#02-00-12_02-01-29_label_B2-0-0.mp4|0.5271576|(1,1850,0.5271576)
v=X1arMZmYhsk__#00-13-00_00-14-09_label_B6-0-0.mp4|0.5304467|(1,1658,0.5304467)
Saving.Private.Ryan.1998__#02-25-42_02-26-03_label_B2-0-0.mp4|0.5253801|(1,505,0.5253801)
v=LJ0Pu5_Mefs__#1_label_G-0-0.mp4|0.52644306|(1,984,0.52644306)
The.Hurt.Locker.2008__#01-02-10_01-03-55_label_B2-0-0.mp4|0.5263834|(2,2001,0.5172143,521,2521,0.5263834)
v=rXWOpZ7W2fA__#1_label_B1-0-0.mp4|0.51600546|(2,2001,0.51600546,796,2796,0.5118512)
Casino.Royale.2006__#00-51-16_00-52-41_label_B1-B6-0.mp4|0.52338874|(2,2001,0.52338874,41,2041,0.52329504)
Brick.Mansions.2014__#00-11-57_00-12-12_label_B2-0-0.mp4|0.51873195|(1,360,0.51873195)
The.Bourne.Identity.2002__#01-27-39_01-29-19_label_B2-0-0.mp4|0.5181677|(2,2001,0.518126,400,2400,0.5181677)
v=xe4ee56aHSg__#1_label_G-0-0.mp4|0.49367148|(1,532,0.49367148)
Desperado.1995__#00-16-48_00-18-52_label_B1-0-0.mp4|0.5259102|(2,2001,0.52304906,977,2977,0.5259102)
v=6TR2rcgHm4g__#1_label_B4-0-0.mp4|0.5268849|(1,1621,0.5268849)
v=w2NgAYJHnS0__#1_label_G-0-0.mp4|0.5141858|(1,1011,0.5141858)
Sin.City.2005__#01-19-08_01-19-23_label_G-0-0.mp4|0.52108264|(1,361,0.52108264)
Braveheart.1995__#02-05-34_02-06-40_label_B1-0-0.mp4|0.5244621|(1,1585,0.5244621)
v=uBXprlsmd18__#00-06-10_00-07-19_label_B6-0-0.mp4|0.52369994|(1,1658,0.52369994)
Fast.Five.2011__#00-32-56_00-33-26_label_B2-0-0.mp4|0.5271341|(1,721,0.5271341)
v=YhCSFZNwfHc__#00-01-15_00-01-42_label_G-B2-0.mp4|0.5205644|(1,648,0.5205644)
Bullet.in.the.Head.1990__#02-02-00_02-05-22_label_B2-B6-G.mp4|0.5301106|(3,2001,0.5221301,2000,4001,0.52587956,2849,4849,0.5301106)
v=7isLhaNYgkU__#1_label_B4-0-0.mp4|0.5308305|(3,2001,0.5308305,2000,4001,0.52715474,3706,5706,0.5250848)
City.Of.Men.2007__#00-51-50_00-53-31_label_B2-0-0.mp4|0.52150553|(2,2001,0.51635367,425,2425,0.52150553)
wangted.2008__#0-22-55_0-23-40_label_B2-0-0.mp4|0.51279867|(1,1081,0.51279867)
v=CLFYvG6MsZU__#00-02-16_00-05-06_label_B2-0-0.mp4|0.52430123|(3,2001,0.5226767,2000,4001,0.52430123,2083,4083,0.5223723)
Bad.Boys.1995__#01-11-55_01-12-40_label_G-B2-B6.mp4|0.5282927|(1,1081,0.5282927)
GoldenEye.1995__#01-17-05_01-19-57_label_B2-B1-0.mp4|0.52210546|(3,2001,0.519892,2000,4001,0.521732,2129,4129,0.52210546)
Kill.Bill.Vol.2.2004__#0-25-20_0-26-20_label_B2-0-0.mp4|0.5093142|(1,1441,0.5093142)
v=wVey5JDRf_g__#00-04-09_00-05-06_label_B6-0-0.mp4|0.5299212|(1,1371,0.5299212)
v=tv0rI-5ycBU__#1_label_B4-0-0.mp4|0.51872635|(2,2001,0.5156454,1249,3249,0.51872635)
Yellow.Sea.2010__#01-05-40_01-06-47_label_B1-B2-0.mp4|0.53077406|(1,1609,0.53077406)
v=YdrISbwy_zI__#1_label_G-0-0.mp4|0.52580696|(1,1723,0.52580696)
v=pL2HjXvWuPc__#1_label_B1-0-0.mp4|0.5322469|(3,2001,0.52833855,2000,4001,0.5292503,2836,4836,0.5322469)
v=7xQr5wYwNPg__#1_label_B4-0-0.mp4|0.5281753|(1,1121,0.5281753)
v=vv-MFJPi4Qs__#1_label_G-0-0.mp4|0.52537197|(1,1004,0.52537197)
Mission.Impossible.III.2006__#01-06-52_01-07-15_label_G-0-0.mp4|0.5364056|(1,553,0.5364056)
Mission.Impossible.V.Rogue.Nation.2015__#01-15-52_01-16-48_label_B6-B2-0.mp4|0.5260478|(1,1344,0.5260478)
Spectre.2015__#01-08-58_01-09-20_label_B1-B2-0.mp4|0.5357847|(1,529,0.5357847)
v=OB0-MXNPUIU__#1_label_B4-0-0.mp4|0.53420544|(3,2001,0.53420544,2000,4001,0.53208184,2021,4021,0.5330687)
Kill.Bill.Vol.1.2003__#01-26-56_01-28-18_label_B1-0-0.mp4|0.5177284|(1,1969,0.5177284)
v=wPkBaI6vOv0__#00-00-00_00-01-00_label_G-0-0.mp4|0.52208525|(1,1442,0.52208525)
v=0qtIjyt-7wg__#00-00-00_00-00-51_label_B6-0-0.mp4|0.53038496|(1,1226,0.53038496)
v=S-7rRLrxnVQ__#1_label_B4-0-0.mp4|0.5399354|(2,2001,0.5399354,1273,3273,0.5382463)
Ip.Man.2008__#00-46-51_00-47-30_label_B1-0-0.mp4|0.5232662|(1,937,0.5232662)
City.of.God.2002__#01-52-20_01-54-32_label_B2-0-0.mp4|0.53653383|(2,2001,0.53653383,1169,3169,0.53225905)
v=vhACO_m5pH0__#00-09-42_00-10-40_label_B6-0-0.mp4|0.5277795|(1,1394,0.5277795)
Mission.Impossible.II.2000__#01-25-08_01-25-31_label_B2-0-0.mp4|0.5131664|(1,553,0.5131664)
Taken.2.UNRATED.EXTENDED.2012__#01-18-40_01-19-00_label_B1-0-0.mp4|0.5147143|(1,481,0.5147143)
v=bfOlheR5nUQ__#00-00-00_00-04-33_label_B4-0-0.mp4|0.5395793|(4,2001,0.5354064,2000,4001,0.5395793,4000,6001,0.53733337,4554,6554,0.5366333)
The.Fast.and.the.Furious.2001__#01-14-04_01-15-20_label_B1-0-0.mp4|0.53005105|(1,1825,0.53005105)
v=zoIn2hOrUIM__#00-06-10_00-07-19_label_B6-0-0.mp4|0.5415324|(1,1658,0.5415324)
Ip.Man.3.2015__#00-46-08_00-54-20_label_B1-0-0.mp4|0.5333797|(6,2001,0.5235538,2000,4001,0.5210317,4000,6001,0.5214741,6000,8001,0.5302611,8000,10001,0.5333797,9808,11808,0.53068686)
v=D1eP4Bn4hDQ__#00-09-20_00-10-45_label_B6-0-0.mp4|0.5272732|(2,2001,0.52345634,40,2040,0.5272732)
v=ADQNFs9bfFk__#00-00-00_00-00-58_label_B4-0-0.mp4|0.5282581|(1,1394,0.5282581)
Young.And.Dangerous.I.1996__#0-46-25_0-46-55_label_B6-0-0.mp4|0.5234946|(1,722,0.5234946)
v=NnmqkS1e88s__#1_label_B4-0-0.mp4|0.5337387|(1,1752,0.5337387)
v=hxyhulJYz5I__#00-06-09_00-07-00_label_B6-0-0.mp4|0.52992004|(1,1226,0.52992004)
v=Rc9EOFjtj0c__#1_label_B6-0-0.mp4|0.53268033|(2,2001,0.5196226,1365,3365,0.53268033)
Rush.Hour.3.2007.BluRay__#00-04-59_00-05-31_label_B2-0-0.mp4|0.53234255|(1,769,0.53234255)
v=WiS3TIvykeY__#1_label_B4-0-0.mp4|0.5307541|(1,1562,0.5307541)
Taken.3.2014__#01-04-50_01-05-05_label_B1-0-0.mp4|0.52769595|(1,361,0.52769595)
Young.And.Dangerous.III.1996__#00-23-00_00-25-54_label_B4-0-0.mp4|0.52871585|(3,2001,0.52672505,2000,4001,0.52871585,2178,4178,0.5269658)
v=78u9uBJBqIw__#1_label_B4-B5-0.mp4|0.5287394|(2,2001,0.52550775,1486,3486,0.5287394)
v=FRj2K0ulD8Q__#00-06-05_00-08-25_label_B4-0-0.mp4|0.5235138|(2,2001,0.5235138,1339,3339,0.5231448)
The.Hurt.Locker.2008__#0-08-45_0-09-57_label_G-0-0.mp4|0.528822|(1,1729,0.528822)
Bad.Boys.II.2003__#00-06-42_00-10-00_label_B2-G-0.mp4|0.52896744|(3,2001,0.52884215,2000,4001,0.52896744,2753,4753,0.5254734)
v=EOAfl8yMiN8__#00-03-00_00-04-09_label_B6-0-0.mp4|0.52092725|(1,1658,0.52092725)
v=v_LxqgpRouM__#1_label_G-0-0.mp4|0.51595986|(1,889,0.51595986)
The.Bourne.Legacy.2012__#0-59-18_01-01-52_label_B2-B1-0.mp4|0.5200222|(2,2001,0.5200222,1697,3697,0.514802)
v=p7kvQ4OpDgU__#1_label_B4-0-0.mp4|0.53014314|(1,1889,0.53014314)
v=sE-DC2trBkI__#00-09-00_00-10-05_label_B6-0-0.mp4|0.52979|(1,1563,0.52979)
v=vhACO_m5pH0__#00-17-42_00-18-40_label_B6-0-0.mp4|0.52954555|(1,1394,0.52954555)
wangted.2008__#0-45-25_0-47-01_label_B1-0-0.mp4|0.5141528|(2,2001,0.5141528,305,2305,0.5130229)
v=AF9p0YA0hyA__#00-00-45_00-01-44_label_B4-0-0.mp4|0.5175741|(1,1418,0.5175741)
Tropa.de.Elite.2.2010__#00-42-00_00-43-00_label_B2-0-0.mp4|0.5275714|(1,1441,0.5275714)
v=DRGMajXo_PI__#00-02-15_00-03-02_label_G-0-0.mp4|0.50119925|(1,1130,0.50119925)
New.Kids.Turbo.2010__#00-22-35_00-23-14_label_B1-0-0.mp4|0.52184707|(1,936,0.52184707)
v=uBXprlsmd18__#00-03-00_00-04-09_label_B6-0-0.mp4|0.51734525|(1,1658,0.51734525)
Mission.Impossible.Ghost.Protocol.2011__#01-56-52_01-57-03_label_B1-0-0.mp4|0.5154302|(1,264,0.5154302)
v=pFamvR9CpYw__#00-06-36_00-15-20_label_B4-0-0.mp4|0.5378693|(7,2001,0.5346431,2000,4001,0.5338829,4000,6001,0.53419095,6000,8001,0.5378693,8000,10001,0.53099304,10000,12001,0.53127104,10579,12579,0.5224754)
v=tivXK3PGByk__#1_label_B1-0-0.mp4|0.5427378|(2,2001,0.5376618,1690,3690,0.5427378)
v=nLAapCIlr-o__#00-11-00_00-12-45_label_B6-0-0.mp4|0.52185106|(2,2001,0.52164567,522,2522,0.52185106)
Mission.Impossible.II.2000__#01-32-56_01-33-25_label_B1-0-0.mp4|0.5122869|(1,697,0.5122869)
Mission.Impossible.Ghost.Protocol.2011__#00-01-18_00-01-40_label_B2-0-0.mp4|0.51981956|(1,529,0.51981956)
v=FfrXebzAwOg__#00-06-10_00-07-19_label_B6-0-0.mp4|0.5197526|(1,1658,0.5197526)
Mission.Impossible.Fallout.2018__#00-39-18_00-40-36_label_B1-0-0.mp4|0.52009255|(1,1873,0.52009255)
v=Q9Re4CnFJRg__#00-01-21_00-01-47_label_G-0-0.mp4|0.5197902|(1,624,0.5197902)
v=sE-DC2trBkI__#00-03-00_00-04-09_label_B6-0-0.mp4|0.521904|(1,1658,0.521904)
v=utQ5AvXtNLA__#1_label_B4-0-0.mp4|0.5305566|(1,1076,0.5305566)
v=waIS8TaJxts__#00-05-50_00-06-20_label_B6-0-0.mp4|0.5236411|(1,723,0.5236411)
Fast.Furious.2009__#00-25-59_00-26-25_label_B1-0-0.mp4|0.52191067|(1,625,0.52191067)
Love.Death.and.Robots.S01E15__#0-05-38_0-06-18_label_G-0-0.mp4|0.5281281|(1,960,0.5281281)
The.Fast.and.the.Furious.2001__#01-37-40_01-38-30_label_B6-0-0.mp4|0.52374464|(1,1201,0.52374464)
v=BpargJW29Wo__#00-00-50_00-01-30_label_B1-0-0.mp4|0.5219202|(1,962,0.5219202)
Operation.Red.Sea.2018__#01-20-58_01-22-00_label_B5-0-0.mp4|0.51886255|(1,1488,0.51886255)
v=O9g1uuI62m0__#1_label_B4-0-0.mp4|0.52932185|(3,2001,0.52932185,2000,4001,0.51822484,2545,4545,0.5224797)
v=U6MC8JJJZSY__#1_label_G-0-0.mp4|0.52393144|(1,1045,0.52393144)
Mission.Impossible.III.2006__#01-54-02_01-54-40_label_B2-0-0.mp4|0.5310702|(1,913,0.5310702)
v=qmsQ-obL1Z4__#00-03-26_00-04-04_label_B6-0-0.mp4|0.5164436|(1,912,0.5164436)
v=Ia9ATKNeUbY__#00-01-52_00-03-10_label_B6-0-0.mp4|0.5168587|(1,1874,0.5168587)
v=_tsSKAsVZfo__#1_label_B4-0-0.mp4|0.5241039|(2,2001,0.5241039,534,2534,0.5102967)
v=iHuggczItBk__#00-04-00_00-04-55_label_B6-0-0.mp4|0.53036636|(1,1322,0.53036636)
v=sbEHU4GskX4__#1_label_B1-0-0.mp4|0.5401181|(2,2001,0.5310727,832,2832,0.5401181)
IP.Man.2.2010__#00-07-14_00-09-13_label_B1-0-0.mp4|0.53341013|(2,2001,0.53127867,856,2856,0.53341013)
Young.And.Dangerous.I.1996__#0-20-50_0-22-15_label_B1-0-0.mp4|0.52725005|(2,2001,0.52719545,41,2041,0.52725005)
v=X4I8FhpGJwo__#00-07-40_00-08-50_label_B6-0-0.mp4|0.53551304|(1,1682,0.53551304)
v=qyTGi0N4OVg__#1_label_G-0-0.mp4|0.50498974|(1,1248,0.50498974)
v=vhACO_m5pH0__#00-10-42_00-11-40_label_B6-0-0.mp4|0.5181917|(1,1394,0.5181917)
Tropa.de.Elite.2.2010__#00-46-11_00-46-50_label_B2-0-0.mp4|0.51896393|(1,937,0.51896393)
v=5Ftl4nOSytc__#1_label_G-0-0.mp4|0.52092427|(2,2001,0.52033263,282,2282,0.52092427)
GoldenEye.1995__#02-02-15_02-02-47_label_B1-0-0.mp4|0.5265876|(1,770,0.5265876)
Casino.Royale.2006__#00-18-30_00-19-20_label_G-B2-0.mp4|0.5318505|(1,1201,0.5318505)
Braveheart.1995__#00-56-30_00-57-20_label_B1-0-0.mp4|0.509253|(1,1200,0.509253)
v=0W8LohxH9nI__#1_label_B1-0-0.mp4|0.5452316|(1,1413,0.5452316)
Operation.Red.Sea.2018__#0-02-17_0-02-37_label_B2-0-0.mp4|0.51888573|(1,480,0.51888573)
v=pHZ9gOfmY_k__#1_label_B4-0-0.mp4|0.5320445|(3,2001,0.53143466,2000,4001,0.5320445,3179,5179,0.5308106)
v=waIS8TaJxts__#00-00-00_00-00-51_label_B6-0-0.mp4|0.5237198|(1,1226,0.5237198)
v=6KQFxxHmVMc__#1_label_B1-0-0.mp4|0.5251963|(2,2001,0.5251963,1654,3654,0.5242082)
Skyfall.2012__#00-03-22_00-03-40_label_B6-0-0.mp4|0.52370954|(1,433,0.52370954)
Fury.2014__#00-39-36_00-40-44_label_B1-B2-0.mp4|0.51287925|(1,1634,0.51287925)
v=MJLylzPRvyw__#1_label_B4-0-0.mp4|0.5320654|(2,2001,0.5302453,1587,3587,0.5320654)
v=Q8K7roZu3WU__#1_label_B1-0-0.mp4|0.5287592|(1,1295,0.5287592)
v=BzwNU2xmT64__#00-01-00_00-02-45_label_B6-0-0.mp4|0.53309447|(2,2001,0.52914673,522,2522,0.53309447)
v=FW_qbiPH7UA__#1_label_B1-0-0.mp4|0.52895004|(2,2001,0.52895004,1283,3283,0.52718294)
v=TOEVc-pOEwM__#00-08-40_00-10-40_label_B6-0-0.mp4|0.52772015|(2,2001,0.52772015,883,2883,0.520534)
v=HUL83wCQATc__#1_label_B1-0-0.mp4|0.5331912|(2,2001,0.5331912,103,2103,0.532582)
v=IWzI9V3WSnc__#1_label_B4-0-0.mp4|0.5141118|(2,2001,0.51389563,689,2689,0.5141118)
v=0N0PbzjEg0U__#1_label_B4-0-0.mp4|0.52862144|(1,1518,0.52862144)
v=TfS-MJoVNjM__#1_label_B4-0-0.mp4|0.5296925|(1,1311,0.5296925)
v=m5zK-tzYCQM__#1_label_B4-0-0.mp4|0.52234316|(1,1755,0.52234316)
v=Y1hxr1MWLjM__#1_label_B1-0-0.mp4|0.52985305|(2,2001,0.52985305,1071,3071,0.528785)
Love.Death.and.Robots.S01E10__#0-01-00_0-02-13_label_B2-G-0.mp4|0.5342743|(1,1752,0.5342743)
v=H5W58Loofks__#00-05-50_00-06-20_label_B6-0-0.mp4|0.5242803|(1,723,0.5242803)
v=d5lTTPvJLpw__#1_label_B4-0-0.mp4|0.53814083|(4,2001,0.53814083,2000,4001,0.5301471,4000,6001,0.53011495,4277,6277,0.5316275)
Crank.Dircut.2006__#0-27-42_0-29-01_label_B1-0-0.mp4|0.52059007|(1,1898,0.52059007)
Mission.Impossible.V.Rogue.Nation.2015__#00-14-40_00-17-12_label_B1-0-0.mp4|0.5132137|(2,2001,0.5087516,1649,3649,0.5132137)
Kingsman.The.Golden.Circle.2017__#00-41-22_00-41-32_label_B2-0-0.mp4|0.5197996|(1,241,0.5197996)
v=Ia9ATKNeUbY__#00-06-19_00-06-50_label_B6-0-0.mp4|0.51714134|(1,746,0.51714134)
Gladiator.2000__#01-10-27_01-11-59_label_B1-0-0.mp4|0.5278377|(2,2001,0.5278377,208,2208,0.5263789)
City.Of.Men.2007__#01-35-30_01-36-00_label_B2-0-0.mp4|0.5207761|(1,721,0.5207761)
v=ovQ1VTJ_IUI__#1_label_B1-0-0.mp4|0.5333578|(1,1688,0.5333578)
The.Fast.and.the.Furious.2001__#01-24-18_01-25-05_label_B6-0-0.mp4|0.5280629|(1,1128,0.5280629)
City.Of.Men.2007__#01-17-27_01-17-59_label_B2-0-0.mp4|0.52339256|(1,769,0.52339256)
Brick.Mansions.2014__#00-41-25_00-42-36_label_B1-0-0.mp4|0.52803|(1,1704,0.52803)
Mission.Impossible.II.2000__#01-46-20_01-47-11_label_B2-B6-0.mp4|0.52479035|(1,1225,0.52479035)
Taken.2.UNRATED.EXTENDED.2012__#01-18-25_01-18-40_label_B2-0-0.mp4|0.51951176|(1,361,0.51951176)
Rush.Hour.1998.BluRay__#01-20-28_01-21-38_label_B2-0-0.mp4|0.5188215|(1,1682,0.5188215)
v=kPWdgckIhLI__#1_label_B4-0-0.mp4|0.5261513|(1,793,0.5261513)
wangted.2008__#0-48-30_0-49-00_label_B2-0-0.mp4|0.5168698|(1,721,0.5168698)
Taken.3.2014__#00-03-58_00-04-16_label_B2-0-0.mp4|0.517901|(1,433,0.517901)
Law.Abiding.Citizen.2009__#01-26-34_01-27-25_label_B2-0-0.mp4|0.5159392|(1,1225,0.5159392)
God.Bless.America.2011__#00-12-40_00-13-12_label_B2-0-0.mp4|0.5179815|(1,769,0.5179815)
v=JHsfKFF9Oag__#1_label_A.mp4|0.5279557|(2,2001,0.52333707,699,2699,0.5279557)
v=fkps18H3SXY__#00-36-00_00-42-00_label_A.mp4|0.5194821|(5,2001,0.5194821,2000,4001,0.51786935,4000,6001,0.51855165,6000,8001,0.5146852,6643,8643,0.51611185)
Flipped.2010__#00-45-40_00-47-30_label_A.mp4|0.5183471|(2,2001,0.5183471,641,2641,0.5150113)
Tropa.de.Elite.2.2010__#01-33-31_01-34-20_label_A.mp4|0.5178789|(1,1177,0.5178789)
Gladiator.2000__#02-43-00_02-43-59_label_A.mp4|0.50980955|(1,1417,0.50980955)
Mission.Impossible.V.Rogue.Nation.2015__#01-29-39_01-33-39_label_A.mp4|0.5260235|(3,2001,0.52189285,2000,4001,0.52055854,3762,5762,0.5260235)
v=RRiN5W9XwJE__#1_label_A.mp4|0.53286284|(2,2001,0.5323915,616,2616,0.53286284)
v=-5RWxUUJ7lQ__#1_label_A.mp4|0.53901106|(10,2001,0.5329313,2000,4001,0.5284591,4000,6001,0.5315543,6000,8001,0.53370523,8000,10001,0.533829,10000,12001,0.53444487,12000,14001,0.53901106,14000,16001,0.5317403,16000,18001,0.5366088,17123,19123,0.5290312)
v=9eME1y6V-T4__#02-00-00_02-06-00_label_A.mp4|0.5299605|(5,2001,0.5259396,2000,4001,0.5204705,4000,6001,0.51999974,6000,8001,0.5299605,6642,8642,0.5293168)
v=enYITYwvPAQ__#00-27-00_00-30-00_label_A.mp4|0.54375|(3,2001,0.53337824,2000,4001,0.54030836,2321,4321,0.54375)
Bullet.in.the.Head.1990__#00-51-46_00-52-50_label_A.mp4|0.5130185|(1,1537,0.5130185)
Deadpool.2016__#0-18-35_0-18-55_label_A.mp4|0.5096113|(1,481,0.5096113)
New.Kids.Turbo.2010__#00-41-30_00-42-05_label_A.mp4|0.51758784|(1,840,0.51758784)
v=4jVgDKbu_TI__#1_label_A.mp4|0.5376907|(10,2001,0.53753316,2000,4001,0.5308463,4000,6001,0.53402317,6000,8001,0.529271,8000,10001,0.5350206,10000,12001,0.53044766,12000,14001,0.5376907,14000,16001,0.52771544,16000,18001,0.5297371,16974,18974,0.5247978)
Haywire.2011__#00-02-06_00-03-29_label_A.mp4|0.5219712|(1,1993,0.5219712)
God.Bless.America.2011__#00-51-00_00-52-00_label_A.mp4|0.52196634|(1,1441,0.52196634)
Kingsman.The.Secret.Service.2014__#00-25-29_00-26-24_label_A.mp4|0.5183023|(1,1321,0.5183023)
v=x0-z4h6mFoU__#1_label_A.mp4|0.5426871|(3,2001,0.5379132,2000,4001,0.5426871,2610,4610,0.5393368)
Love.Me.If.You.Dare.2003__#00-11-20_00-15-08_label_A.mp4|0.52549106|(3,2001,0.51995087,2000,4001,0.52549106,3474,5474,0.5191516)
v=H9Y5_X1sEEA__#00-42-00_00-45-00_label_A.mp4|0.5330165|(3,2001,0.5312955,2000,4001,0.5324055,2322,4322,0.5330165)
The.Bourne.Ultimatum.2007__#0-55-55_0-56-10_label_A.mp4|0.5288784|(1,361,0.5288784)
Hot.Fuzz.2007__#00-19-20_00-22-06_label_A.mp4|0.5246273|(2,2001,0.5171443,1986,3986,0.5246273)
The.Intouchables.2011__#00-51-55_00-55-16_label_A.mp4|0.5173839|(3,2001,0.5173839,2000,4001,0.5161765,2826,4826,0.51661193)
Tropa.de.Elite.2.2010__#00-05-30_00-06-30_label_A.mp4|0.5256851|(1,1441,0.5256851)
v=yZ2wlTAN49g__#00-03-00_00-06-00_label_A.mp4|0.5333583|(3,2001,0.5325075,2000,4001,0.52942413,2322,4322,0.5333583)
v=gGlqujwrhbI__#00-12-00_00-15-00_label_A.mp4|0.53700256|(3,2001,0.53700256,2000,4001,0.5339882,2322,4322,0.5314142)
v=LYzmr5ORvCg__#1_label_A.mp4|0.53430516|(2,2001,0.53381217,1925,3925,0.53430516)
v=MyM5G7fo7Gg__#00-06-00_00-09-00_label_A.mp4|0.5343113|(3,2001,0.5343113,2000,4001,0.5289394,2322,4322,0.53185165)
Before.Sunrise.1995__#01-36-45_01-38-10_label_A.mp4|0.517226|(2,2001,0.517226,40,2040,0.5166509)
v=ErOcW_CSOyQ__#1_label_A.mp4|0.54341894|(9,2001,0.5407283,2000,4001,0.5269272,4000,6001,0.52873707,6000,8001,0.54100466,8000,10001,0.5320446,10000,12001,0.52202326,12000,14001,0.5272794,14000,16001,0.52562946,15477,17477,0.54341894)
v=9eME1y6V-T4__#01-06-00_01-12-00_label_A.mp4|0.5307619|(5,2001,0.5232008,2000,4001,0.52755034,4000,6001,0.52641475,6000,8001,0.529874,6642,8642,0.5307619)
God.Bless.America.2011__#01-23-13_01-25-31_label_A.mp4|0.52282786|(2,2001,0.5184674,1313,3313,0.52282786)
v=pCyCi-q4MqY__#1_label_A.mp4|0.53675145|(3,2001,0.53263086,2000,4001,0.5337277,2714,4714,0.53675145)
v=Hd_2Y29_FLU__#1_label_A.mp4|0.52788675|(2,2001,0.5271545,1272,3272,0.52788675)
GoldenEye.1995__#01-33-40_01-34-30_label_A.mp4|0.5126933|(1,1201,0.5126933)
v=a0TQkX_zLt0__#1_label_A.mp4|0.54366887|(6,2001,0.54366887,2000,4001,0.53765476,4000,6001,0.52800244,6000,8001,0.53688556,8000,10001,0.52328825,9764,11764,0.52116066)
Be.with.You.2018__#00-16-18_00-18-09_label_A.mp4|0.524201|(2,2001,0.5174457,665,2665,0.524201)
v=NeAC-MfTZzU__#00-15-00_00-18-00_label_A.mp4|0.51770914|(3,2001,0.51770914,2000,4001,0.5104711,2322,4322,0.51042503)
About.Time.2013__#00-23-50_00-24-31_label_A.mp4|0.51038903|(1,985,0.51038903)
v=QUlWIIHMIEQ__#1_label_A.mp4|0.52611864|(1,1106,0.52611864)
A.Beautiful.Mind.2001__#01-14-30_01-16-59_label_A.mp4|0.51460886|(2,2001,0.51181436,1577,3577,0.51460886)
Flipped.2010__#01-07-30_01-09-51_label_A.mp4|0.5188203|(2,2001,0.5188203,1384,3384,0.5135015)
v=I7oSupyExVY__#1_label_A.mp4|0.52284676|(3,2001,0.5201968,2000,4001,0.51429194,2825,4825,0.52284676)
v=8SC55pYljMM__#1_label_A.mp4|0.5345669|(3,2001,0.5345669,2000,4001,0.5331034,2324,4324,0.5342668)
Kingsman.The.Golden.Circle.2017__#00-44-52_00-46-20_label_A.mp4|0.5242054|(2,2001,0.5242054,113,2113,0.5241504)
v=vFPQ_NiDBIU__#02-42-00_02-48-00_label_A.mp4|0.51815325|(5,2001,0.51815325,2000,4001,0.5164483,4000,6001,0.51632774,6000,8001,0.5101893,6640,8640,0.5160787)
v=lVJVRywgmYM__#1_label_A.mp4|0.53674316|(3,2001,0.53674316,2000,4001,0.5297984,3937,5937,0.5323824)
v=KERh4R2BbS0__#1_label_A.mp4|0.53211987|(11,2001,0.53211987,2000,4001,0.5276738,4000,6001,0.5208373,6000,8001,0.5280186,8000,10001,0.52918607,10000,12001,0.52508473,12000,14001,0.5269785,14000,16001,0.52867275,16000,18001,0.5236965,18000,20001,0.52956635,18652,20652,0.5264921)
v=Yr41_8QOTF8__#00-09-00_00-12-00_label_A.mp4|0.5231829|(3,2001,0.5200302,2000,4001,0.5231829,2321,4321,0.5209123)
v=rmDBn5Rpd3s__#1_label_A.mp4|0.50793076|(1,707,0.50793076)
v=9eME1y6V-T4__#00-42-00_00-48-00_label_A.mp4|0.52997166|(5,2001,0.52780604,2000,4001,0.51969767,4000,6001,0.52997166,6000,8001,0.5199355,6642,8642,0.51896465)
v=vFPQ_NiDBIU__#01-00-00_01-06-00_label_A.mp4|0.5056008|(5,2001,0.50160813,2000,4001,0.5017278,4000,6001,0.5020227,6000,8001,0.5056008,6640,8640,0.505296)
v=GnN9VTh_s2A__#1_label_A.mp4|0.5204695|(1,683,0.5204695)
v=ajnl7P9bf78__#1_label_A.mp4|0.5340162|(1,1624,0.5340162)
Fury.2014__#01-13-32_01-14-43_label_A.mp4|0.5155169|(1,1705,0.5155169)
Desperado.1995__#01-22-10_01-23-17_label_A.mp4|0.51400024|(1,1609,0.51400024)
v=5l-nbDl0qvg__#1_label_A.mp4|0.5362458|(7,2001,0.5315497,2000,4001,0.5248064,4000,6001,0.5266083,6000,8001,0.5262282,8000,10001,0.5262702,10000,12001,0.5362458,11124,13124,0.53040004)
Before.Sunrise.1995__#00-23-50_00-24-31_label_A.mp4|0.5111194|(1,985,0.5111194)
The.Notebook.2004__#00-20-35_00-23-06_label_A.mp4|0.5213438|(2,2001,0.50857186,1625,3625,0.5213438)
v=SdYFFo_tsfk__#00-00-00_00-06-00_label_A.mp4|0.53835297|(5,2001,0.5316631,2000,4001,0.5223059,4000,6001,0.52544343,6000,8001,0.53835297,6642,8642,0.5338255)
From.Dusk.Till.Dawn.1996__#00-31-52_00-34-21_label_A.mp4|0.5168309|(2,2001,0.5168309,1576,3576,0.5142076)
About.Time.2013__#00-30-50_00-32-31_label_A.mp4|0.51720554|(2,2001,0.51720554,425,2425,0.5168235)
The.Secret.Life.of.Walter.Mitty.2013__#00-36-52_00-41-00_label_A.mp4|0.5226976|(3,2001,0.5205394,2000,4001,0.5226976,3953,5953,0.517578)
v=plhVMWR33go__#1_label_A.mp4|0.5340855|(5,2001,0.53097546,2000,4001,0.5331734,4000,6001,0.5340855,6000,8001,0.53284615,6047,8047,0.53403)
v=t_TZYpT6xjY__#1_label_A.mp4|0.53685874|(3,2001,0.53685874,2000,4001,0.5329803,2741,4741,0.5352262)
The.Notebook.2004__#00-11-00_00-15-08_label_A.mp4|0.5172326|(3,2001,0.5172326,2000,4001,0.50431097,3954,5954,0.51150954)
v=lyZxvgPD4gM__#1_label_A.mp4|0.5316665|(3,2001,0.5316665,2000,4001,0.527327,3529,5529,0.52374905)
v=ZpWR_YZNZTM__#1_label_A.mp4|0.5367083|(2,2001,0.5367083,1437,3437,0.53241014)
Taken.2.UNRATED.EXTENDED.2012__#00-17-08_00-17-30_label_A.mp4|0.51868165|(1,529,0.51868165)
Before.Sunrise.1995__#00-42-52_00-45-31_label_A.mp4|0.51014423|(2,2001,0.51014423,1817,3817,0.5073422)
Still.Walking.2008__#01-02-18_01-03-10_label_A.mp4|0.51049316|(1,1249,0.51049316)
Love.Me.If.You.Dare.2003__#01-04-40_01-06-59_label_A.mp4|0.5368209|(2,2001,0.5368209,1338,3338,0.51185733)
Fast.Furious.6.2013__#01-37-00_01-38-05_label_A.mp4|0.5086284|(1,1561,0.5086284)
v=H9Y5_X1sEEA__#00-03-00_00-06-00_label_A.mp4|0.54457766|(3,2001,0.54457766,2000,4001,0.54073703,2322,4322,0.53882945)
Deadpool.2.2018__#0-02-35_0-03-12_label_A.mp4|0.5191582|(1,890,0.5191582)
v=fkps18H3SXY__#00-54-00_01-00-00_label_A.mp4|0.52262914|(5,2001,0.5187211,2000,4001,0.51718885,4000,6001,0.5158817,6000,8001,0.5165403,6642,8642,0.52262914)
v=vFPQ_NiDBIU__#01-48-00_01-54-00_label_A.mp4|0.50990885|(5,2001,0.50314856,2000,4001,0.5053148,4000,6001,0.50990885,6000,8001,0.50206226,6640,8640,0.50936604)
v=jAvOGTD7_pU__#00-12-00_00-15-00_label_A.mp4|0.5313004|(3,2001,0.5313004,2000,4001,0.5312263,2322,4322,0.5268881)
Be.with.You.2018__#00-23-50_00-24-31_label_A.mp4|0.5173683|(1,985,0.5173683)
Before.Sunset.2004__#01-14-30_01-16-51_label_A.mp4|0.51246023|(2,2001,0.51246023,1385,3385,0.51211417)
Before.Sunrise.1995__#00-04-20_00-05-35_label_A.mp4|0.5154439|(1,1801,0.5154439)
v=7smETZfN0XA__#1_label_A.mp4|0.52978265|(2,2001,0.52644753,1020,3020,0.52978265)
v=9eME1y6V-T4__#01-00-00_01-06-00_label_A.mp4|0.53869945|(5,2001,0.53869945,2000,4001,0.52490354,4000,6001,0.5261471,6000,8001,0.52923024,6642,8642,0.5333863)
Skyfall.2012__#02-14-50_02-16-25_label_A.mp4|0.52410823|(2,2001,0.5233363,281,2281,0.52410823)
The.Bourne.Identity.2002__#01-09-16_01-11-16_label_A.mp4|0.5148452|(2,2001,0.5127985,882,2882,0.5148452)
Be.with.You.2018__#01-14-30_01-16-59_label_A.mp4|0.5125989|(2,2001,0.5125989,1577,3577,0.5070943)
v=6cvZOGzfqWU__#1_label_A.mp4|0.5311509|(3,2001,0.5311509,2000,4001,0.52510464,3594,5594,0.5259446)
v=Yr41_8QOTF8__#00-21-00_00-24-00_label_A.mp4|0.5228986|(3,2001,0.5201937,2000,4001,0.52128255,2321,4321,0.5228986)
v=qV4YYnXdQCc__#00-03-00_00-06-00_label_A.mp4|0.54430574|(3,2001,0.5290209,2000,4001,0.5383981,2322,4322,0.54430574)
Spectre.2015__#01-17-22_01-18-53_label_A.mp4|0.5188919|(2,2001,0.5188919,184,2184,0.5160582)
v=JzrpCC7XmyE__#00-06-00_00-12-00_label_A.mp4|0.53370404|(5,2001,0.5252009,2000,4001,0.5132794,4000,6001,0.5278804,6000,8001,0.53370404,6642,8642,0.52544636)
v=g4FnGZ5MAdo__#1_label_A.mp4|0.5093082|(3,2001,0.5093082,2000,4001,0.5046023,2958,4958,0.5040843)
The.Pursuit.of.Happyness.2006__#00-30-50_00-32-31_label_A.mp4|0.51928854|(2,2001,0.51928854,425,2425,0.5188091)
v=rJgg00ic1G8__#1_label_A.mp4|0.5246803|(3,2001,0.5246803,2000,4001,0.51810753,3651,5651,0.52067524)
v=qhUItxoTrmg__#1_label_A.mp4|0.5384251|(3,2001,0.53411466,2000,4001,0.5384251,2571,4571,0.53570503)
v=1202rYvw7go__#1_label_A.mp4|0.5309204|(2,2001,0.5309204,1951,3951,0.5307948)
Be.with.You.2018__#00-04-20_00-05-35_label_A.mp4|0.5034775|(1,1801,0.5034775)
The.Hurt.Locker.2008__#0-29-25_0-30-15_label_A.mp4|0.51691437|(1,1200,0.51691437)
wangted.2008__#0-27-17_0-28-07_label_A.mp4|0.5218888|(1,1200,0.5218888)
Mission.Impossible.II.2000__#00-24-30_00-30-10_label_A.mp4|0.51426893|(5,2001,0.51426893,2000,4001,0.5088115,4000,6001,0.5132682,6000,8001,0.504601,6160,8160,0.5041705)
v=H9Y5_X1sEEA__#00-36-00_00-39-00_label_A.mp4|0.53469586|(3,2001,0.53469586,2000,4001,0.52964926,2323,4323,0.52697754)
v=q2SP66Jb6Cw__#00-00-00_00-06-00_label_A.mp4|0.52303994|(5,2001,0.52303994,2000,4001,0.5171894,4000,6001,0.517159,6000,8001,0.5179724,6642,8642,0.51787645)
Love.Death.and.Robots.S01E02__#00-03-15_00-04-20_label_A.mp4|0.52469647|(1,1560,0.52469647)
v=Q8b0XbtpFsA__#1_label_A.mp4|0.53144825|(3,2001,0.5256588,2000,4001,0.5289972,2633,4633,0.53144825)
v=3ZVcLOjwOMk__#1_label_A.mp4|0.5343793|(1,1885,0.5343793)
Still.Walking.2008__#00-16-18_00-17-27_label_A.mp4|0.51090604|(1,1657,0.51090604)
v=f6j3YWgVBto__#00-01-50_00-02-30_label_A.mp4|0.5274155|(1,960,0.5274155)
Casino.Royale.2006__#00-28-10_00-30-10_label_A.mp4|0.52625984|(2,2001,0.52191865,881,2881,0.52625984)
God.Bless.America.2011__#00-58-09_01-04-00_label_A.mp4|0.51508844|(5,2001,0.51508844,2000,4001,0.5103636,4000,6001,0.5106545,6000,8001,0.51218826,6425,8425,0.51104385)
v=gxrLosPS27c__#1_label_A.mp4|0.54122967|(2,2001,0.54122967,219,2219,0.5399669)
v=vFPQ_NiDBIU__#00-42-00_00-48-00_label_A.mp4|0.5022254|(5,2001,0.5003985,2000,4001,0.50053954,4000,6001,0.49926284,6000,8001,0.5022254,6640,8640,0.5004448)
v=L2Qs4KyW-Co__#1_label_A.mp4|0.53028363|(3,2001,0.53028363,2000,4001,0.52771467,2426,4426,0.52969897)
Flipped.2010__#00-42-52_00-45-31_label_A.mp4|0.51399916|(2,2001,0.50898135,1817,3817,0.51399916)
Still.Walking.2008__#00-51-55_00-55-16_label_A.mp4|0.51849884|(3,2001,0.51849884,2000,4001,0.51377565,2826,4826,0.51749337)
v=DdIA1Owbcdc__#1_label_A.mp4|0.5368777|(1,1064,0.5368777)
v=KEh6EOQvQO0__#1_label_A.mp4|0.534907|(2,2001,0.527213,1183,3183,0.534907)
The.Secret.Life.of.Walter.Mitty.2013__#01-01-20_01-04-00_label_A.mp4|0.52800566|(2,2001,0.5263204,1841,3841,0.52800566)
Young.And.Dangerous.III.1996__#00-15-52_00-17-00_label_A.mp4|0.51467437|(1,1634,0.51467437)
Ip.Man.2008__#00-40-25_00-40-45_label_A.mp4|0.519292|(1,481,0.519292)
Kill.Bill.Vol.1.2003__#01-08-15_01-09-15_label_A.mp4|0.52218264|(1,1441,0.52218264)
v=Wc2QW06H48M__#1_label_A.mp4|0.51859415|(1,1554,0.51859415)
v=JzrpCC7XmyE__#01-06-00_01-12-00_label_A.mp4|0.538164|(5,2001,0.52951455,2000,4001,0.5326295,4000,6001,0.5352833,6000,8001,0.538164,6642,8642,0.5357767)
Kingsman.The.Golden.Circle.2017__#02-09-30_02-10-45_label_A.mp4|0.5292944|(1,1801,0.5292944)
Spectre.2015__#00-16-41_00-18-55_label_A.mp4|0.5136476|(2,2001,0.5136476,1216,3216,0.5133522)
v=0LEefpIPBHA__#1_label_A.mp4|0.52965254|(1,1142,0.52965254)
Bad.Boys.II.2003__#01-11-16_01-14-00_label_A.mp4|0.52875704|(2,2001,0.52875704,1937,3937,0.5265868)
v=tlFJIG9mTGQ__#00-15-00_00-18-36_label_A.mp4|0.53216136|(3,2001,0.53216136,2000,4001,0.5271341,3187,5187,0.5247063)
The.Hurt.Locker.2008__#0-45-39_0-47-06_label_A.mp4|0.52915406|(2,2001,0.5267676,89,2089,0.52915406)
v=GrHfWKeTDEI__#1_label_A.mp4|0.5332515|(3,2001,0.5300335,2000,4001,0.5330245,3066,5066,0.5332515)
Salt.2010__#00-13-45_00-16-10_label_A.mp4|0.50875074|(2,2001,0.50076616,1481,3481,0.50875074)
v=cvEJ5WFk2KE__#00-06-00_00-09-00_label_A.mp4|0.534055|(3,2001,0.5323701,2000,4001,0.534055,2321,4321,0.529528)
v=tI7fktKY6OU__#1_label_A.mp4|0.539482|(8,2001,0.5339481,2000,4001,0.5380676,4000,6001,0.53247064,6000,8001,0.5379558,8000,10001,0.53909034,10000,12001,0.52976924,12000,14001,0.5391527,12916,14916,0.539482)
v=NbNFfnVSIn8__#1_label_A.mp4|0.52839935|(3,2001,0.52345,2000,4001,0.52487993,2592,4592,0.52839935)
v=2JJ9d97sd64__#1_label_A.mp4|0.5305759|(2,2001,0.5240032,1140,3140,0.5305759)
v=S1meRf5BsEw__#1_label_A.mp4|0.5326289|(3,2001,0.5326289,2000,4001,0.52935755,2104,4104,0.5286968)
The.Secret.Life.of.Walter.Mitty.2013__#00-08-55_00-10-50_label_A.mp4|0.5262622|(2,2001,0.52251583,762,2762,0.5262622)
v=0vVOXlgHC1U__#00-48-00_00-54-00_label_A.mp4|0.541619|(5,2001,0.52535534,2000,4001,0.52578765,4000,6001,0.541619,6000,8001,0.5392537,6642,8642,0.5403854)
v=tlFJIG9mTGQ__#00-12-00_00-15-00_label_A.mp4|0.5233139|(3,2001,0.522622,2000,4001,0.51949763,2322,4322,0.5233139)
Operation.Red.Sea.2018__#0-45-54_0-46-33_label_A.mp4|0.5256878|(1,936,0.5256878)
Fast.Five.2011__#01-59-16_02-01-12_label_A.mp4|0.5272734|(2,2001,0.5272734,785,2785,0.52647555)
Yellow.Sea.2010__#00-10-16_00-11-14_label_A.mp4|0.5126391|(1,1393,0.5126391)
v=vHnAmx0UYbM__#1_label_A.mp4|0.53736407|(11,2001,0.530466,2000,4001,0.52358913,4000,6001,0.5325785,6000,8001,0.53736407,8000,10001,0.53357613,10000,12001,0.53401256,12000,14001,0.5297043,14000,16001,0.5311903,16000,18001,0.535229,18000,20001,0.52879167,18045,20045,0.5293961)
Shoot.Em.Up.2007__#00-25-50_00-27-10_label_A.mp4|0.5256592|(1,1921,0.5256592)
Bad.Boys.1995__#00-10-00_00-11-52_label_A.mp4|0.5215119|(2,2001,0.5172138,689,2689,0.5215119)
Love.Actually.2003__#01-39-05_01-46-40_label_A.mp4|0.53111416|(6,2001,0.521997,2000,4001,0.5237089,4000,6001,0.53111416,6000,8001,0.51938635,8000,10001,0.5265585,8921,10921,0.52926576)
Bullet.in.the.Head.1990__#01-58-25_01-59-30_label_A.mp4|0.51993495|(1,1561,0.51993495)
v=W5qLlC9il3s__#1_label_A.mp4|0.534226|(1,1385,0.534226)
The.Notebook.2004__#01-30-25_01-33-56_label_A.mp4|0.5211735|(3,2001,0.5211735,2000,4001,0.5163806,3065,5065,0.5191014)
About.Time.2013__#00-40-52_00-42-31_label_A.mp4|0.50724524|(2,2001,0.50724524,377,2377,0.5066166)
Law.Abiding.Citizen.2009__#00-00-35_00-01-31_label_A.mp4|0.50832707|(1,1345,0.50832707)
v=HTEyaXBPf9U__#1_label_A.mp4|0.5384224|(3,2001,0.53433347,2000,4001,0.5384224,3120,5120,0.5365753)
The.Notebook.2004__#00-25-20_00-29-20_label_A.mp4|0.5162757|(3,2001,0.51435584,2000,4001,0.51194215,3761,5761,0.5162757)
v=AqFWYZsOgWY__#00-21-00_00-24-00_label_A.mp4|0.53155726|(3,2001,0.5242157,2000,4001,0.53155726,2322,4322,0.53072447)
The.Bourne.Identity.2002__#0-29-16_0-32-00_label_A.mp4|0.5159703|(2,2001,0.5121742,1937,3937,0.5159703)
v=9eME1y6V-T4__#01-18-00_01-24-00_label_A.mp4|0.53470355|(5,2001,0.53094393,2000,4001,0.5277793,4000,6001,0.5254015,6000,8001,0.5311603,6642,8642,0.53470355)
IP.Man.2.2010__#00-02-50_00-06-45_label_A.mp4|0.53122574|(3,2001,0.5251405,2000,4001,0.517677,3640,5640,0.53122574)
Rush.Hour.3.2007.BluRay__#01-00-40_01-04-00_label_A.mp4|0.5327004|(3,2001,0.51738644,2000,4001,0.5327004,2801,4801,0.5260112)
v=_Hn2Xlt-IWU__#1_label_A.mp4|0.53080803|(2,2001,0.52806515,1943,3943,0.53080803)
v=uyvM-vq5DwA__#1_label_A.mp4|0.53840894|(3,2001,0.5327355,2000,4001,0.5260161,2788,4788,0.53840894)
Love.Death.and.Robots.S01E04__#00-14-28_00-15-27_label_A.mp4|0.51551527|(1,1416,0.51551527)
v=hdy5kZ5dwj8__#1_label_A.mp4|0.52365166|(3,2001,0.52365166,2000,4001,0.50487596,2674,4674,0.51341194)
Love.Actually.2003__#01-17-00_01-19-40_label_A.mp4|0.5307459|(2,2001,0.5307459,1842,3842,0.5237864)
v=fkps18H3SXY__#00-00-00_00-06-00_label_A.mp4|0.5209314|(5,2001,0.5183513,2000,4001,0.5190201,4000,6001,0.5209314,6000,8001,0.5197293,6642,8642,0.5157131)
v=3MUqt3OkxIo__#1_label_A.mp4|0.5311401|(2,2001,0.5260499,500,2500,0.5311401)
v=p2ggHwtb-Zg__#00-24-00_00-27-00_label_A.mp4|0.53819317|(3,2001,0.5302071,2000,4001,0.53610355,2322,4322,0.53819317)
v=eAgqJnO3kr8__#00-06-00_00-12-00_label_A.mp4|0.52585185|(5,2001,0.5236601,2000,4001,0.5201287,4000,6001,0.5137579,6000,8001,0.52585185,6642,8642,0.5230412)
v=vQ9AwVrM9pU__#1_label_A.mp4|0.532754|(2,2001,0.5258271,1138,3138,0.532754)
v=Wp6gzFUaci8__#1_label_A.mp4|0.5280285|(2,2001,0.52080464,780,2780,0.5280285)
Brick.Mansions.2014__#00-08-37_00-10-04_label_A.mp4|0.5194456|(2,2001,0.5185058,88,2088,0.5194456)
v=VRn8Tc02TbU__#00-18-00_00-21-00_label_A.mp4|0.5309306|(3,2001,0.5309306,2000,4001,0.5296789,2322,4322,0.5294308)
Young.And.Dangerous.IV.1997__#0-10-35_0-11-50_label_A.mp4|0.5297031|(1,1801,0.5297031)
Sin.City.2005__#01-43-21_01-44-21_label_A.mp4|0.52024704|(1,1441,0.52024704)
Salt.2010__#01-16-00_01-16-50_label_A.mp4|0.5165259|(1,1201,0.5165259)
v=X60PecZRLGE__#1_label_A.mp4|0.53175414|(2,2001,0.5287144,644,2644,0.53175414)
v=p2ggHwtb-Zg__#00-21-00_00-24-00_label_A.mp4|0.5408163|(3,2001,0.5387479,2000,4001,0.5392443,2323,4323,0.5408163)
v=QBfO3qfo7zg__#1_label_A.mp4|0.51594067|(3,2001,0.5139499,2000,4001,0.51594067,2661,4661,0.5147381)
Kill.Bill.Vol.1.2003__#00-21-42_00-22-42_label_A.mp4|0.5156999|(1,1441,0.5156999)
GoldenEye.1995__#01-02-11_01-03-43_label_A.mp4|0.51139903|(2,2001,0.510521,209,2209,0.51139903)
v=9eME1y6V-T4__#01-36-00_01-42-00_label_A.mp4|0.5288364|(5,2001,0.5288364,2000,4001,0.5257759,4000,6001,0.5263651,6000,8001,0.52148235,6642,8642,0.5195539)
The.Pursuit.of.Happyness.2006__#01-34-18_01-38-11_label_A.mp4|0.5235822|(3,2001,0.5173223,2000,4001,0.5235822,3593,5593,0.5195453)
v=5AlAh8J3WqE__#1_label_A.mp4|0.5364545|(6,2001,0.5364545,2000,4001,0.5250431,4000,6001,0.51782817,6000,8001,0.5230413,8000,10001,0.52058816,8885,10885,0.52767175)
Taken.3.2014__#00-36-03_00-36-48_label_A.mp4|0.52146745|(1,1081,0.52146745)
Your.Name.2016__#00-05-52_00-08-22_label_A.mp4|0.5345545|(2,2001,0.5246661,1601,3601,0.5345545)
v=mfFYGFJhBI4__#1_label_A.mp4|0.52310646|(1,255,0.52310646)
v=H9Y5_X1sEEA__#00-30-00_00-33-00_label_A.mp4|0.54067796|(3,2001,0.5297944,2000,4001,0.54067796,2323,4323,0.53990626)
Love.Actually.2003__#01-34-18_01-38-11_label_A.mp4|0.529552|(3,2001,0.5260576,2000,4001,0.529552,3593,5593,0.52278066)
v=VcsJf1q9QX8__#1_label_A.mp4|0.5328564|(2,2001,0.53219223,560,2560,0.5328564)
The.Secret.Life.of.Walter.Mitty.2013__#01-23-00_01-29-08_label_A.mp4|0.5265407|(5,2001,0.52062756,2000,4001,0.51625156,4000,6001,0.5265407,6000,8001,0.51661074,6833,8833,0.5139573)
The.Bourne.Supremacy.2004__#01-34-52_01-35-50_label_A.mp4|0.5271641|(1,1393,0.5271641)
Quantum.Of.Solace.2008__#00-47-29_00-50-52_label_A.mp4|0.5271508|(3,2001,0.5194416,2000,4001,0.5271508,2873,4873,0.51892406)
v=es97CGK_5XQ__#1_label_A.mp4|0.52598774|(1,1633,0.52598774)
v=y7vIfdKwHDk__#1_label_A.mp4|0.5271434|(3,2001,0.51810753,2000,4001,0.5271434,2182,4182,0.52556044)
v=NjI-AuzKgMc__#1_label_A.mp4|0.5231256|(2,2001,0.5231256,836,2836,0.5211186)
Salt.2010__#00-02-10_00-03-57_label_A.mp4|0.522131|(2,2001,0.522131,569,2569,0.5217812)
The.Bourne.Supremacy.2004__#0-58-18_01-00-58_label_A.mp4|0.5278828|(2,2001,0.5147752,1842,3842,0.5278828)
Shoplifters.2018__#00-17-30_00-19-10_label_A.mp4|0.51364666|(2,2001,0.513344,401,2401,0.51364666)
Mission.Impossible.Ghost.Protocol.2011__#01-07-24_01-09-09_label_A.mp4|0.5213857|(2,2001,0.5213857,521,2521,0.5209304)
v=EToznHwS0OA__#1_label_A.mp4|0.5398749|(2,2001,0.5398749,1730,3730,0.5314433)
Before.Sunset.2004__#00-23-50_00-24-31_label_A.mp4|0.5151908|(1,985,0.5151908)
Ip.Man.2008__#01-04-27_01-06-22_label_A.mp4|0.51066124|(2,2001,0.51066124,761,2761,0.50608855)
A.Beautiful.Mind.2001__#00-40-52_00-42-01_label_A.mp4|0.5174447|(1,1657,0.5174447)
IP.Man.2.2010__#00-54-00_00-57-12_label_A.mp4|0.52296996|(3,2001,0.51705617,2000,4001,0.51122445,2608,4608,0.52296996)
The.Bourne.Identity.2002__#0-57-11_0-58-45_label_A.mp4|0.5096683|(2,2001,0.5096683,257,2257,0.5090864)
Love.Actually.2003__#00-51-55_00-55-16_label_A.mp4|0.5296957|(3,2001,0.5296957,2000,4001,0.5284535,2826,4826,0.5261577)
The.Attorney.2013__#00-47-00_00-49-30_label_A.mp4|0.51810044|(2,2001,0.51810044,1601,3601,0.51655287)
v=3lSHv_DUbJs__#1_label_A.mp4|0.53916794|(2,2001,0.53916794,1566,3566,0.53028417)
v=QiLNvC7CIuY__#1_label_A.mp4|0.53080386|(1,1161,0.53080386)
v=ODGDLQ0TT3M__#1_label_A.mp4|0.5322467|(2,2001,0.5319947,138,2138,0.5322467)
Thelma...Louise.1991__#01-53-54_01-54-50_label_A.mp4|0.5145704|(1,1345,0.5145704)
v=usAvzbDq6-c__#00-21-00_00-24-00_label_A.mp4|0.54579127|(3,2001,0.54579127,2000,4001,0.53444886,2322,4322,0.5340014)
The.Notebook.2004__#01-52-20_01-58-00_label_A.mp4|0.5135761|(5,2001,0.51170486,2000,4001,0.5095044,4000,6001,0.5090009,6000,8001,0.51324904,6161,8161,0.5135761)
Bullet.in.the.Head.1990__#00-25-11_00-26-15_label_A.mp4|0.53224456|(1,1537,0.53224456)
v=yviKz5J-pEA__#1_label_A.mp4|0.51517874|(2,2001,0.51517874,1731,3731,0.51333606)
v=QozLwYYVotY__#1_label_A.mp4|0.5347462|(2,2001,0.52094495,1254,3254,0.5347462)
Before.Sunrise.1995__#00-03-00_00-04-05_label_A.mp4|0.51410335|(1,1561,0.51410335)
v=aBsrZKrRtqU__#1_label_A.mp4|0.512418|(1,1235,0.512418)
v=eAgqJnO3kr8__#00-48-00_00-54-00_label_A.mp4|0.5251231|(5,2001,0.51496416,2000,4001,0.5214563,4000,6001,0.51776123,6000,8001,0.5223441,6642,8642,0.5251231)
Lord.of.War__#00-59-20_01-00-35_label_A.mp4|0.5116898|(1,1801,0.5116898)
The.Intouchables.2011__#00-58-18_01-02-30_label_A.mp4|0.5274449|(4,2001,0.51373345,2000,4001,0.5167316,4000,6001,0.5265683,4049,6049,0.5274449)
Operation.Red.Sea.2018__#0-12-26_0-13-36_label_A.mp4|0.5080868|(1,1680,0.5080868)
The.Intouchables.2011__#00-04-20_00-05-35_label_A.mp4|0.5133207|(1,1801,0.5133207)
v=Ehh8ZdIMMj4__#1_label_A.mp4|0.5261445|(2,2001,0.52466094,708,2708,0.5261445)
The.Notebook.2004__#00-08-55_00-10-50_label_A.mp4|0.5261853|(2,2001,0.5261853,762,2762,0.5254319)
Flipped.2010__#00-08-55_00-10-50_label_A.mp4|0.52289647|(2,2001,0.5149849,762,2762,0.52289647)
v=vsI_pKNcgeQ__#00-15-00_00-18-00_label_A.mp4|0.5315791|(3,2001,0.5315791,2000,4001,0.5313067,2322,4322,0.5310266)
v=ldnLxTablA8__#1_label_A.mp4|0.52288383|(2,2001,0.5188225,300,2300,0.52288383)
Love.Actually.2003__#01-04-40_01-06-59_label_A.mp4|0.5266364|(2,2001,0.5234967,1336,3336,0.5266364)
GoldenEye.1995__#00-56-11_00-56-51_label_A.mp4|0.5354342|(1,962,0.5354342)
v=AqFWYZsOgWY__#00-33-00_00-36-00_label_A.mp4|0.52179545|(3,2001,0.52179545,2000,4001,0.5163941,2322,4322,0.52154815)
v=MyM5G7fo7Gg__#00-18-00_00-21-00_label_A.mp4|0.53187877|(3,2001,0.5265231,2000,4001,0.53039914,2323,4323,0.53187877)
One.Day.2011__#01-02-50_01-07-05_label_A.mp4|0.5172352|(4,2001,0.5172352,2000,4001,0.51561046,4000,6001,0.51427585,4121,6121,0.514414)
Death.Proof.2007__#00-02-04_00-05-00_label_A.mp4|0.54333806|(3,2001,0.54333806,2000,4001,0.52841496,2225,4225,0.526413)
Fast.Furious.2009__#01-08-33_01-10-18_label_A.mp4|0.51086205|(2,2001,0.5074687,521,2521,0.51086205)
A.Beautiful.Mind.2001__#00-25-20_00-29-20_label_A.mp4|0.51781416|(3,2001,0.5159586,2000,4001,0.51781416,3761,5761,0.51427025)
Tropa.de.Elite.2.2010__#01-30-51_01-32-30_label_A.mp4|0.5212654|(2,2001,0.5212654,377,2377,0.51899874)
v=EeUTpfyb0qo__#1_label_A.mp4|0.53101856|(10,2001,0.52826124,2000,4001,0.52883595,4000,6001,0.51609856,6000,8001,0.53101856,8000,10001,0.530233,10000,12001,0.52326447,12000,14001,0.52261823,14000,16001,0.51871204,16000,18001,0.51921034,16143,18143,0.5199663)
v=HksDvkX6Bjk__#1_label_A.mp4|0.5420911|(8,2001,0.5389349,2000,4001,0.53201,4000,6001,0.5286091,6000,8001,0.5420911,8000,10001,0.5409308,10000,12001,0.53467846,12000,14001,0.5387042,13435,15435,0.5324765)
Before.Sunrise.1995__#00-40-52_00-42-01_label_A.mp4|0.5100863|(1,1657,0.5100863)
v=9FxmNOXF25Q__#1_label_A.mp4|0.5327569|(3,2001,0.5327569,2000,4001,0.5281442,2120,4120,0.5281084)
Your.Name.2016__#01-01-20_01-04-00_label_A.mp4|0.5278125|(2,2001,0.52555,1841,3841,0.5278125)
Black.Hawk.Down.2001__#00-06-44_00-07-39_label_A.mp4|0.51831996|(1,1321,0.51831996)
v=SmFpAAHmoII__#1_label_A.mp4|0.5337511|(2,2001,0.5337511,1951,3951,0.53290844)
Election.2005__#00-03-35_00-05-05_label_A.mp4|0.51428825|(2,2001,0.51324856,160,2160,0.51428825)
v=H12BVHrNiXs__#1_label_A.mp4|0.5343532|(3,2001,0.5343532,2000,4001,0.53239286,2787,4787,0.53048843)
v=Oh6FDdpH08A__#1_label_A.mp4|0.5361068|(2,2001,0.5328021,1344,3344,0.5361068)
v=RarYGpz-blM__#1_label_A.mp4|0.53376335|(2,2001,0.53376335,1384,3384,0.52847785)
The.Pursuit.of.Happyness.2006__#00-17-30_00-19-10_label_A.mp4|0.51920253|(2,2001,0.5130784,401,2401,0.51920253)
Young.And.Dangerous.II.1996__#0-53-25_0-54-20_label_A.mp4|0.521624|(1,1322,0.521624)
v=1EvRIhdsX1s__#1_label_A.mp4|0.51925045|(1,862,0.51925045)
Black.Hawk.Down.2001__#01-36-44_01-37-33_label_A.mp4|0.5139465|(1,1176,0.5139465)
City.of.God.2002__#00-33-10_00-34-50_label_A.mp4|0.5358474|(2,2001,0.53447294,401,2401,0.5358474)
v=g7fnNf88IOc__#1_label_A.mp4|0.53092754|(2,2001,0.5297108,1635,3635,0.53092754)
Ip.Man.2008__#00-02-56_00-05-24_label_A.mp4|0.52503234|(2,2001,0.52503234,1553,3553,0.51746976)
v=hgoGZZSMhMQ__#1_label_A.mp4|0.5281158|(1,159,0.5281158)
Mission.Impossible.II.2000__#00-11-37_00-15-46_label_A.mp4|0.51315755|(1,693,0.51315755)
Kill.Bill.Vol.2.2004__#01-03-13_01-04-13_label_A.mp4|0.5313349|(1,1441,0.5313349)
v=Pf7WtK-YPDA__#1_label_A.mp4|0.541526|(1,1954,0.541526)
Mission.Impossible.Ghost.Protocol.2011__#01-24-59_01-28-30_label_A.mp4|0.52075016|(3,2001,0.52075016,2000,4001,0.5095839,3064,5064,0.5126644)
v=0vVOXlgHC1U__#00-12-00_00-18-00_label_A.mp4|0.53498083|(5,2001,0.5262279,2000,4001,0.53498083,4000,6001,0.52743685,6000,8001,0.53256875,6642,8642,0.52912235)
Hear.Me.2009__#00-30-50_00-32-31_label_A.mp4|0.52663606|(2,2001,0.52663606,425,2425,0.5260121)
v=H9Y5_X1sEEA__#00-45-00_00-48-00_label_A.mp4|0.53555864|(3,2001,0.53542554,2000,4001,0.53300214,2323,4323,0.53555864)
A.Beautiful.Mind.2001__#00-50-26_00-55-16_label_A.mp4|0.52358675|(4,2001,0.5150183,2000,4001,0.51309955,4000,6001,0.5190112,4962,6962,0.52358675)
v=9qxJ6bznkNI__#1_label_A.mp4|0.5157097|(3,2001,0.5157097,2000,4001,0.51472,3454,5454,0.5129747)
Flipped.2010__#01-10-30_01-13-51_label_A.mp4|0.5194122|(3,2001,0.5144102,2000,4001,0.5194122,2825,4825,0.5140524)
v=94zZ9iptP54__#1_label_A.mp4|0.5346866|(1,932,0.5346866)
Love.Me.If.You.Dare.2003__#00-33-52_00-39-00_label_A.mp4|0.53307617|(4,2001,0.52505153,2000,4001,0.52968264,4000,6001,0.5180683,5394,7394,0.53307617)
The.Fast.and.the.Furious.2001__#01-38-50_01-39-59_label_A.mp4|0.52240527|(1,1657,0.52240527)
Taken.3.2014__#01-20-10_01-21-30_label_A.mp4|0.52500933|(1,1921,0.52500933)
v=wQrV75N2BrI__#1_label_A.mp4|0.5443899|(17,2001,0.54343414,2000,4001,0.5443899,4000,6001,0.5399756,6000,8001,0.5347184,8000,10001,0.5367437,10000,12001,0.5393916,12000,14001,0.53786635,14000,16001,0.53018546,16000,18001,0.53807455,18000,20001,0.53673345,20000,22001,0.53745705,22000,24001,0.54023033,24000,26001,0.5409475,26000,28001,0.53795004,28000,30001,0.5366517,30000,32001,0.53455114,31196,33196,0.5324461)
Good.Will.Hunting.1997__#00-08-55_00-10-50_label_A.mp4|0.5294448|(2,2001,0.5294448,762,2762,0.52430046)
v=vp_W8CqtCug__#1_label_A.mp4|0.5288046|(2,2001,0.525996,1806,3806,0.5288046)
The.Fast.and.the.Furious.2001__#00-26-09_00-26-52_label_A.mp4|0.51064086|(1,1033,0.51064086)
v=SdYFFo_tsfk__#00-18-00_00-24-00_label_A.mp4|0.5277686|(5,2001,0.52680373,2000,4001,0.52327436,4000,6001,0.5264922,6000,8001,0.5277686,6642,8642,0.52485174)
v=y7JEq-kf-2I__#00-01-50_00-02-30_label_A.mp4|0.50978714|(1,960,0.50978714)
Mission.Impossible.Ghost.Protocol.2011__#00-49-03_00-51-21_label_A.mp4|0.5157565|(2,2001,0.51220524,1313,3313,0.5157565)
Jason.Bourne.2016__#0-51-37_0-53-20_label_A.mp4|0.51112807|(2,2001,0.51112807,473,2473,0.5110815)
v=usAvzbDq6-c__#00-18-00_00-21-00_label_A.mp4|0.54185176|(3,2001,0.5373382,2000,4001,0.5360799,2322,4322,0.54185176)
v=VGP9qh7U4H0__#1_label_A.mp4|0.5380954|(3,2001,0.5380954,2000,4001,0.52720374,3284,5284,0.52807057)
Tropa.de.Elite.2007__#00-10-30_00-12-08_label_A.mp4|0.5265659|(2,2001,0.5242822,352,2352,0.5265659)
v=n0AhGnEjako__#1_label_A.mp4|0.5336397|(2,2001,0.529646,376,2376,0.5336397)
v=5NZxPmTpV6Y__#1_label_A.mp4|0.5375177|(2,2001,0.5375177,807,2807,0.5343625)
Desperado.1995__#00-19-00_00-20-31_label_A.mp4|0.5193933|(2,2001,0.51779085,185,2185,0.5193933)
Good.Will.Hunting.1997__#00-58-18_01-02-30_label_A.mp4|0.5228983|(4,2001,0.51657426,2000,4001,0.5137032,4000,6001,0.52222604,4049,6049,0.5228983)
v=bU86SW6L7Tc__#1_label_A.mp4|0.5306329|(3,2001,0.5306329,2000,4001,0.52878493,2250,4250,0.5278043)
v=VNQ1Vkz_cM4__#1_label_A.mp4|0.5352432|(3,2001,0.5340476,2000,4001,0.5352432,3622,5622,0.534987)
City.Of.Men.2007__#01-36-01_01-37-31_label_A.mp4|0.5233727|(2,2001,0.5233727,161,2161,0.52215636)
v=BL8ppFg7NKI__#1_label_A.mp4|0.5335961|(3,2001,0.5283448,2000,4001,0.5335961,3470,5470,0.53073764)
Young.And.Dangerous.I.1996__#0-55-09_0-56-59_label_A.mp4|0.52000266|(2,2001,0.5184004,641,2641,0.52000266)
The.Bourne.Ultimatum.2007__#01-32-57_01-33-53_label_A.mp4|0.51497227|(1,1345,0.51497227)
v=-tqHsoEoUyY__#1_label_A.mp4|0.5352822|(1,1011,0.5352822)
v=eAgqJnO3kr8__#00-42-00_00-48-00_label_A.mp4|0.525057|(5,2001,0.51145667,2000,4001,0.5183139,4000,6001,0.52464664,6000,8001,0.525057,6642,8642,0.5248768)
v=ibYV3e17R5c__#1_label_A.mp4|0.5260074|(2,2001,0.5216022,1375,3375,0.5260074)
IP.Man.2.2010__#01-44-00_01-44-42_label_A.mp4|0.5143331|(1,1008,0.5143331)
Tropa.de.Elite.2007__#00-52-33_00-54-35_label_A.mp4|0.5169086|(2,2001,0.5169086,930,2930,0.51662135)
v=usAvzbDq6-c__#00-03-00_00-06-00_label_A.mp4|0.5528976|(3,2001,0.5322921,2000,4001,0.5528976,2322,4322,0.5504661)
v=smnw0Q7AxFQ__#1_label_A.mp4|0.53481287|(4,2001,0.53481287,2000,4001,0.5308719,4000,6001,0.53182983,5956,7956,0.5335574)
Hear.Me.2009__#00-49-48_00-51-12_label_A.mp4|0.52848|(2,2001,0.52848,17,2017,0.5260114)
Saving.Private.Ryan.1998__#02-00-56_02-03-06_label_A.mp4|0.5109709|(2,2001,0.509246,1121,3121,0.5109709)
Be.with.You.2018__#01-42-06_01-45-53_label_A.mp4|0.5203891|(3,2001,0.5161864,2000,4001,0.5203891,3449,5449,0.51826346)
Bullet.in.the.Head.1990__#00-03-59_00-04-40_label_A.mp4|0.52169883|(1,985,0.52169883)
