Mission.Impossible.Fallout.2018__#00-31-21_00-32-50_label_B1-0-0.mp4|0.9613819|(2,2001,0.9613819,136,2136,0.8535505)
v=bhZs3ALdL7Y__#1_label_G-0-0.mp4|0.41604558|(1,81,0.41604558)
Skyfall.2012__#01-55-44_01-56-57_label_B2-G-0.mp4|0.993961|(1,1753,0.993961)
v=15wDrZJQpsw__#00-05-20_00-06-20_label_B6-0-0.mp4|0.9904998|(1,1443,0.9904998)
v=gp_D8r-2hwk__#1_label_G-0-0.mp4|0.8116088|(2,2001,0.7635142,551,2551,0.8116088)
Quantum.Of.Solace.2008__#01-19-30_01-20-05_label_B1-0-0.mp4|0.82506156|(1,841,0.82506156)
Saving.Private.Ryan.1998__#02-24-18_02-25-42_label_B1-0-0.mp4|0.8058679|(2,2001,0.8058679,17,2017,0.7458865)
Rush.Hour.3.2007.BluRay__#00-34-11_00-35-46_label_B1-0-0.mp4|0.97916096|(2,2001,0.9411297,281,2281,0.97916096)
The.Bourne.Identity.2002__#0-54-45_0-56-25_label_B6-0-0.mp4|0.9874226|(2,2001,0.98668134,401,2401,0.9874226)
Rush.Hour.1998.BluRay__#00-11-05_00-12-10_label_B2-B1-0.mp4|0.872293|(1,1562,0.872293)
v=GN-7_ye5k4E__#1_label_G-0-0.mp4|0.99628204|(2,2001,0.99628204,681,2681,0.99390453)
v=b0MUjeKAGZw__#1_label_B4-0-0.mp4|0.91922253|(2,2001,0.8962653,795,2795,0.91922253)
Mission.Impossible.III.2006__#00-56-23_00-56-40_label_G-0-0.mp4|0.9958995|(1,409,0.9958995)
Kingsman.The.Secret.Service.2014__#01-43-40_01-44-50_label_B2-G-0.mp4|0.55965436|(1,1681,0.55965436)
v=m5Ya6z6qroo__#1_label_B4-0-0.mp4|0.8172775|(3,2001,0.6364307,2000,4001,0.8172775,3647,5647,0.40158308)
Rush.Hour.3.2007.BluRay__#01-12-16_01-12-36_label_B1-0-0.mp4|0.96096736|(1,481,0.96096736)
Kingsman.The.Secret.Service.2014__#00-22-10_00-23-10_label_B2-0-0.mp4|0.5619881|(1,1441,0.5619881)
v=5BBoVfKOyeM__#00-08-19_00-10-10_label_B6-0-0.mp4|0.6951927|(2,2001,0.6840774,666,2666,0.6951927)
v=3xWiBCIxjIk__#1_label_B4-0-0.mp4|0.99977344|(2,2001,0.99977344,1748,3748,0.9653195)
Lord.of.War__#00-50-10_00-50-50_label_G-0-0.mp4|0.03599026|(1,961,0.03599026)
v=3WmMhircZOc__#1_label_B4-0-0.mp4|0.7450444|(4,2001,0.4064938,2000,4001,0.6972208,4000,6001,0.589084,4025,6025,0.7450444)
v=DVdXoVUNkhg__#1_label_G-0-0.mp4|0.41272855|(1,1146,0.41272855)
v=1GFBuaGCeTo__#1_label_G-0-0.mp4|0.84823424|(1,1253,0.84823424)
v=hAHXCMRvY_I__#1_label_G-0-0.mp4|0.9517058|(1,486,0.9517058)
v=lpkL0Y1MhA8__#1_label_B4-0-0.mp4|0.49869782|(2,2001,0.49869782,524,2524,0.1116006)
City.of.God.2002__#00-40-16_00-41-30_label_B2-0-0.mp4|0.46047243|(1,1778,0.46047243)
Mission.Impossible.Ghost.Protocol.2011__#01-54-24_01-54-50_label_B1-0-0.mp4|0.8016041|(1,625,0.8016041)
v=AF9p0YA0hyA__#00-03-03_00-04-20_label_B4-0-0.mp4|0.30903125|(1,1850,0.30903125)
v=fQQzg2VfJME__#1_label_B4-0-0.mp4|0.65504986|(1,1348,0.65504986)
v=pFamvR9CpYw__#00-00-00_00-06-36_label_B4-0-0.mp4|0.8627843|(5,2001,0.7039298,2000,4001,0.09367981,4000,6001,0.8627843,6000,8001,0.30106908,7506,9506,0.20831051)
Ip.Man.2008__#01-40-37_01-42-07_label_B4-0-0.mp4|0.5494523|(2,2001,0.295616,161,2161,0.5494523)
v=lcBUb7EOQ4o__#1_label_G-0-0.mp4|0.99172133|(2,2001,0.89349794,237,2237,0.99172133)
Operation.Red.Sea.2018__#0-25-36_0-26-03_label_G-0-0.mp4|0.87888974|(1,648,0.87888974)
v=q_DhkdHGXos__#1_label_B1-0-0.mp4|0.4275176|(3,2001,0.06572975,2000,4001,0.13709736,2638,4638,0.4275176)
v=7QOdBpDrmKk__#00-01-00_00-02-45_label_B6-0-0.mp4|0.9999665|(2,2001,0.9999665,522,2522,0.99417406)
Mission.Impossible.V.Rogue.Nation.2015__#01-54-23_01-55-10_label_B2-0-0.mp4|0.7385948|(1,1129,0.7385948)
v=xbPWQKZspfU__#1_label_B1-0-0.mp4|0.7657453|(3,2001,0.7657453,2000,4001,0.026019992,3034,5034,0.09942124)
v=nLAapCIlr-o__#00-07-22_00-08-19_label_B6-0-0.mp4|0.99691147|(1,1370,0.99691147)
Kill.Bill.Vol.1.2003__#01-17-20_01-20-20_label_B1-0-0.mp4|0.883937|(3,2001,0.2088315,2000,4001,0.741498,2321,4321,0.883937)
v=Dn_SDu22WpM__#00-08-35_00-10-05_label_B6-0-0.mp4|0.9995179|(2,2001,0.9995179,163,2163,0.84196866)
v=-fOWSLV6Esw__#1_label_B4-0-0.mp4|0.54263294|(1,789,0.54263294)
Election.2005__#00-47-57_00-50-54_label_B5-0-0.mp4|0.41528618|(3,2001,0.41528618,2000,4001,0.030909235,2248,4248,0.022726376)
v=-kwNh1lMU-w__#1_label_B4-0-0.mp4|0.97124475|(3,2001,0.97124475,2000,4001,0.94695514,2081,4081,0.9248891)
v=6nfo9c7a5pE__#1_label_B1-0-0.mp4|0.18649606|(1,1235,0.18649606)
v=SMy2_qNO2Y0__#00-01-50_00-03-13_label_G-0-0.mp4|0.8586213|(1,1994,0.8586213)
v=Qc3pAEeK16A__#1_label_B1-0-0.mp4|0.54389083|(1,1409,0.54389083)
v=9CWJd1SezkA__#1_label_G-0-0.mp4|0.50013846|(1,700,0.50013846)
Tropa.de.Elite.2.2010__#01-33-01_01-33-30_label_B2-0-0.mp4|0.96303403|(1,698,0.96303403)
Mission.Impossible.V.Rogue.Nation.2015__#00-17-27_00-17-55_label_B2-0-0.mp4|0.7733804|(1,673,0.7733804)
v=tP19WuyY3IY__#00-00-00_00-00-51_label_B6-0-0.mp4|0.9924481|(1,1226,0.9924481)
Operation.Red.Sea.2018__#0-16-06_0-16-46_label_G-0-0.mp4|0.31150335|(1,960,0.31150335)
The.Bourne.Ultimatum.2007__#01-44-02_01-44-11_label_B2-0-0.mp4|0.9746575|(1,217,0.9746575)
Operation.Red.Sea.2018__#0-56-26_0-57-10_label_G-0-0.mp4|0.97895527|(1,1056,0.97895527)
Lord.of.War__#01-41-04_01-41-53_label_B1-0-0.mp4|0.1068064|(1,1177,0.1068064)
v=wVey5JDRf_g__#00-01-30_00-02-41_label_B6-0-0.mp4|0.9897351|(1,1706,0.9897351)
v=1io9Uh54Vhg__#1_label_B4-0-0.mp4|0.8208576|(1,1980,0.8208576)
v=Q6zIX29HkSo__#1_label_B4-0-0.mp4|0.97001046|(2,2001,0.97001046,145,2145,0.9309216)
v=BzwNU2xmT64__#00-04-10_00-06-09_label_B6-0-0.mp4|0.99968827|(2,2001,0.99968827,858,2858,0.99510777)
v=iHuggczItBk__#00-03-00_00-03-55_label_B6-0-0.mp4|0.8426431|(1,1322,0.8426431)
v=nLAapCIlr-o__#00-16-10_00-18-09_label_B6-0-0.mp4|0.99902165|(2,2001,0.99902165,858,2858,0.997398)
Ip.Man.3.2015__#00-44-45_00-45-08_label_B1-0-0.mp4|0.84860086|(1,552,0.84860086)
Black.Hawk.Down.2001__#01-13-59_01-14-49_label_B2-0-0.mp4|0.92388463|(1,1201,0.92388463)
v=3zgaqeVSXuI__#1_label_B4-0-0.mp4|0.2904905|(1,1953,0.2904905)
Young.And.Dangerous.I.1996__#0-46-57_0-48-57_label_B1-0-0.mp4|0.96170264|(2,2001,0.96170264,881,2881,0.7245615)
v=8tqeeBGjnPg__#00-03-12_00-04-15_label_B6-0-0.mp4|0.9992312|(1,1515,0.9992312)
v=iWfUqxibqG0__#1_label_G-0-0.mp4|0.95610934|(1,631,0.95610934)
v=Ia9ATKNeUbY__#00-04-19_00-05-11_label_B6-0-0.mp4|0.9985671|(1,1250,0.9985671)
v=UK2w9Sh47fM__#1_label_G-0-0.mp4|0.7235859|(1,1198,0.7235859)
Salt.2010__#00-17-40_00-18-16_label_B1-0-0.mp4|0.82430977|(1,865,0.82430977)
v=2Rr21qkZEDQ__#00-03-00_00-04-09_label_B6-0-0.mp4|0.99529856|(1,1658,0.99529856)
Skyfall.2012__#01-20-05_01-20-20_label_B1-B2-0.mp4|0.9587601|(1,361,0.9587601)
Bullet.in.the.Head.1990__#00-41-30_00-44-16_label_B4-G-0.mp4|0.7942136|(2,2001,0.53321457,1986,3986,0.7942136)
v=5Tnl7_8RqlA__#00-11-00_00-12-45_label_B6-0-0.mp4|0.99969065|(2,2001,0.99969065,522,2522,0.99898976)
v=BXR3d22BhHs__#00-06-00_00-07-00_label_B4-0-0.mp4|0.88042486|(1,1443,0.88042486)
The.Fast.and.the.Furious.2001__#00-52-18_00-53-36_label_B1-0-0.mp4|0.09429897|(1,1873,0.09429897)
v=gENp4SyNxkI__#1_label_B1-0-0.mp4|0.891445|(1,1275,0.891445)
v=YANmwpkuWRo__#1_label_G-0-0.mp4|0.38168916|(1,1080,0.38168916)
v=96N4XAJ7FKM__#1_label_B1-0-0.mp4|0.46796533|(3,2001,0.46796533,2000,4001,0.37048784,2860,4860,0.0986724)
Mission.Impossible.II.2000__#01-38-25_01-38-41_label_B2-B5-0.mp4|0.8674387|(1,385,0.8674387)
v=15wDrZJQpsw__#00-00-00_00-00-51_label_B6-0-0.mp4|0.9966624|(1,1226,0.9966624)
Skyfall.2012__#01-57-40_01-58-00_label_B2-0-0.mp4|0.9862919|(1,481,0.9862919)
Spectre.2015__#02-15-30_02-16-05_label_G-0-0.mp4|0.9947706|(1,842,0.9947706)
GoldenEye.1995__#00-10-00_00-10-40_label_G-0-0.mp4|0.87905514|(1,961,0.87905514)
v=0yHBkMBE8r4__#1_label_B1-0-0.mp4|0.52127916|(3,2001,0.3677582,2000,4001,0.52127916,3162,5162,0.4688523)
Bad.Boys.1995__#01-33-51_01-34-37_label_B2-0-0.mp4|0.9969908|(1,1104,0.9969908)
v=YKtw6uLEGps__#1_label_B4-0-0.mp4|0.7888941|(2,2001,0.7888941,934,2934,0.77578706)
v=cO1UefhG7AY__#1_label_G-0-0.mp4|0.9013692|(3,2001,0.53899974,2000,4001,0.9013692,2574,4574,0.8164786)
v=Lt9M_tSij_4__#00-00-00_00-04-24_label_B6-0-0.mp4|0.98545974|(4,2001,0.7168837,2000,4001,0.96596396,4000,6001,0.98545974,4336,6336,0.9591285)
v=kVl-6-A9ZO4__#00-08-01_00-09-35_label_B6-0-0.mp4|0.97879887|(2,2001,0.96415305,259,2259,0.97879887)
v=X6Tbn8_X-Os__#1_label_B1-0-0.mp4|0.7943474|(3,2001,0.7943474,2000,4001,0.26324722,2899,4899,0.037206277)
v=BQjKQbYgUBA__#1_label_B1-0-0.mp4|0.6918724|(2,2001,0.6918724,1423,3423,0.49507347)
Skyfall.2012__#02-08-44_02-09-17_label_B1-0-0.mp4|0.9012819|(1,793,0.9012819)
Deadpool.2016__#0-18-58_0-19-20_label_B1-0-0.mp4|0.8546642|(1,529,0.8546642)
v=zQbnQBCTSiA__#1_label_B1-0-0.mp4|0.72312874|(3,2001,0.58423513,2000,4001,0.52344865,3695,5695,0.72312874)
v=Hnfy9XhlIPM__#1_label_B4-0-0.mp4|0.9963606|(3,2001,0.9963606,2000,4001,0.8256876,2661,4661,0.8282923)
v=ZkUciDD55kA__#00-00-00_00-00-30_label_G-0-0.mp4|0.8617296|(1,722,0.8617296)
v=MqrNCb2N5to__#1_label_B1-0-0.mp4|0.20930496|(2,2001,0.107160985,533,2533,0.20930496)
v=_5Kmb4tqMxs__#1_label_B4-0-0.mp4|0.54522705|(1,1305,0.54522705)
Taken.2.UNRATED.EXTENDED.2012__#01-06-28_01-06-49_label_B2-0-0.mp4|0.986022|(1,505,0.986022)
Mission.Impossible.V.Rogue.Nation.2015__#01-19-48_01-20-20_label_B6-0-0.mp4|0.9286678|(1,770,0.9286678)
Yellow.Sea.2010__#01-04-00_01-04-50_label_B1-0-0.mp4|0.94071966|(1,1200,0.94071966)
v=HSisjzLESak__#00-00-00_00-00-51_label_B6-0-0.mp4|0.99363446|(1,1226,0.99363446)
Operation.Red.Sea.2018__#01-37-22_01-37-36_label_G-B2-0.mp4|0.99902785|(1,336,0.99902785)
Shoot.Em.Up.2007__#00-56-56_00-57-15_label_B2-0-0.mp4|0.9984505|(1,457,0.9984505)
v=jYENhkzdpO8__#00-00-00_00-01-31_label_B6-0-0.mp4|0.96643627|(2,2001,0.9645902,186,2186,0.96643627)
New.Kids.Turbo.2010__#00-50-13_00-50-34_label_B1-0-0.mp4|0.6352035|(1,504,0.6352035)
v=bDm2-1NZBLw__#1_label_B4-0-0.mp4|0.86307824|(2,2001,0.86307824,210,2210,0.845009)
Bullet.in.the.Head.1990__#00-23-31_00-24-40_label_G-0-0.mp4|0.26527205|(1,1657,0.26527205)
v=ZnFlL84K7HE__#00-27-53_00-34-45_label_B4-0-0.mp4|0.9885903|(5,2001,0.83289653,2000,4001,0.9885903,4000,6001,0.9680871,6000,8001,0.987099,7890,9890,0.92701256)
City.of.God.2002__#01-24-10_01-25-10_label_B2-0-0.mp4|0.9925073|(1,1441,0.9925073)
v=ICnreR1hxP0__#1_label_B4-0-0.mp4|0.6595667|(3,2001,0.48812148,2000,4001,0.46164435,2328,4328,0.6595667)
v=2al4t5inObA__#1_label_B4-0-0.mp4|0.9865193|(2,2001,0.9865193,1582,3582,0.88346434)
v=3wxWNAM8Cso__#1_label_G-0-0.mp4|0.9807211|(4,2001,0.373345,2000,4001,0.9211234,4000,6001,0.979349,4063,6063,0.9807211)
v=pMtu7fOHdII__#1_label_B1-0-0.mp4|0.19829908|(1,1252,0.19829908)
Black.Hawk.Down.2001__#01-42-58_01-43-58_label_G-0-0.mp4|0.65356797|(1,1441,0.65356797)
v=ZoS8gm5OcOM__#00-07-50_00-08-55_label_B6-0-0.mp4|0.98069364|(1,1562,0.98069364)
v=tP19WuyY3IY__#00-06-10_00-07-51_label_B6-0-0.mp4|0.9869385|(2,2001,0.9869385,426,2426,0.9090818)
v=CvMpD1yqfxI__#1_label_G-0-0.mp4|0.93472344|(1,873,0.93472344)
v=-etV57xZ4_I__#1_label_B4-0-0.mp4|0.7202492|(1,265,0.7202492)
Taken.Extended.Cut.2008__#00-50-45_00-51-04_label_B2-B6-0.mp4|0.9997191|(1,456,0.9997191)
v=UzxuX79xq4s__#1_label_B4-0-0.mp4|0.4901718|(3,2001,0.4901718,2000,4001,0.3373776,3286,5286,0.4490661)
v=EH_QB6cm6BE__#1_label_G-0-0.mp4|0.42586264|(1,658,0.42586264)
Salt.2010__#01-12-05_01-12-32_label_B2-G-0.mp4|0.99893254|(1,649,0.99893254)
v=y1z12D5bx7c__#1_label_B4-0-0.mp4|0.9905855|(3,2001,0.90017205,2000,4001,0.98081815,2850,4850,0.9905855)
v=1q5V6DKH3bw__#1_label_B4-0-0.mp4|0.7059327|(2,2001,0.7059327,1029,3029,0.5970301)
v=v-Plzx73K68__#1_label_B4-0-0.mp4|0.62652165|(1,1016,0.62652165)
Mission.Impossible.Fallout.2018__#02-03-50_02-04-35_label_B1-0-0.mp4|0.8064748|(1,1080,0.8064748)
v=ZCjNPgNu42g__#1_label_B4-0-0.mp4|0.9946266|(2,2001,0.6612574,1483,3483,0.9946266)
v=7QOdBpDrmKk__#00-10-30_00-10-51_label_B6-0-0.mp4|0.98930126|(1,506,0.98930126)
v=OE9t3XImErk__#1_label_B1-0-0.mp4|0.71401376|(1,557,0.71401376)
Sin.City.2005__#0-10-40_0-11-40_label_B2-0-0.mp4|0.03902185|(1,1441,0.03902185)
v=_YobflFU_HU__#00-06-10_00-07-51_label_B6-0-0.mp4|0.99986196|(2,2001,0.99986196,426,2426,0.9997931)
Casino.Royale.2006__#01-17-29_01-17-46_label_B1-0-0.mp4|0.8062121|(1,409,0.8062121)
The.Fast.and.the.Furious.2001__#00-29-00_00-29-52_label_B2-G-0.mp4|0.9782218|(1,1249,0.9782218)
v=2jwO15SMyuo__#1_label_B4-0-0.mp4|0.99784887|(2,2001,0.99074006,376,2376,0.99784887)
Rush.Hour.3.2007.BluRay__#00-40-56_00-41-52_label_B2-0-0.mp4|0.97545946|(1,1345,0.97545946)
v=uQY15O3LKI0__#1_label_B6-0-0.mp4|0.6737758|(2,2001,0.6737758,1970,3970,0.29572055)
v=iegHZ_UWWsA__#00-14-05_00-20-33_label_B4-0-0.mp4|0.95222133|(5,2001,0.95222133,2000,4001,0.90863883,4000,6001,0.8166503,6000,8001,0.42692298,7314,9314,0.37730595)
God.Bless.America.2011__#00-38-25_00-39-37_label_B2-B5-0.mp4|0.17891695|(1,1729,0.17891695)
Bullet.in.the.Head.1990__#01-45-21_01-46-20_label_B2-0-0.mp4|0.8111305|(1,1417,0.8111305)
Taken.2.UNRATED.EXTENDED.2012__#01-00-00_01-00-16_label_B2-0-0.mp4|0.62116325|(1,385,0.62116325)
v=Ia9ATKNeUbY__#00-05-19_00-06-09_label_B6-0-0.mp4|0.9993024|(1,1202,0.9993024)
v=Q-u3Y9TkZhQ__#1_label_B4-0-0.mp4|0.40263775|(1,1036,0.40263775)
v=uprb6aBzymw__#00-03-03_00-05-13_label_B4-0-0.mp4|0.6564895|(2,2001,0.6564895,1121,3121,0.44845763)
v=cuUK-3MNqtw__#1_label_B1-0-0.mp4|0.15955506|(2,2001,0.14947367,63,2063,0.15955506)
Fast.Five.2011__#00-32-05_00-32-24_label_B1-B2-0.mp4|0.99211556|(1,457,0.99211556)
Kingsman.The.Golden.Circle.2017__#00-35-55_00-36-35_label_B1-0-0.mp4|0.9080201|(1,962,0.9080201)
The.Hurt.Locker.2008__#01-27-42_01-28-09_label_G-0-0.mp4|0.67885303|(1,649,0.67885303)
Fast.Furious.6.2013__#01-38-33_01-39-20_label_B1-0-0.mp4|0.5407109|(1,1129,0.5407109)
v=u5SF4SlqNDQ__#00-02-39_00-03-41_label_G-0-0.mp4|0.99884605|(1,1491,0.99884605)
Tropa.de.Elite.2.2010__#00-13-41_00-14-56_label_B4-0-0.mp4|0.61573595|(1,1801,0.61573595)
Fast.Five.2011__#00-01-41_00-01-57_label_B6-0-0.mp4|0.9947647|(1,385,0.9947647)
Taken.Extended.Cut.2008__#00-33-51_00-34-03_label_B1-0-0.mp4|0.97602636|(1,289,0.97602636)
Taken.2.UNRATED.EXTENDED.2012__#00-45-50_00-46-20_label_G-0-0.mp4|0.45264035|(1,722,0.45264035)
Shoot.Em.Up.2007__#00-32-40_00-35-10_label_B2-0-0.mp4|0.999032|(2,2001,0.99733955,1601,3601,0.999032)
Saving.Private.Ryan.1998__#02-23-00_02-23-28_label_B1-0-0.mp4|0.9939122|(1,673,0.9939122)
The.World.Is.Not.Enough.1999__#00-10-22_00-10-40_label_G-0-0.mp4|0.97212446|(1,433,0.97212446)
Skyfall.2012__#00-06-10_00-06-25_label_B6-0-0.mp4|0.99115914|(1,361,0.99115914)
v=9Ydg5IeZpFI__#1_label_B1-0-0.mp4|0.67627007|(3,2001,0.67627007,2000,4001,0.27357376,2621,4621,0.56746083)
Taken.3.2014__#01-19-13_01-19-30_label_B1-0-0.mp4|0.96805656|(1,409,0.96805656)
v=oipd63DGadU__#1_label_B1-0-0.mp4|0.24068026|(1,1398,0.24068026)
Mission.Impossible.III.2006__#00-19-56_00-20-26_label_B2-0-0.mp4|0.99954295|(1,721,0.99954295)
v=m8EkFsaGPzU__#1_label_B4-0-0.mp4|0.8907823|(3,2001,0.81049645,2000,4001,0.43598595,3703,5703,0.8907823)
Sin.City.2005__#0-29-34_0-29-56_label_B2-0-0.mp4|0.73093486|(1,529,0.73093486)
Sin.City.2005__#01-51-59_01-52-29_label_B2-0-0.mp4|0.77830637|(1,721,0.77830637)
Death.Proof.2007__#01-40-41_01-42-17_label_B5-B6-0.mp4|0.6613127|(2,2001,0.43518877,305,2305,0.6613127)
v=k98yVPXiYoU__#1_label_G-0-0.mp4|0.8197596|(1,736,0.8197596)
Young.And.Dangerous.IV.1997__#01-32-04_01-32-58_label_B1-0-0.mp4|0.9463049|(1,1297,0.9463049)
v=V7FtjJStY1M__#1_label_G-0-0.mp4|0.44891655|(1,360,0.44891655)
v=CczYDDDf22A__#1_label_G-0-0.mp4|0.7064452|(1,679,0.7064452)
v=2WkuPNLfl5s__#1_label_B4-0-0.mp4|0.5217664|(1,1242,0.5217664)
Fast.Furious.2009__#01-18-00_01-19-00_label_B2-B6-0.mp4|0.25388336|(1,1441,0.25388336)
v=GI49YSCruwY__#1_label_B4-0-0.mp4|0.4496538|(2,2001,0.4496538,1032,3032,0.2422954)
Salt.2010__#01-06-27_01-07-07_label_G-B2-0.mp4|0.99763024|(1,962,0.99763024)
v=CcD-YNlkMPY__#1_label_G-0-0.mp4|0.008626711|(1,1996,0.008626711)
v=zoIn2hOrUIM__#00-01-00_00-02-45_label_B6-0-0.mp4|0.9972844|(2,2001,0.9972844,522,2522,0.9799365)
v=TsuuRo6PEXM__#1_label_B1-0-0.mp4|0.68283117|(3,2001,0.68283117,2000,4001,0.40270323,2343,4343,0.50811833)
v=bfOlheR5nUQ__#00-04-33_00-06-02_label_B4-0-0.mp4|0.9818518|(2,2001,0.9818518,138,2138,0.9727595)
Spectre.2015__#00-44-05_00-44-40_label_B1-B2-0.mp4|0.9738176|(1,841,0.9738176)
Haywire.2011__#01-20-20_01-21-57_label_B1-0-0.mp4|0.9891348|(2,2001,0.9517764,329,2329,0.9891348)
v=osjdmjNJUdg__#1_label_B1-0-0.mp4|0.862942|(2,2001,0.862942,320,2320,0.42689705)
Saving.Private.Ryan.1998__#02-23-58_02-24-18_label_G-0-0.mp4|0.8638588|(1,481,0.8638588)
Jason.Bourne.2016__#0-29-48_0-30-29_label_B4-0-0.mp4|0.9954881|(1,985,0.9954881)
Braveheart.1995__#01-26-50_01-32-30_label_B1-0-0.mp4|0.9992353|(5,2001,0.9963922,2000,4001,0.99489224,4000,6001,0.9992353,6000,8001,0.9258617,6161,8161,0.9679303)
v=wG-2t0M8CPc__#1_label_B1-0-0.mp4|0.42449674|(2,2001,0.42449674,73,2073,0.36437765)
v=FRj2K0ulD8Q__#00-00-00_00-00-57_label_B4-0-0.mp4|0.80699927|(1,1370,0.80699927)
v=15wDrZJQpsw__#00-09-00_00-10-55_label_B6-0-0.mp4|0.9938599|(2,2001,0.9938599,762,2762,0.8783112)
v=OOjjPGN8jSU__#1_label_B6-0-0.mp4|0.43751535|(3,2001,0.14039092,2000,4001,0.43751535,3918,5918,0.18732706)
The.Hurt.Locker.2008__#0-19-22_0-22-32_label_B2-B1-0.mp4|0.8821018|(3,2001,0.88037044,2000,4001,0.8821018,2561,4561,0.7564205)
Bullet.in.the.Head.1990__#01-26-30_01-27-34_label_B2-0-0.mp4|0.11809819|(1,1537,0.11809819)
Fast.Furious.2009__#00-42-10_00-42-41_label_B6-0-0.mp4|0.99911934|(1,745,0.99911934)
Taken.3.2014__#01-12-48_01-14-30_label_B2-B1-0.mp4|0.9831466|(2,2001,0.9831466,449,2449,0.8811108)
v=g2v3EkBj9Zc__#1_label_B4-0-0.mp4|0.9272682|(1,764,0.9272682)
v=UYFR-XbyZQc__#00-01-19_00-02-42_label_G-0-0.mp4|0.93923265|(1,1992,0.93923265)
Haywire.2011__#00-16-07_00-16-49_label_B1-0-0.mp4|0.38012832|(1,1008,0.38012832)
v=ntaXjnpusxM__#1_label_G-0-0.mp4|0.39903355|(1,688,0.39903355)
v=3xkwZk44VQs__#1_label_B4-0-0.mp4|0.86355484|(2,2001,0.86355484,517,2517,0.82367796)
Brick.Mansions.2014__#01-02-00_01-02-43_label_B2-0-0.mp4|0.9131872|(1,1032,0.9131872)
v=rAlZRFZTwxM__#00-03-13_00-07-08_label_G-0-0.mp4|0.60051143|(3,2001,0.20393208,2000,4001,0.60051143,3641,5641,0.4300935)
v=UK--hvgP2uY__#1_label_G-0-0.mp4|0.9641849|(2,2001,0.8620192,605,2605,0.9641849)
v=yy-KIWDcBr4__#00-16-10_00-17-19_label_B6-0-0.mp4|0.95374066|(1,1658,0.95374066)
v=k_cvJa1kNaM__#1_label_B4-0-0.mp4|0.4207672|(3,2001,0.0935417,2000,4001,0.4207672,3628,5628,0.38500282)
Deadpool.2.2018__#0-50-30_0-51-20_label_B1-0-0.mp4|0.2346491|(1,1201,0.2346491)
v=9Jk2sIp5MRQ__#1_label_G-0-0.mp4|0.5747458|(1,568,0.5747458)
v=Q7NpJXOTiMY__#1_label_G-0-0.mp4|0.08982949|(1,1628,0.08982949)
IP.Man.2.2010__#01-35-55_01-39-11_label_B1-0-0.mp4|0.98869854|(3,2001,0.9464007,2000,4001,0.98869854,2704,4704,0.9451159)
The.World.Is.Not.Enough.1999__#00-07-04_00-07-45_label_G-B2-0.mp4|0.9962568|(1,984,0.9962568)
Desperado.1995__#01-14-11_01-17-28_label_B2-G-0.mp4|0.97975355|(3,2001,0.9596506,2000,4001,0.97975355,2729,4729,0.88638926)
City.Of.Men.2007__#00-57-37_00-58-27_label_B2-0-0.mp4|0.5726998|(1,1200,0.5726998)
v=eqtJjxsTgtg__#1_label_G-0-0.mp4|0.9443034|(1,1194,0.9443034)
v=BXR3d22BhHs__#00-07-00_00-08-00_label_B4-0-0.mp4|0.9769281|(1,1443,0.9769281)
v=yvnj5VIDsNI__#1_label_B4-0-0.mp4|0.7510894|(3,2001,0.67877597,2000,4001,0.6253903,2890,4890,0.7510894)
v=ONsmJAyFAAw__#1_label_G-0-0.mp4|0.7304984|(1,1563,0.7304984)
v=qqsd-cZr01k__#00-06-10_00-07-19_label_B6-0-0.mp4|0.7353321|(1,1658,0.7353321)
Rush.Hour.1998.BluRay__#00-08-08_00-09-15_label_B2-B6-G.mp4|0.99636227|(1,1609,0.99636227)
Sin.City.2005__#0-43-45_0-44-01_label_B2-0-0.mp4|0.99562585|(1,385,0.99562585)
v=rJz4NXm6vis__#1_label_B4-0-0.mp4|0.63418955|(1,1892,0.63418955)
The.Bourne.Ultimatum.2007__#01-26-27_01-28-03_label_B2-B6-0.mp4|0.9986526|(2,2001,0.9986526,305,2305,0.9982653)
v=73uRcX0Dvfc__#00-00-00_00-01-51_label_B6-G-0.mp4|0.998528|(2,2001,0.99582386,666,2666,0.998528)
GoldenEye.1995__#00-24-53_00-25-06_label_B1-0-0.mp4|0.99686205|(1,313,0.99686205)
v=gsz_P8t-KM4__#1_label_B4-0-0.mp4|0.5286981|(5,2001,0.5286981,2000,4001,0.17786792,4000,6001,0.2428296,6000,8001,0.5278983,7741,9741,0.42039096)
v=PWBZiM-rkoE__#1_label_G-0-0.mp4|0.036349956|(2,2001,0.036349956,711,2711,0.03418722)
v=J_ZsNd97wXw__#1_label_G-0-0.mp4|0.9947919|(1,1204,0.9947919)
Saving.Private.Ryan.1998__#02-16-58_02-17-13_label_G-0-0.mp4|0.99180907|(1,361,0.99180907)
v=CoxsDkB-rWU__#00-07-06_00-10-30_label_B4-0-0.mp4|0.99825364|(3,2001,0.9166572,2000,4001,0.9669712,2898,4898,0.99825364)
Fast.Furious.2009__#00-21-06_00-21-57_label_B6-B2-0.mp4|0.14520343|(1,1225,0.14520343)
v=wVey5JDRf_g__#00-00-00_00-01-20_label_B6-0-0.mp4|0.9895941|(1,1922,0.9895941)
Shoot.Em.Up.2007__#00-53-25_00-56-47_label_B2-0-0.mp4|0.9354571|(3,2001,0.108264,2000,4001,0.74463314,2850,4850,0.9354571)
Deadpool.2.2018__#0-04-46_0-05-01_label_B2-0-0.mp4|0.69727623|(1,361,0.69727623)
v=0qtIjyt-7wg__#00-01-00_00-02-45_label_B6-0-0.mp4|0.98575485|(2,2001,0.98575485,522,2522,0.9739274)
v=wnd3IYH7x1o__#1_label_G-0-0.mp4|0.745864|(1,1139,0.745864)
v=Dh-3BlhAOnE__#00-00-00_00-13-36_label_B4-0-0.mp4|0.99956053|(10,2001,0.97655755,2000,4001,0.9872722,4000,6001,0.7215574,6000,8001,0.9538829,8000,10001,0.89157593,10000,12001,0.9213497,12000,14001,0.4850744,14000,16001,0.99213636,16000,18001,0.99956053,17586,19586,0.9976477)
v=waIS8TaJxts__#00-09-00_00-10-45_label_B6-0-0.mp4|0.93443054|(2,2001,0.934307,522,2522,0.93443054)
Ip.Man.2008__#01-14-31_01-15-24_label_B1-0-0.mp4|0.6875444|(1,1274,0.6875444)
v=8oTjTufJnXI__#1_label_G-0-0.mp4|0.9916624|(2,2001,0.8067936,694,2694,0.9916624)
v=3y2OOc6WTrg__#1_label_B1-0-0.mp4|0.42951664|(3,2001,0.08885385,2000,4001,0.42951664,2352,4352,0.34199846)
v=k7R_Qo-BiAw__#00-10-30_00-10-51_label_B6-0-0.mp4|0.9957747|(1,506,0.9957747)
Love.Death.and.Robots.S01E13__#0-11-48_0-12-07_label_G-0-0.mp4|0.9274499|(1,456,0.9274499)
Braveheart.1995__#02-07-00_02-08-15_label_B1-0-0.mp4|0.9921394|(1,1802,0.9921394)
Saving.Private.Ryan.1998__#02-20-00_02-20-13_label_G-0-0.mp4|0.6722984|(1,313,0.6722984)
v=yy-KIWDcBr4__#00-08-35_00-10-25_label_B6-0-0.mp4|0.93389755|(2,2001,0.93389755,642,2642,0.9308936)
v=vhACO_m5pH0__#00-14-42_00-15-40_label_B6-0-0.mp4|0.7364482|(1,1394,0.7364482)
v=7zEFHKKBA0g__#1_label_B4-0-0.mp4|0.2873892|(3,2001,0.2873892,2000,4001,0.12301883,2420,4420,0.103448264)
Saving.Private.Ryan.1998__#00-47-50_00-49-35_label_B2-0-0.mp4|0.9111393|(2,2001,0.64491403,521,2521,0.9111393)
v=cEOM18n8fhU__#1_label_G-0-0.mp4|0.9488984|(2,2001,0.5254474,831,2831,0.9488984)
v=aWPWHU8x6kE__#1_label_B4-0-0.mp4|0.8098066|(3,2001,0.027365642,2000,4001,0.74648213,2829,4829,0.8098066)
v=yrpZJ8Vr3aA__#1_label_B1-0-0.mp4|0.12996212|(2,2001,0.11359656,354,2354,0.12996212)
v=w16YmhAZ1_Y__#1_label_G-0-0.mp4|0.9999591|(1,1480,0.9999591)
v=1djrJ0wxlYo__#1_label_B4-0-0.mp4|0.7835947|(1,1536,0.7835947)
Casino.Royale.2006__#00-50-05_00-51-16_label_B1-B2-B6.mp4|0.9693842|(1,1705,0.9693842)
v=SE5fxK7SasU__#00-03-23_00-04-08_label_B4-0-0.mp4|0.9837817|(1,1082,0.9837817)
Operation.Red.Sea.2018__#0-29-36_0-30-20_label_B2-G-0.mp4|0.31645572|(1,1056,0.31645572)
v=7rDRFFSUrPI__#00-01-50_00-02-32_label_G-0-0.mp4|0.4670396|(1,1010,0.4670396)
Casino.Royale.2006__#01-46-40_01-47-14_label_B6-0-0.mp4|0.90022296|(1,817,0.90022296)
v=u0Tnw01PNxc__#1_label_B4-0-0.mp4|0.30645147|(1,1377,0.30645147)
v=ZoS8gm5OcOM__#00-06-20_00-07-30_label_B6-0-0.mp4|0.99840385|(1,1682,0.99840385)
Rush.Hour.1998.BluRay__#01-25-21_01-25-46_label_B2-0-0.mp4|0.12648532|(1,602,0.12648532)
Fast.Furious.6.2013__#01-03-25_01-04-59_label_B1-0-0.mp4|0.9873053|(2,2001,0.9871335,256,2256,0.9873053)
Brick.Mansions.2014__#00-16-26_00-17-12_label_B1-0-0.mp4|0.98572195|(1,1104,0.98572195)
v=fIlmgvc-bUk__#1_label_B4-0-0.mp4|0.9997391|(1,1415,0.9997391)
v=GqMh_HBNWZE__#00-01-00_00-02-45_label_B6-0-0.mp4|0.99870193|(2,2001,0.99870193,522,2522,0.9931102)
v=PuZy1PQIgrA__#1_label_B1-0-0.mp4|0.72162646|(2,2001,0.72162646,816,2816,0.50884944)
v=OFxPTJxA5pg__#1_label_B4-0-0.mp4|0.77672535|(9,2001,0.3986965,2000,4001,0.623867,4000,6001,0.2654245,6000,8001,0.47666252,8000,10001,0.77672535,10000,12001,0.72505593,12000,14001,0.7254148,14000,16001,0.6273739,15542,17542,0.7125971)
v=vhACO_m5pH0__#00-20-42_00-22-40_label_B6-0-0.mp4|0.90373206|(2,2001,0.90373206,834,2834,0.3999459)
Mindhunters.2004__#01-19-00_01-20-05_label_B2-0-0.mp4|0.9904094|(1,1561,0.9904094)
v=RUjrMYWhLng__#1_label_B6-0-0.mp4|0.9749811|(6,2001,0.9749811,2000,4001,0.94462156,4000,6001,0.3206587,6000,8001,0.919034,8000,10001,0.7905664,8434,10434,0.7823002)
v=iHuggczItBk__#00-01-00_00-02-45_label_B6-0-0.mp4|0.9809686|(2,2001,0.9809686,522,2522,0.95197874)
v=GbMQ2CxeNHU__#1_label_B4-0-0.mp4|0.99926525|(3,2001,0.56846786,2000,4001,0.99926525,3490,5490,0.66762567)
v=ROrpKx3aIjA__#1_label_G-0-0.mp4|0.9997998|(1,1300,0.9997998)
v=abATVcjFumY__#1_label_G-0-0.mp4|0.6843255|(1,1835,0.6843255)
v=T-LH8Gv5zzY__#1_label_B4-0-0.mp4|0.894306|(2,2001,0.81727993,426,2426,0.894306)
Sin.City.2005__#0-06-42_0-07-06_label_B1-0-0.mp4|0.056756947|(1,577,0.056756947)
Fast.Furious.6.2013__#00-45-40_00-47-13_label_B2-0-0.mp4|0.98183477|(2,2001,0.9710915,233,2233,0.98183477)
v=X4I8FhpGJwo__#00-09-00_00-10-45_label_B6-0-0.mp4|0.9881313|(2,2001,0.9856177,522,2522,0.9881313)
v=zI0q5UDP47g__#1_label_B4-0-0.mp4|0.99056214|(2,2001,0.98569334,1603,3603,0.99056214)
v=HSisjzLESak__#00-01-00_00-02-45_label_B6-0-0.mp4|0.99381095|(2,2001,0.98846996,522,2522,0.99381095)
v=gbRIKogNZvE__#1_label_B4-0-0.mp4|0.7071113|(2,2001,0.23977318,990,2990,0.7071113)
Fury.2014__#00-07-30_00-07-58_label_G-0-0.mp4|0.8932174|(1,673,0.8932174)
Haywire.2011__#00-03-51_00-05-12_label_B1-B2-0.mp4|0.93682677|(1,1945,0.93682677)
v=8ewWXhYRUNs__#1_label_B1-0-0.mp4|0.5971579|(1,1369,0.5971579)
v=JfLYNEsrTew__#1_label_G-0-0.mp4|0.3026994|(1,750,0.3026994)
GoldenEye.1995__#02-03-40_02-04-13_label_G-0-0.mp4|0.73357296|(1,794,0.73357296)
Deadpool.2.2018__#01-03-09_01-03-54_label_B4-0-0.mp4|0.025391493|(1,1081,0.025391493)
v=sE-DC2trBkI__#00-01-00_00-02-45_label_B6-0-0.mp4|0.99706|(2,2001,0.99623245,522,2522,0.99706)
v=QWwDsPSe7iM__#1_label_B4-0-0.mp4|0.6758306|(2,2001,0.4082863,334,2334,0.6758306)
v=rKpXqwE2rg8__#00-01-57_00-03-06_label_B4-0-0.mp4|0.9666382|(1,1658,0.9666382)
v=qqsd-cZr01k__#00-01-00_00-02-45_label_B6-0-0.mp4|0.97049886|(2,2001,0.97049886,522,2522,0.91028774)
v=waIS8TaJxts__#00-07-40_00-08-50_label_B6-0-0.mp4|0.98515564|(1,1682,0.98515564)
Jason.Bourne.2016__#0-50-20_0-50-30_label_G-0-0.mp4|0.96669424|(1,241,0.96669424)
v=8oJMGgaww70__#1_label_B4-0-0.mp4|0.77181727|(2,2001,0.41112497,1595,3595,0.77181727)
Mission.Impossible.Ghost.Protocol.2011__#01-12-38_01-13-43_label_B1-0-0.mp4|0.93893325|(1,1561,0.93893325)
v=3e3C-LQWF2s__#1_label_B1-0-0.mp4|0.017208422|(3,2001,0.017208422,2000,4001,0.015971782,2421,4421,0.016205996)
v=yDqThVpu1AM__#1_label_B4-0-0.mp4|0.33106852|(1,744,0.33106852)
v=u5SF4SlqNDQ__#00-00-00_00-01-00_label_G-0-0.mp4|0.53459924|(1,1442,0.53459924)
v=DD3jfKr8e-k__#00-00-00_00-01-40_label_B4-0-0.mp4|0.45204255|(2,2001,0.45204255,402,2402,0.19657978)
Bullet.in.the.Head.1990__#00-17-20_00-18-55_label_B1-0-0.mp4|0.98419595|(2,2001,0.98419595,281,2281,0.9627049)
v=CFfc4UWzVB8__#00-00-00_00-00-30_label_B4-0-0.mp4|0.6795149|(1,722,0.6795149)
v=251___mEwZA__#1_label_B1-0-0.mp4|0.43429464|(3,2001,0.43429464,2000,4001,0.21483558,2577,4577,0.3326341)
v=FRj2K0ulD8Q__#00-04-16_00-06-05_label_B4-0-0.mp4|0.9532384|(2,2001,0.9532384,618,2618,0.8416089)
v=_BgJEXQkjNQ__#1_label_G-0-0.mp4|0.9705384|(5,2001,0.8745363,2000,4001,0.9705384,4000,6001,0.9344286,6000,8001,0.7945738,6139,8139,0.9297395)
v=waIS8TaJxts__#00-01-30_00-02-45_label_B6-0-0.mp4|0.9731767|(1,1802,0.9731767)
v=Y43UkfAe_bc__#00-00-00_00-01-40_label_B4-0-0.mp4|0.6081458|(2,2001,0.6081458,402,2402,0.35237613)
v=tT-SrQC6Ddw__#00-04-00_00-05-15_label_B6-0-0.mp4|0.4788753|(1,1800,0.4788753)
v=qrKfaX1lCUM__#1_label_G-0-0.mp4|0.19377553|(4,2001,0.19377553,2000,4001,0.07305634,4000,6001,0.016206186,5409,7409,0.03349002)
The.Bourne.Identity.2002__#0-19-53_0-21-48_label_B1-0-0.mp4|0.83558315|(2,2001,0.12879562,761,2761,0.83558315)
Desperado.1995__#00-38-36_00-39-21_label_B1-B2-0.mp4|0.826567|(1,1081,0.826567)
Spectre.2015__#02-02-57_02-03-27_label_B1-B2-0.mp4|0.7130986|(1,722,0.7130986)
v=PRH5rYUHoVU__#00-00-25_00-02-50_label_B6-0-0.mp4|0.9958354|(2,2001,0.9958354,1480,3480,0.8602043)
Fast.Furious.2009__#01-29-10_01-29-55_label_B2-0-0.mp4|0.95501876|(1,1080,0.95501876)
The.Bourne.Identity.2002__#01-45-00_01-45-46_label_B1-0-0.mp4|0.76696193|(1,1104,0.76696193)
v=KUeUxbsBO6s__#1_label_B1-0-0.mp4|0.3294783|(2,2001,0.06141813,748,2748,0.3294783)
Spectre.2015__#01-32-55_01-35-40_label_B1-B2-0.mp4|0.99911004|(2,2001,0.99911004,1962,3962,0.99900645)
v=2Rr21qkZEDQ__#00-14-10_00-16-09_label_B6-0-0.mp4|0.9464571|(2,2001,0.9464571,858,2858,0.9419874)
v=J67oj92maC0__#1_label_G-0-0.mp4|0.9939638|(3,2001,0.94839704,2000,4001,0.9939638,2673,4673,0.98012185)
v=aQ3qMpgZjwg__#00-00-00_00-01-48_label_B4-0-0.mp4|0.8166217|(2,2001,0.38003156,593,2593,0.8166217)
Quantum.Of.Solace.2008__#01-30-26_01-30-42_label_B2-B1-0.mp4|0.9644916|(1,384,0.9644916)
Sin.City.2005__#0-22-04_0-22-18_label_B5-0-0.mp4|0.61136365|(1,337,0.61136365)
Fast.Five.2011__#01-29-27_01-32-05_label_B1-0-0.mp4|0.9991485|(2,2001,0.9991485,1793,3793,0.9808646)
Taken.3.2014__#01-09-26_01-09-54_label_G-0-0.mp4|0.2423472|(1,674,0.2423472)
God.Bless.America.2011__#01-32-00_01-32-50_label_B2-0-0.mp4|0.13460283|(1,1201,0.13460283)
v=afhttnv46Y4__#1_label_B1-0-0.mp4|0.8689691|(2,2001,0.8689691,500,2500,0.5670809)
v=EOAfl8yMiN8__#00-00-00_00-00-51_label_B6-0-0.mp4|0.9979114|(1,1226,0.9979114)
Black.Hawk.Down.2001__#01-32-40_01-34-00_label_B4-0-0.mp4|0.880669|(1,1921,0.880669)
v=35zynOrkvMk__#1_label_G-0-0.mp4|0.6199335|(1,365,0.6199335)
Mission.Impossible.II.2000__#01-18-55_01-20-53_label_B2-0-0.mp4|0.8785947|(2,2001,0.8785947,833,2833,0.044469155)
Young.And.Dangerous.IV.1997__#01-07-50_01-09-45_label_B1-0-0.mp4|0.94247234|(2,2001,0.79399997,761,2761,0.94247234)
v=vaSOMEIe1Bg__#1_label_G-0-0.mp4|0.46479073|(1,1385,0.46479073)
Sin.City.2005__#0-32-00_0-32-16_label_B2-0-0.mp4|0.088342905|(1,384,0.088342905)
Kill.Bill.Vol.1.2003__#01-21-39_01-26-55_label_B1-0-0.mp4|0.9915263|(4,2001,0.6397175,2000,4001,0.9915263,4000,6001,0.94972324,5585,7585,0.81580216)
Mission.Impossible.II.2000__#01-29-30_01-29-44_label_B1-0-0.mp4|0.92309284|(1,337,0.92309284)
v=38GQ9L2meyE__#1_label_B6-0-0.mp4|0.9717407|(3,2001,0.6718584,2000,4001,0.9717407,2650,4650,0.9319168)
v=HSisjzLESak__#00-07-40_00-08-50_label_B6-0-0.mp4|0.999186|(1,1682,0.999186)
Spectre.2015__#01-10-35_01-10-53_label_B2-0-0.mp4|0.917272|(1,433,0.917272)
Ip.Man.2008__#00-48-57_00-50-47_label_B1-0-0.mp4|0.8046564|(2,2001,0.7341895,641,2641,0.8046564)
Yellow.Sea.2010__#01-58-30_01-59-27_label_B5-0-0.mp4|0.97477734|(1,1369,0.97477734)
City.of.God.2002__#00-37-20_00-38-02_label_B5-0-0.mp4|0.07265222|(1,1009,0.07265222)
v=BFPkt0AuSFA__#1_label_B4-0-0.mp4|0.99161774|(2,2001,0.99161774,1380,3380,0.9762005)
Haywire.2011__#00-39-07_00-41-48_label_B1-B2-0.mp4|0.94378835|(2,2001,0.94378835,1865,3865,0.53329384)
v=Z12t5h2mBJc__#1_label_B1-0-0.mp4|0.7760617|(3,2001,0.7760617,2000,4001,0.67732775,3047,5047,0.32307172)
Taken.2.UNRATED.EXTENDED.2012__#00-13-42_00-14-16_label_B5-0-0.mp4|0.7397745|(1,818,0.7397745)
v=fhiAyxpDQMU__#1_label_B4-0-0.mp4|0.908595|(2,2001,0.29853174,1985,3985,0.908595)
Jason.Bourne.2016__#0-17-25_0-18-53_label_B4-0-0.mp4|0.98664594|(2,2001,0.98664594,112,2112,0.9858474)
Ip.Man.3.2015__#00-17-51_00-18-51_label_B1-0-0.mp4|0.5412514|(1,1440,0.5412514)
Death.Proof.2007__#00-45-05_00-47-36_label_B5-0-0.mp4|0.9754007|(2,2001,0.48271146,1625,3625,0.9754007)
v=nLAapCIlr-o__#00-08-35_00-10-25_label_B6-0-0.mp4|0.96780515|(2,2001,0.9665518,642,2642,0.96780515)
v=CUr-Mg8Hmh0__#1_label_G-0-0.mp4|0.8706516|(3,2001,0.06803976,2000,4001,0.09428686,3043,5043,0.8706516)
The.Bourne.Legacy.2012__#0-39-56_0-40-15_label_G-0-0.mp4|0.9494419|(1,457,0.9494419)
v=0qtIjyt-7wg__#00-04-00_00-05-15_label_B6-0-0.mp4|0.6356764|(1,1802,0.6356764)
v=DtxU8UYiFws__#1_label_G-0-0.mp4|0.49783635|(1,1450,0.49783635)
v=f6j3YWgVBto__#00-06-16_00-06-51_label_B6-0-0.mp4|0.4037139|(1,840,0.4037139)
Black.Hawk.Down.2001__#02-00-12_02-01-29_label_B2-0-0.mp4|0.9644322|(1,1850,0.9644322)
v=X1arMZmYhsk__#00-13-00_00-14-09_label_B6-0-0.mp4|0.9996568|(1,1658,0.9996568)
Saving.Private.Ryan.1998__#02-25-42_02-26-03_label_B2-0-0.mp4|0.75475293|(1,505,0.75475293)
v=LJ0Pu5_Mefs__#1_label_G-0-0.mp4|0.9968232|(1,984,0.9968232)
The.Hurt.Locker.2008__#01-02-10_01-03-55_label_B2-0-0.mp4|0.52660084|(2,2001,0.52660084,521,2521,0.50125855)
v=rXWOpZ7W2fA__#1_label_B1-0-0.mp4|0.9362576|(2,2001,0.9362576,796,2796,0.8870009)
Casino.Royale.2006__#00-51-16_00-52-41_label_B1-B6-0.mp4|0.97824234|(2,2001,0.97824234,41,2041,0.960132)
Brick.Mansions.2014__#00-11-57_00-12-12_label_B2-0-0.mp4|0.4330577|(1,360,0.4330577)
The.Bourne.Identity.2002__#01-27-39_01-29-19_label_B2-0-0.mp4|0.9848993|(2,2001,0.9828582,400,2400,0.9848993)
v=xe4ee56aHSg__#1_label_G-0-0.mp4|0.9883652|(1,532,0.9883652)
Desperado.1995__#00-16-48_00-18-52_label_B1-0-0.mp4|0.857888|(2,2001,0.8559243,977,2977,0.857888)
v=6TR2rcgHm4g__#1_label_B4-0-0.mp4|0.45226374|(1,1621,0.45226374)
v=w2NgAYJHnS0__#1_label_G-0-0.mp4|0.37861994|(1,1011,0.37861994)
Sin.City.2005__#01-19-08_01-19-23_label_G-0-0.mp4|0.874343|(1,361,0.874343)
Braveheart.1995__#02-05-34_02-06-40_label_B1-0-0.mp4|0.97442293|(1,1585,0.97442293)
v=uBXprlsmd18__#00-06-10_00-07-19_label_B6-0-0.mp4|0.98595375|(1,1658,0.98595375)
Fast.Five.2011__#00-32-56_00-33-26_label_B2-0-0.mp4|0.9506054|(1,721,0.9506054)
v=YhCSFZNwfHc__#00-01-15_00-01-42_label_G-B2-0.mp4|0.74555063|(1,648,0.74555063)
Bullet.in.the.Head.1990__#02-02-00_02-05-22_label_B2-B6-G.mp4|0.9975103|(3,2001,0.9975103,2000,4001,0.9009672,2849,4849,0.45467913)
v=7isLhaNYgkU__#1_label_B4-0-0.mp4|0.99890184|(3,2001,0.99890184,2000,4001,0.97083133,3706,5706,0.9591793)
City.Of.Men.2007__#00-51-50_00-53-31_label_B2-0-0.mp4|0.9671303|(2,2001,0.92225325,425,2425,0.9671303)
wangted.2008__#0-22-55_0-23-40_label_B2-0-0.mp4|0.7133325|(1,1081,0.7133325)
v=CLFYvG6MsZU__#00-02-16_00-05-06_label_B2-0-0.mp4|0.5054327|(3,2001,0.16491573,2000,4001,0.4578593,2083,4083,0.5054327)
Bad.Boys.1995__#01-11-55_01-12-40_label_G-B2-B6.mp4|0.99921834|(1,1081,0.99921834)
GoldenEye.1995__#01-17-05_01-19-57_label_B2-B1-0.mp4|0.9988035|(3,2001,0.952877,2000,4001,0.9988035,2129,4129,0.9980381)
Kill.Bill.Vol.2.2004__#0-25-20_0-26-20_label_B2-0-0.mp4|0.80485624|(1,1441,0.80485624)
v=wVey5JDRf_g__#00-04-09_00-05-06_label_B6-0-0.mp4|0.9946255|(1,1371,0.9946255)
v=tv0rI-5ycBU__#1_label_B4-0-0.mp4|0.9973666|(2,2001,0.99159724,1249,3249,0.9973666)
Yellow.Sea.2010__#01-05-40_01-06-47_label_B1-B2-0.mp4|0.9680862|(1,1609,0.9680862)
v=YdrISbwy_zI__#1_label_G-0-0.mp4|0.99986506|(1,1723,0.99986506)
v=pL2HjXvWuPc__#1_label_B1-0-0.mp4|0.19677682|(3,2001,0.19677682,2000,4001,0.15325364,2836,4836,0.10318924)
v=7xQr5wYwNPg__#1_label_B4-0-0.mp4|0.22033277|(1,1121,0.22033277)
v=vv-MFJPi4Qs__#1_label_G-0-0.mp4|0.98749346|(1,1004,0.98749346)
Mission.Impossible.III.2006__#01-06-52_01-07-15_label_G-0-0.mp4|0.9803069|(1,553,0.9803069)
Mission.Impossible.V.Rogue.Nation.2015__#01-15-52_01-16-48_label_B6-B2-0.mp4|0.92978424|(1,1344,0.92978424)
Spectre.2015__#01-08-58_01-09-20_label_B1-B2-0.mp4|0.8983568|(1,529,0.8983568)
v=OB0-MXNPUIU__#1_label_B4-0-0.mp4|0.8718872|(3,2001,0.8718872,2000,4001,0.19094333,2021,4021,0.10811203)
Kill.Bill.Vol.1.2003__#01-26-56_01-28-18_label_B1-0-0.mp4|0.22295006|(1,1969,0.22295006)
v=wPkBaI6vOv0__#00-00-00_00-01-00_label_G-0-0.mp4|0.7050254|(1,1442,0.7050254)
v=0qtIjyt-7wg__#00-00-00_00-00-51_label_B6-0-0.mp4|0.8529377|(1,1226,0.8529377)
v=S-7rRLrxnVQ__#1_label_B4-0-0.mp4|0.88563114|(2,2001,0.87636685,1273,3273,0.88563114)
Ip.Man.2008__#00-46-51_00-47-30_label_B1-0-0.mp4|0.9767124|(1,937,0.9767124)
City.of.God.2002__#01-52-20_01-54-32_label_B2-0-0.mp4|0.90160185|(2,2001,0.90160185,1169,3169,0.8964536)
v=vhACO_m5pH0__#00-09-42_00-10-40_label_B6-0-0.mp4|0.7647105|(1,1394,0.7647105)
Mission.Impossible.II.2000__#01-25-08_01-25-31_label_B2-0-0.mp4|0.9792078|(1,553,0.9792078)
Taken.2.UNRATED.EXTENDED.2012__#01-18-40_01-19-00_label_B1-0-0.mp4|0.9949214|(1,481,0.9949214)
v=bfOlheR5nUQ__#00-00-00_00-04-33_label_B4-0-0.mp4|0.9841889|(4,2001,0.4639367,2000,4001,0.43590972,4000,6001,0.9168477,4554,6554,0.9841889)
The.Fast.and.the.Furious.2001__#01-14-04_01-15-20_label_B1-0-0.mp4|0.701684|(1,1825,0.701684)
v=zoIn2hOrUIM__#00-06-10_00-07-19_label_B6-0-0.mp4|0.93514186|(1,1658,0.93514186)
Ip.Man.3.2015__#00-46-08_00-54-20_label_B1-0-0.mp4|0.97620595|(6,2001,0.051084515,2000,4001,0.050610658,4000,6001,0.55718046,6000,8001,0.97620595,8000,10001,0.97597915,9808,11808,0.9186899)
v=D1eP4Bn4hDQ__#00-09-20_00-10-45_label_B6-0-0.mp4|0.97536224|(2,2001,0.97536224,40,2040,0.9706097)
v=ADQNFs9bfFk__#00-00-00_00-00-58_label_B4-0-0.mp4|0.26790532|(1,1394,0.26790532)
Young.And.Dangerous.I.1996__#0-46-25_0-46-55_label_B6-0-0.mp4|0.95988005|(1,722,0.95988005)
v=NnmqkS1e88s__#1_label_B4-0-0.mp4|0.5311428|(1,1752,0.5311428)
v=hxyhulJYz5I__#00-06-09_00-07-00_label_B6-0-0.mp4|0.062839076|(1,1226,0.062839076)
v=Rc9EOFjtj0c__#1_label_B6-0-0.mp4|0.96346396|(2,2001,0.96346396,1365,3365,0.9398214)
Rush.Hour.3.2007.BluRay__#00-04-59_00-05-31_label_B2-0-0.mp4|0.8094214|(1,769,0.8094214)
v=WiS3TIvykeY__#1_label_B4-0-0.mp4|0.34387302|(1,1562,0.34387302)
Taken.3.2014__#01-04-50_01-05-05_label_B1-0-0.mp4|0.97653764|(1,361,0.97653764)
Young.And.Dangerous.III.1996__#00-23-00_00-25-54_label_B4-0-0.mp4|0.50940895|(3,2001,0.50940895,2000,4001,0.27488762,2178,4178,0.27195123)
v=78u9uBJBqIw__#1_label_B4-B5-0.mp4|0.1096211|(2,2001,0.0795899,1486,3486,0.1096211)
v=FRj2K0ulD8Q__#00-06-05_00-08-25_label_B4-0-0.mp4|0.87525064|(2,2001,0.87525064,1339,3339,0.6979325)
The.Hurt.Locker.2008__#0-08-45_0-09-57_label_G-0-0.mp4|0.9267252|(1,1729,0.9267252)
Bad.Boys.II.2003__#00-06-42_00-10-00_label_B2-G-0.mp4|0.98424673|(3,2001,0.85253876,2000,4001,0.98424673,2753,4753,0.9553719)
v=EOAfl8yMiN8__#00-03-00_00-04-09_label_B6-0-0.mp4|0.99925536|(1,1658,0.99925536)
v=v_LxqgpRouM__#1_label_G-0-0.mp4|0.889699|(1,889,0.889699)
The.Bourne.Legacy.2012__#0-59-18_01-01-52_label_B2-B1-0.mp4|0.9976386|(2,2001,0.9976386,1697,3697,0.90444344)
v=p7kvQ4OpDgU__#1_label_B4-0-0.mp4|0.982884|(1,1889,0.982884)
v=sE-DC2trBkI__#00-09-00_00-10-05_label_B6-0-0.mp4|0.28219938|(1,1563,0.28219938)
v=vhACO_m5pH0__#00-17-42_00-18-40_label_B6-0-0.mp4|0.96697235|(1,1394,0.96697235)
wangted.2008__#0-45-25_0-47-01_label_B1-0-0.mp4|0.9625878|(2,2001,0.9625878,305,2305,0.78818077)
v=AF9p0YA0hyA__#00-00-45_00-01-44_label_B4-0-0.mp4|0.9007024|(1,1418,0.9007024)
Tropa.de.Elite.2.2010__#00-42-00_00-43-00_label_B2-0-0.mp4|0.023175564|(1,1441,0.023175564)
v=DRGMajXo_PI__#00-02-15_00-03-02_label_G-0-0.mp4|0.9198162|(1,1130,0.9198162)
New.Kids.Turbo.2010__#00-22-35_00-23-14_label_B1-0-0.mp4|0.16858365|(1,936,0.16858365)
v=uBXprlsmd18__#00-03-00_00-04-09_label_B6-0-0.mp4|0.99556977|(1,1658,0.99556977)
Mission.Impossible.Ghost.Protocol.2011__#01-56-52_01-57-03_label_B1-0-0.mp4|0.79770005|(1,264,0.79770005)
v=pFamvR9CpYw__#00-06-36_00-15-20_label_B4-0-0.mp4|0.95148236|(7,2001,0.7830897,2000,4001,0.4201875,4000,6001,0.9440649,6000,8001,0.737405,8000,10001,0.95148236,10000,12001,0.81484467,10579,12579,0.4714765)
v=tivXK3PGByk__#1_label_B1-0-0.mp4|0.40461716|(2,2001,0.40461716,1690,3690,0.14686914)
v=nLAapCIlr-o__#00-11-00_00-12-45_label_B6-0-0.mp4|0.99914014|(2,2001,0.99914014,522,2522,0.998831)
Mission.Impossible.II.2000__#01-32-56_01-33-25_label_B1-0-0.mp4|0.98604834|(1,697,0.98604834)
Mission.Impossible.Ghost.Protocol.2011__#00-01-18_00-01-40_label_B2-0-0.mp4|0.97890055|(1,529,0.97890055)
v=FfrXebzAwOg__#00-06-10_00-07-19_label_B6-0-0.mp4|0.8762529|(1,1658,0.8762529)
Mission.Impossible.Fallout.2018__#00-39-18_00-40-36_label_B1-0-0.mp4|0.32579273|(1,1873,0.32579273)
v=Q9Re4CnFJRg__#00-01-21_00-01-47_label_G-0-0.mp4|0.9805571|(1,624,0.9805571)
v=sE-DC2trBkI__#00-03-00_00-04-09_label_B6-0-0.mp4|0.98889446|(1,1658,0.98889446)
v=utQ5AvXtNLA__#1_label_B4-0-0.mp4|0.2680227|(1,1076,0.2680227)
v=waIS8TaJxts__#00-05-50_00-06-20_label_B6-0-0.mp4|0.61692107|(1,723,0.61692107)
Fast.Furious.2009__#00-25-59_00-26-25_label_B1-0-0.mp4|0.4901896|(1,625,0.4901896)
Love.Death.and.Robots.S01E15__#0-05-38_0-06-18_label_G-0-0.mp4|0.81406003|(1,960,0.81406003)
The.Fast.and.the.Furious.2001__#01-37-40_01-38-30_label_B6-0-0.mp4|0.5396126|(1,1201,0.5396126)
v=BpargJW29Wo__#00-00-50_00-01-30_label_B1-0-0.mp4|0.101775795|(1,962,0.101775795)
Operation.Red.Sea.2018__#01-20-58_01-22-00_label_B5-0-0.mp4|0.029916368|(1,1488,0.029916368)
v=O9g1uuI62m0__#1_label_B4-0-0.mp4|0.53348523|(3,2001,0.53348523,2000,4001,0.4928164,2545,4545,0.41848862)
v=U6MC8JJJZSY__#1_label_G-0-0.mp4|0.9360269|(1,1045,0.9360269)
Mission.Impossible.III.2006__#01-54-02_01-54-40_label_B2-0-0.mp4|0.99316347|(1,913,0.99316347)
v=qmsQ-obL1Z4__#00-03-26_00-04-04_label_B6-0-0.mp4|0.7721971|(1,912,0.7721971)
v=Ia9ATKNeUbY__#00-01-52_00-03-10_label_B6-0-0.mp4|0.9988545|(1,1874,0.9988545)
v=_tsSKAsVZfo__#1_label_B4-0-0.mp4|0.54327464|(2,2001,0.33424982,534,2534,0.54327464)
v=iHuggczItBk__#00-04-00_00-04-55_label_B6-0-0.mp4|0.8573455|(1,1322,0.8573455)
v=sbEHU4GskX4__#1_label_B1-0-0.mp4|0.7344575|(2,2001,0.7344575,832,2832,0.62622726)
IP.Man.2.2010__#00-07-14_00-09-13_label_B1-0-0.mp4|0.8001283|(2,2001,0.7416979,856,2856,0.8001283)
Young.And.Dangerous.I.1996__#0-20-50_0-22-15_label_B1-0-0.mp4|0.38295868|(2,2001,0.38295868,41,2041,0.36223707)
v=X4I8FhpGJwo__#00-07-40_00-08-50_label_B6-0-0.mp4|0.9602905|(1,1682,0.9602905)
v=qyTGi0N4OVg__#1_label_G-0-0.mp4|0.99326503|(1,1248,0.99326503)
v=vhACO_m5pH0__#00-10-42_00-11-40_label_B6-0-0.mp4|0.9486655|(1,1394,0.9486655)
Tropa.de.Elite.2.2010__#00-46-11_00-46-50_label_B2-0-0.mp4|0.8941021|(1,937,0.8941021)
v=5Ftl4nOSytc__#1_label_G-0-0.mp4|0.999645|(2,2001,0.999645,282,2282,0.9987696)
GoldenEye.1995__#02-02-15_02-02-47_label_B1-0-0.mp4|0.9273932|(1,770,0.9273932)
Casino.Royale.2006__#00-18-30_00-19-20_label_G-B2-0.mp4|0.62475175|(1,1201,0.62475175)
Braveheart.1995__#00-56-30_00-57-20_label_B1-0-0.mp4|0.37881422|(1,1200,0.37881422)
v=0W8LohxH9nI__#1_label_B1-0-0.mp4|0.11167907|(1,1413,0.11167907)
Operation.Red.Sea.2018__#0-02-17_0-02-37_label_B2-0-0.mp4|0.87587875|(1,480,0.87587875)
v=pHZ9gOfmY_k__#1_label_B4-0-0.mp4|0.97504663|(3,2001,0.9700787,2000,4001,0.97504663,3179,5179,0.8738321)
v=waIS8TaJxts__#00-00-00_00-00-51_label_B6-0-0.mp4|0.99919075|(1,1226,0.99919075)
v=6KQFxxHmVMc__#1_label_B1-0-0.mp4|0.33576787|(2,2001,0.19005865,1654,3654,0.33576787)
Skyfall.2012__#00-03-22_00-03-40_label_B6-0-0.mp4|0.9336204|(1,433,0.9336204)
Fury.2014__#00-39-36_00-40-44_label_B1-B2-0.mp4|0.12531301|(1,1634,0.12531301)
v=MJLylzPRvyw__#1_label_B4-0-0.mp4|0.98155266|(2,2001,0.98155266,1587,3587,0.9423799)
v=Q8K7roZu3WU__#1_label_B1-0-0.mp4|0.38185635|(1,1295,0.38185635)
v=BzwNU2xmT64__#00-01-00_00-02-45_label_B6-0-0.mp4|0.99882776|(2,2001,0.99882776,522,2522,0.9988187)
v=FW_qbiPH7UA__#1_label_B1-0-0.mp4|0.8573958|(2,2001,0.08774873,1283,3283,0.8573958)
v=TOEVc-pOEwM__#00-08-40_00-10-40_label_B6-0-0.mp4|0.9140206|(2,2001,0.8631106,883,2883,0.9140206)
v=HUL83wCQATc__#1_label_B1-0-0.mp4|0.9192162|(2,2001,0.9192162,103,2103,0.8644156)
v=IWzI9V3WSnc__#1_label_B4-0-0.mp4|0.7600197|(2,2001,0.7600197,689,2689,0.7593037)
v=0N0PbzjEg0U__#1_label_B4-0-0.mp4|0.5854525|(1,1518,0.5854525)
v=TfS-MJoVNjM__#1_label_B4-0-0.mp4|0.92956495|(1,1311,0.92956495)
v=m5zK-tzYCQM__#1_label_B4-0-0.mp4|0.69941497|(1,1755,0.69941497)
v=Y1hxr1MWLjM__#1_label_B1-0-0.mp4|0.21262385|(2,2001,0.13654199,1071,3071,0.21262385)
Love.Death.and.Robots.S01E10__#0-01-00_0-02-13_label_B2-G-0.mp4|0.6932763|(1,1752,0.6932763)
v=H5W58Loofks__#00-05-50_00-06-20_label_B6-0-0.mp4|0.827236|(1,723,0.827236)
v=d5lTTPvJLpw__#1_label_B4-0-0.mp4|0.7450039|(4,2001,0.5178155,2000,4001,0.7450039,4000,6001,0.19836079,4277,6277,0.06422345)
Crank.Dircut.2006__#0-27-42_0-29-01_label_B1-0-0.mp4|0.9479497|(1,1898,0.9479497)
Mission.Impossible.V.Rogue.Nation.2015__#00-14-40_00-17-12_label_B1-0-0.mp4|0.99206865|(2,2001,0.68206054,1649,3649,0.99206865)
Kingsman.The.Golden.Circle.2017__#00-41-22_00-41-32_label_B2-0-0.mp4|0.2564985|(1,241,0.2564985)
v=Ia9ATKNeUbY__#00-06-19_00-06-50_label_B6-0-0.mp4|0.9993579|(1,746,0.9993579)
Gladiator.2000__#01-10-27_01-11-59_label_B1-0-0.mp4|0.41399023|(2,2001,0.33166716,208,2208,0.41399023)
City.Of.Men.2007__#01-35-30_01-36-00_label_B2-0-0.mp4|0.9049148|(1,721,0.9049148)
v=ovQ1VTJ_IUI__#1_label_B1-0-0.mp4|0.7204524|(1,1688,0.7204524)
The.Fast.and.the.Furious.2001__#01-24-18_01-25-05_label_B6-0-0.mp4|0.98972064|(1,1128,0.98972064)
City.Of.Men.2007__#01-17-27_01-17-59_label_B2-0-0.mp4|0.9726863|(1,769,0.9726863)
Brick.Mansions.2014__#00-41-25_00-42-36_label_B1-0-0.mp4|0.71132785|(1,1704,0.71132785)
Mission.Impossible.II.2000__#01-46-20_01-47-11_label_B2-B6-0.mp4|0.99872416|(1,1225,0.99872416)
Taken.2.UNRATED.EXTENDED.2012__#01-18-25_01-18-40_label_B2-0-0.mp4|0.99871874|(1,361,0.99871874)
Rush.Hour.1998.BluRay__#01-20-28_01-21-38_label_B2-0-0.mp4|0.28470638|(1,1682,0.28470638)
v=kPWdgckIhLI__#1_label_B4-0-0.mp4|0.9912599|(1,793,0.9912599)
wangted.2008__#0-48-30_0-49-00_label_B2-0-0.mp4|0.84777653|(1,721,0.84777653)
Taken.3.2014__#00-03-58_00-04-16_label_B2-0-0.mp4|0.80658484|(1,433,0.80658484)
Law.Abiding.Citizen.2009__#01-26-34_01-27-25_label_B2-0-0.mp4|0.8662453|(1,1225,0.8662453)
God.Bless.America.2011__#00-12-40_00-13-12_label_B2-0-0.mp4|0.16729659|(1,769,0.16729659)
v=JHsfKFF9Oag__#1_label_A.mp4|0.6596021|(2,2001,0.41321775,699,2699,0.6596021)
v=fkps18H3SXY__#00-36-00_00-42-00_label_A.mp4|0.5216214|(5,2001,0.5216214,2000,4001,0.19554396,4000,6001,0.349749,6000,8001,0.22049245,6643,8643,0.2622278)
Flipped.2010__#00-45-40_00-47-30_label_A.mp4|0.8805059|(2,2001,0.7280989,641,2641,0.8805059)
Tropa.de.Elite.2.2010__#01-33-31_01-34-20_label_A.mp4|0.18503137|(1,1177,0.18503137)
Gladiator.2000__#02-43-00_02-43-59_label_A.mp4|0.31325814|(1,1417,0.31325814)
Mission.Impossible.V.Rogue.Nation.2015__#01-29-39_01-33-39_label_A.mp4|0.49483132|(3,2001,0.49483132,2000,4001,0.42692697,3762,5762,0.11077031)
v=RRiN5W9XwJE__#1_label_A.mp4|0.5190268|(2,2001,0.5190268,616,2616,0.50590116)
v=-5RWxUUJ7lQ__#1_label_A.mp4|0.29845744|(10,2001,0.17628531,2000,4001,0.12783822,4000,6001,0.24071816,6000,8001,0.02125599,8000,10001,0.060255896,10000,12001,0.06614301,12000,14001,0.2949512,14000,16001,0.090586856,16000,18001,0.29845744,17123,19123,0.19566289)
v=9eME1y6V-T4__#02-00-00_02-06-00_label_A.mp4|0.23714662|(5,2001,0.13923113,2000,4001,0.20515814,4000,6001,0.054489404,6000,8001,0.23714662,6642,8642,0.0842675)
v=enYITYwvPAQ__#00-27-00_00-30-00_label_A.mp4|0.053101897|(3,2001,0.053101897,2000,4001,0.028477514,2321,4321,0.028792925)
Bullet.in.the.Head.1990__#00-51-46_00-52-50_label_A.mp4|0.028281892|(1,1537,0.028281892)
Deadpool.2016__#0-18-35_0-18-55_label_A.mp4|0.028465921|(1,481,0.028465921)
New.Kids.Turbo.2010__#00-41-30_00-42-05_label_A.mp4|0.10048327|(1,840,0.10048327)
v=4jVgDKbu_TI__#1_label_A.mp4|0.040215023|(10,2001,0.02288042,2000,4001,0.019893257,4000,6001,0.040215023,6000,8001,0.023640636,8000,10001,0.0053454,10000,12001,0.009720542,12000,14001,0.007904536,14000,16001,0.012197143,16000,18001,0.016746879,16974,18974,0.003481594)
Haywire.2011__#00-02-06_00-03-29_label_A.mp4|0.24844179|(1,1993,0.24844179)
God.Bless.America.2011__#00-51-00_00-52-00_label_A.mp4|0.030648485|(1,1441,0.030648485)
Kingsman.The.Secret.Service.2014__#00-25-29_00-26-24_label_A.mp4|0.01198124|(1,1321,0.01198124)
v=x0-z4h6mFoU__#1_label_A.mp4|0.05356979|(3,2001,0.007050399,2000,4001,0.05356979,2610,4610,0.052064653)
Love.Me.If.You.Dare.2003__#00-11-20_00-15-08_label_A.mp4|0.46743995|(3,2001,0.33653122,2000,4001,0.46743995,3474,5474,0.11010587)
v=H9Y5_X1sEEA__#00-42-00_00-45-00_label_A.mp4|0.7200234|(3,2001,0.062085476,2000,4001,0.7200234,2322,4322,0.6316565)
The.Bourne.Ultimatum.2007__#0-55-55_0-56-10_label_A.mp4|0.8466491|(1,361,0.8466491)
Hot.Fuzz.2007__#00-19-20_00-22-06_label_A.mp4|0.03321746|(2,2001,0.021880217,1986,3986,0.03321746)
The.Intouchables.2011__#00-51-55_00-55-16_label_A.mp4|0.1819569|(3,2001,0.1819569,2000,4001,0.032748543,2826,4826,0.029192463)
Tropa.de.Elite.2.2010__#00-05-30_00-06-30_label_A.mp4|0.08792857|(1,1441,0.08792857)
v=yZ2wlTAN49g__#00-03-00_00-06-00_label_A.mp4|0.24992599|(3,2001,0.24992599,2000,4001,0.065378025,2322,4322,0.049232874)
v=gGlqujwrhbI__#00-12-00_00-15-00_label_A.mp4|0.15706801|(3,2001,0.15706801,2000,4001,0.112491064,2322,4322,0.09797323)
v=LYzmr5ORvCg__#1_label_A.mp4|0.021847121|(2,2001,0.021847121,1925,3925,0.021637207)
v=MyM5G7fo7Gg__#00-06-00_00-09-00_label_A.mp4|0.28786817|(3,2001,0.28786817,2000,4001,0.26351056,2322,4322,0.07738616)
Before.Sunrise.1995__#01-36-45_01-38-10_label_A.mp4|0.37392116|(2,2001,0.32152206,40,2040,0.37392116)
v=ErOcW_CSOyQ__#1_label_A.mp4|0.36039522|(9,2001,0.03381979,2000,4001,0.20528069,4000,6001,0.36039522,6000,8001,0.14907801,8000,10001,0.28242776,10000,12001,0.046214428,12000,14001,0.11770835,14000,16001,0.07491071,15477,17477,0.24049434)
v=9eME1y6V-T4__#01-06-00_01-12-00_label_A.mp4|0.3906131|(5,2001,0.11946193,2000,4001,0.19564982,4000,6001,0.3678366,6000,8001,0.3906131,6642,8642,0.19556087)
God.Bless.America.2011__#01-23-13_01-25-31_label_A.mp4|0.81179446|(2,2001,0.81179446,1313,3313,0.007844997)
v=pCyCi-q4MqY__#1_label_A.mp4|0.48812172|(3,2001,0.20975451,2000,4001,0.4403984,2714,4714,0.48812172)
v=Hd_2Y29_FLU__#1_label_A.mp4|0.20302401|(2,2001,0.043220177,1272,3272,0.20302401)
GoldenEye.1995__#01-33-40_01-34-30_label_A.mp4|0.0043517416|(1,1201,0.0043517416)
v=a0TQkX_zLt0__#1_label_A.mp4|0.5995253|(6,2001,0.5995253,2000,4001,0.061369494,4000,6001,0.043063518,6000,8001,0.057521854,8000,10001,0.46421468,9764,11764,0.4883859)
Be.with.You.2018__#00-16-18_00-18-09_label_A.mp4|0.49432877|(2,2001,0.28788808,665,2665,0.49432877)
v=NeAC-MfTZzU__#00-15-00_00-18-00_label_A.mp4|0.04185067|(3,2001,0.04185067,2000,4001,0.010628592,2322,4322,0.013409367)
About.Time.2013__#00-23-50_00-24-31_label_A.mp4|0.04483217|(1,985,0.04483217)
v=QUlWIIHMIEQ__#1_label_A.mp4|0.9131987|(1,1106,0.9131987)
A.Beautiful.Mind.2001__#01-14-30_01-16-59_label_A.mp4|0.035985276|(2,2001,0.035985276,1577,3577,0.011575333)
Flipped.2010__#01-07-30_01-09-51_label_A.mp4|0.10384496|(2,2001,0.06669196,1384,3384,0.10384496)
v=I7oSupyExVY__#1_label_A.mp4|0.985545|(3,2001,0.091251954,2000,4001,0.985545,2825,4825,0.9481163)
v=8SC55pYljMM__#1_label_A.mp4|0.38171622|(3,2001,0.3294791,2000,4001,0.38171622,2324,4324,0.25641656)
Kingsman.The.Golden.Circle.2017__#00-44-52_00-46-20_label_A.mp4|0.3950062|(2,2001,0.3950062,113,2113,0.15931079)
v=vFPQ_NiDBIU__#02-42-00_02-48-00_label_A.mp4|0.031959187|(5,2001,0.031959187,2000,4001,0.010799024,4000,6001,0.01271119,6000,8001,0.004065471,6640,8640,0.010983865)
v=lVJVRywgmYM__#1_label_A.mp4|0.5407683|(3,2001,0.19818479,2000,4001,0.5407683,3937,5937,0.22815607)
v=KERh4R2BbS0__#1_label_A.mp4|0.6529827|(11,2001,0.6529827,2000,4001,0.025087876,4000,6001,0.0049011223,6000,8001,0.025398964,8000,10001,0.03244821,10000,12001,0.020138986,12000,14001,0.030221349,14000,16001,0.028455831,16000,18001,0.07045691,18000,20001,0.18692464,18652,20652,0.064087965)
v=Yr41_8QOTF8__#00-09-00_00-12-00_label_A.mp4|0.036870882|(3,2001,0.031785093,2000,4001,0.036870882,2321,4321,0.03473365)
v=rmDBn5Rpd3s__#1_label_A.mp4|0.42119986|(1,707,0.42119986)
v=9eME1y6V-T4__#00-42-00_00-48-00_label_A.mp4|0.35171813|(5,2001,0.26724872,2000,4001,0.29455972,4000,6001,0.3280326,6000,8001,0.29716858,6642,8642,0.35171813)
v=vFPQ_NiDBIU__#01-00-00_01-06-00_label_A.mp4|0.020759193|(5,2001,0.019800154,2000,4001,0.0059100855,4000,6001,0.019189917,6000,8001,0.005386046,6640,8640,0.020759193)
v=GnN9VTh_s2A__#1_label_A.mp4|0.88382465|(1,683,0.88382465)
v=ajnl7P9bf78__#1_label_A.mp4|0.93542606|(1,1624,0.93542606)
Fury.2014__#01-13-32_01-14-43_label_A.mp4|0.08954508|(1,1705,0.08954508)
Desperado.1995__#01-22-10_01-23-17_label_A.mp4|0.036903687|(1,1609,0.036903687)
v=5l-nbDl0qvg__#1_label_A.mp4|0.16542393|(7,2001,0.088672675,2000,4001,0.008804869,4000,6001,0.083652474,6000,8001,0.046685394,8000,10001,0.00694492,10000,12001,0.16542393,11124,13124,0.14696561)
Before.Sunrise.1995__#00-23-50_00-24-31_label_A.mp4|0.19466642|(1,985,0.19466642)
The.Notebook.2004__#00-20-35_00-23-06_label_A.mp4|0.4542635|(2,2001,0.4542635,1625,3625,0.14386933)
v=SdYFFo_tsfk__#00-00-00_00-06-00_label_A.mp4|0.16529293|(5,2001,0.025450928,2000,4001,0.00951005,4000,6001,0.0314977,6000,8001,0.16529293,6642,8642,0.020668939)
From.Dusk.Till.Dawn.1996__#00-31-52_00-34-21_label_A.mp4|0.34555814|(2,2001,0.13697329,1576,3576,0.34555814)
About.Time.2013__#00-30-50_00-32-31_label_A.mp4|0.5555212|(2,2001,0.3905032,425,2425,0.5555212)
The.Secret.Life.of.Walter.Mitty.2013__#00-36-52_00-41-00_label_A.mp4|0.14832677|(3,2001,0.0466013,2000,4001,0.052027296,3953,5953,0.14832677)
v=plhVMWR33go__#1_label_A.mp4|0.6655847|(5,2001,0.11729975,2000,4001,0.5339274,4000,6001,0.6655847,6000,8001,0.1983975,6047,8047,0.15165389)
v=t_TZYpT6xjY__#1_label_A.mp4|0.5268701|(3,2001,0.5268701,2000,4001,0.13669796,2741,4741,0.2322766)
The.Notebook.2004__#00-11-00_00-15-08_label_A.mp4|0.5594942|(3,2001,0.5594942,2000,4001,0.010029721,3954,5954,0.0021705527)
v=lyZxvgPD4gM__#1_label_A.mp4|0.7564466|(3,2001,0.6273623,2000,4001,0.57225907,3529,5529,0.7564466)
v=ZpWR_YZNZTM__#1_label_A.mp4|0.0428277|(2,2001,0.005278492,1437,3437,0.0428277)
Taken.2.UNRATED.EXTENDED.2012__#00-17-08_00-17-30_label_A.mp4|0.16308078|(1,529,0.16308078)
Before.Sunrise.1995__#00-42-52_00-45-31_label_A.mp4|0.0059732194|(2,2001,0.0059732194,1817,3817,0.0015853319)
Still.Walking.2008__#01-02-18_01-03-10_label_A.mp4|0.018538363|(1,1249,0.018538363)
Love.Me.If.You.Dare.2003__#01-04-40_01-06-59_label_A.mp4|0.081150495|(2,2001,0.081150495,1338,3338,0.028011452)
Fast.Furious.6.2013__#01-37-00_01-38-05_label_A.mp4|0.002320993|(1,1561,0.002320993)
v=H9Y5_X1sEEA__#00-03-00_00-06-00_label_A.mp4|0.57302654|(3,2001,0.57302654,2000,4001,0.08213684,2322,4322,0.14257103)
Deadpool.2.2018__#0-02-35_0-03-12_label_A.mp4|0.2343822|(1,890,0.2343822)
v=fkps18H3SXY__#00-54-00_01-00-00_label_A.mp4|0.7005982|(5,2001,0.7005982,2000,4001,0.6269284,4000,6001,0.3909199,6000,8001,0.14385062,6642,8642,0.05954431)
v=vFPQ_NiDBIU__#01-48-00_01-54-00_label_A.mp4|0.046606895|(5,2001,0.0072996295,2000,4001,0.015295477,4000,6001,0.005618286,6000,8001,0.013899894,6640,8640,0.046606895)
v=jAvOGTD7_pU__#00-12-00_00-15-00_label_A.mp4|0.26027372|(3,2001,0.26027372,2000,4001,0.16092785,2322,4322,0.13100626)
Be.with.You.2018__#00-23-50_00-24-31_label_A.mp4|0.0494292|(1,985,0.0494292)
Before.Sunset.2004__#01-14-30_01-16-51_label_A.mp4|0.038486704|(2,2001,0.038486704,1385,3385,0.03659405)
Before.Sunrise.1995__#00-04-20_00-05-35_label_A.mp4|0.0058792206|(1,1801,0.0058792206)
v=7smETZfN0XA__#1_label_A.mp4|0.64081204|(2,2001,0.30298802,1020,3020,0.64081204)
v=9eME1y6V-T4__#01-00-00_01-06-00_label_A.mp4|0.81387126|(5,2001,0.052355632,2000,4001,0.06082113,4000,6001,0.81387126,6000,8001,0.08978086,6642,8642,0.13204913)
Skyfall.2012__#02-14-50_02-16-25_label_A.mp4|0.038316|(2,2001,0.038316,281,2281,0.037814822)
The.Bourne.Identity.2002__#01-09-16_01-11-16_label_A.mp4|0.008877936|(2,2001,0.008877936,882,2882,0.0074851424)
Be.with.You.2018__#01-14-30_01-16-59_label_A.mp4|0.13991189|(2,2001,0.13991189,1577,3577,0.008378912)
v=6cvZOGzfqWU__#1_label_A.mp4|0.393615|(3,2001,0.08885502,2000,4001,0.393615,3594,5594,0.38847932)
v=Yr41_8QOTF8__#00-21-00_00-24-00_label_A.mp4|0.045834776|(3,2001,0.024864702,2000,4001,0.020740664,2321,4321,0.045834776)
v=qV4YYnXdQCc__#00-03-00_00-06-00_label_A.mp4|0.031878423|(3,2001,0.029206319,2000,4001,0.024932014,2322,4322,0.031878423)
Spectre.2015__#01-17-22_01-18-53_label_A.mp4|0.005628642|(2,2001,0.005077081,184,2184,0.005628642)
v=JzrpCC7XmyE__#00-06-00_00-12-00_label_A.mp4|0.39751616|(5,2001,0.060078263,2000,4001,0.3317603,4000,6001,0.39751616,6000,8001,0.23316857,6642,8642,0.2547422)
v=g4FnGZ5MAdo__#1_label_A.mp4|0.2619077|(3,2001,0.12812988,2000,4001,0.18830743,2958,4958,0.2619077)
The.Pursuit.of.Happyness.2006__#00-30-50_00-32-31_label_A.mp4|0.40654308|(2,2001,0.3007524,425,2425,0.40654308)
v=rJgg00ic1G8__#1_label_A.mp4|0.1474124|(3,2001,0.11451727,2000,4001,0.0850126,3651,5651,0.1474124)
v=qhUItxoTrmg__#1_label_A.mp4|0.6142923|(3,2001,0.011708819,2000,4001,0.28114298,2571,4571,0.6142923)
v=1202rYvw7go__#1_label_A.mp4|0.9317463|(2,2001,0.64121604,1951,3951,0.9317463)
Be.with.You.2018__#00-04-20_00-05-35_label_A.mp4|0.07704795|(1,1801,0.07704795)
The.Hurt.Locker.2008__#0-29-25_0-30-15_label_A.mp4|0.033164103|(1,1200,0.033164103)
wangted.2008__#0-27-17_0-28-07_label_A.mp4|0.8793825|(1,1200,0.8793825)
Mission.Impossible.II.2000__#00-24-30_00-30-10_label_A.mp4|0.12952863|(5,2001,0.015246665,2000,4001,0.11564279,4000,6001,0.12952863,6000,8001,0.016988462,6160,8160,0.016818764)
v=H9Y5_X1sEEA__#00-36-00_00-39-00_label_A.mp4|0.24831831|(3,2001,0.24831831,2000,4001,0.061562713,2323,4323,0.15400757)
v=q2SP66Jb6Cw__#00-00-00_00-06-00_label_A.mp4|0.84429365|(5,2001,0.84429365,2000,4001,0.40123245,4000,6001,0.45558923,6000,8001,0.40781066,6642,8642,0.41583312)
Love.Death.and.Robots.S01E02__#00-03-15_00-04-20_label_A.mp4|0.0275756|(1,1560,0.0275756)
v=Q8b0XbtpFsA__#1_label_A.mp4|0.92671293|(3,2001,0.92671293,2000,4001,0.51852804,2633,4633,0.5267348)
v=3ZVcLOjwOMk__#1_label_A.mp4|0.6949648|(1,1885,0.6949648)
Still.Walking.2008__#00-16-18_00-17-27_label_A.mp4|0.036277834|(1,1657,0.036277834)
v=f6j3YWgVBto__#00-01-50_00-02-30_label_A.mp4|0.17470829|(1,960,0.17470829)
Casino.Royale.2006__#00-28-10_00-30-10_label_A.mp4|0.022472987|(2,2001,0.016558139,881,2881,0.022472987)
God.Bless.America.2011__#00-58-09_01-04-00_label_A.mp4|0.28534845|(5,2001,0.1648342,2000,4001,0.12107319,4000,6001,0.038847882,6000,8001,0.060972136,6425,8425,0.28534845)
v=gxrLosPS27c__#1_label_A.mp4|0.09706827|(2,2001,0.041909207,219,2219,0.09706827)
v=vFPQ_NiDBIU__#00-42-00_00-48-00_label_A.mp4|0.07641973|(5,2001,0.07641973,2000,4001,0.008253655,4000,6001,0.01974956,6000,8001,0.016907288,6640,8640,0.04789686)
v=L2Qs4KyW-Co__#1_label_A.mp4|0.66569245|(3,2001,0.55677515,2000,4001,0.66569245,2426,4426,0.5491147)
Flipped.2010__#00-42-52_00-45-31_label_A.mp4|0.009436874|(2,2001,0.009436874,1817,3817,0.0017311983)
Still.Walking.2008__#00-51-55_00-55-16_label_A.mp4|0.45007375|(3,2001,0.04151403,2000,4001,0.2788898,2826,4826,0.45007375)
v=DdIA1Owbcdc__#1_label_A.mp4|0.4697031|(1,1064,0.4697031)
v=KEh6EOQvQO0__#1_label_A.mp4|0.4265842|(2,2001,0.4265842,1183,3183,0.4246379)
The.Secret.Life.of.Walter.Mitty.2013__#01-01-20_01-04-00_label_A.mp4|0.64897466|(2,2001,0.64897466,1841,3841,0.49193)
Young.And.Dangerous.III.1996__#00-15-52_00-17-00_label_A.mp4|0.08014859|(1,1634,0.08014859)
Ip.Man.2008__#00-40-25_00-40-45_label_A.mp4|0.03496745|(1,481,0.03496745)
Kill.Bill.Vol.1.2003__#01-08-15_01-09-15_label_A.mp4|0.73366874|(1,1441,0.73366874)
v=Wc2QW06H48M__#1_label_A.mp4|0.9477443|(1,1554,0.9477443)
v=JzrpCC7XmyE__#01-06-00_01-12-00_label_A.mp4|0.47058982|(5,2001,0.45204446,2000,4001,0.24786599,4000,6001,0.1541409,6000,8001,0.47058982,6642,8642,0.16396771)
Kingsman.The.Golden.Circle.2017__#02-09-30_02-10-45_label_A.mp4|0.03510275|(1,1801,0.03510275)
Spectre.2015__#00-16-41_00-18-55_label_A.mp4|0.033553243|(2,2001,0.033553243,1216,3216,0.026258506)
v=0LEefpIPBHA__#1_label_A.mp4|0.8532862|(1,1142,0.8532862)
Bad.Boys.II.2003__#01-11-16_01-14-00_label_A.mp4|0.28488746|(2,2001,0.07227223,1937,3937,0.28488746)
v=tlFJIG9mTGQ__#00-15-00_00-18-36_label_A.mp4|0.2156828|(3,2001,0.034600414,2000,4001,0.20995854,3187,5187,0.2156828)
The.Hurt.Locker.2008__#0-45-39_0-47-06_label_A.mp4|0.47273976|(2,2001,0.47273976,89,2089,0.4296909)
v=GrHfWKeTDEI__#1_label_A.mp4|0.21015838|(3,2001,0.058026996,2000,4001,0.04487125,3066,5066,0.21015838)
Salt.2010__#00-13-45_00-16-10_label_A.mp4|0.02226466|(2,2001,0.007895816,1481,3481,0.02226466)
v=cvEJ5WFk2KE__#00-06-00_00-09-00_label_A.mp4|0.18566574|(3,2001,0.062033847,2000,4001,0.046405137,2321,4321,0.18566574)
v=tI7fktKY6OU__#1_label_A.mp4|0.44927454|(8,2001,0.2761363,2000,4001,0.16994429,4000,6001,0.049391065,6000,8001,0.44927454,8000,10001,0.071771964,10000,12001,0.20751621,12000,14001,0.2900637,12916,14916,0.11242417)
v=NbNFfnVSIn8__#1_label_A.mp4|0.6442829|(3,2001,0.24747036,2000,4001,0.6442829,2592,4592,0.3946723)
v=2JJ9d97sd64__#1_label_A.mp4|0.324581|(2,2001,0.324581,1140,3140,0.23925163)
v=S1meRf5BsEw__#1_label_A.mp4|0.3869372|(3,2001,0.09185705,2000,4001,0.2552656,2104,4104,0.3869372)
The.Secret.Life.of.Walter.Mitty.2013__#00-08-55_00-10-50_label_A.mp4|0.1730844|(2,2001,0.1730844,762,2762,0.1674089)
v=0vVOXlgHC1U__#00-48-00_00-54-00_label_A.mp4|0.6256072|(5,2001,0.4052771,2000,4001,0.6256072,4000,6001,0.523131,6000,8001,0.014313881,6642,8642,0.025758157)
v=tlFJIG9mTGQ__#00-12-00_00-15-00_label_A.mp4|0.2187277|(3,2001,0.04732331,2000,4001,0.2187277,2322,4322,0.1483923)
Operation.Red.Sea.2018__#0-45-54_0-46-33_label_A.mp4|0.07176668|(1,936,0.07176668)
Fast.Five.2011__#01-59-16_02-01-12_label_A.mp4|0.06932803|(2,2001,0.06932803,785,2785,0.039119385)
Yellow.Sea.2010__#00-10-16_00-11-14_label_A.mp4|0.61514735|(1,1393,0.61514735)
v=vHnAmx0UYbM__#1_label_A.mp4|0.62211275|(11,2001,0.21641447,2000,4001,0.021341637,4000,6001,0.4429077,6000,8001,0.018296642,8000,10001,0.0537048,10000,12001,0.107309856,12000,14001,0.03390008,14000,16001,0.006464222,16000,18001,0.1619918,18000,20001,0.54439646,18045,20045,0.62211275)
Shoot.Em.Up.2007__#00-25-50_00-27-10_label_A.mp4|0.21443258|(1,1921,0.21443258)
Bad.Boys.1995__#00-10-00_00-11-52_label_A.mp4|0.07029785|(2,2001,0.027818026,689,2689,0.07029785)
Love.Actually.2003__#01-39-05_01-46-40_label_A.mp4|0.35308132|(6,2001,0.012521664,2000,4001,0.02540047,4000,6001,0.35308132,6000,8001,0.15583684,8000,10001,0.111921124,8921,10921,0.021119839)
Bullet.in.the.Head.1990__#01-58-25_01-59-30_label_A.mp4|0.25529492|(1,1561,0.25529492)
v=W5qLlC9il3s__#1_label_A.mp4|0.16616738|(1,1385,0.16616738)
The.Notebook.2004__#01-30-25_01-33-56_label_A.mp4|0.16274129|(3,2001,0.16274129,2000,4001,0.0098377215,3065,5065,0.018708207)
About.Time.2013__#00-40-52_00-42-31_label_A.mp4|0.037801113|(2,2001,0.021308541,377,2377,0.037801113)
Law.Abiding.Citizen.2009__#00-00-35_00-01-31_label_A.mp4|0.054918945|(1,1345,0.054918945)
v=HTEyaXBPf9U__#1_label_A.mp4|0.4048983|(3,2001,0.06718712,2000,4001,0.4048983,3120,5120,0.28501692)
The.Notebook.2004__#00-25-20_00-29-20_label_A.mp4|0.106247485|(3,2001,0.017206874,2000,4001,0.106247485,3761,5761,0.032023158)
v=AqFWYZsOgWY__#00-21-00_00-24-00_label_A.mp4|0.052487314|(3,2001,0.052487314,2000,4001,0.05004165,2322,4322,0.035939176)
The.Bourne.Identity.2002__#0-29-16_0-32-00_label_A.mp4|0.052854016|(2,2001,0.052854016,1937,3937,0.0076176403)
v=9eME1y6V-T4__#01-18-00_01-24-00_label_A.mp4|0.4810605|(5,2001,0.2993694,2000,4001,0.22773248,4000,6001,0.4810605,6000,8001,0.3220636,6642,8642,0.3186556)
IP.Man.2.2010__#00-02-50_00-06-45_label_A.mp4|0.28399727|(3,2001,0.04803249,2000,4001,0.28399727,3640,5640,0.05892219)
Rush.Hour.3.2007.BluRay__#01-00-40_01-04-00_label_A.mp4|0.06036383|(3,2001,0.015350689,2000,4001,0.013679393,2801,4801,0.06036383)
v=_Hn2Xlt-IWU__#1_label_A.mp4|0.04788399|(2,2001,0.013604106,1943,3943,0.04788399)
v=uyvM-vq5DwA__#1_label_A.mp4|0.15361941|(3,2001,0.053000417,2000,4001,0.15361941,2788,4788,0.047432013)
Love.Death.and.Robots.S01E04__#00-14-28_00-15-27_label_A.mp4|0.07882583|(1,1416,0.07882583)
v=hdy5kZ5dwj8__#1_label_A.mp4|0.17965294|(3,2001,0.17965294,2000,4001,0.017292995,2674,4674,0.014201328)
Love.Actually.2003__#01-17-00_01-19-40_label_A.mp4|0.31883886|(2,2001,0.28465298,1842,3842,0.31883886)
v=fkps18H3SXY__#00-00-00_00-06-00_label_A.mp4|0.6996437|(5,2001,0.39784318,2000,4001,0.63097906,4000,6001,0.6996437,6000,8001,0.65207183,6642,8642,0.22011216)
v=3MUqt3OkxIo__#1_label_A.mp4|0.30264068|(2,2001,0.2974235,500,2500,0.30264068)
v=p2ggHwtb-Zg__#00-24-00_00-27-00_label_A.mp4|0.1741758|(3,2001,0.10223952,2000,4001,0.1741758,2322,4322,0.07637157)
v=eAgqJnO3kr8__#00-06-00_00-12-00_label_A.mp4|0.015406526|(5,2001,0.007700783,2000,4001,0.0134191485,4000,6001,0.009276989,6000,8001,0.011449994,6642,8642,0.015406526)
v=vQ9AwVrM9pU__#1_label_A.mp4|0.1896395|(2,2001,0.100246355,1138,3138,0.1896395)
v=Wp6gzFUaci8__#1_label_A.mp4|0.16057524|(2,2001,0.16057524,780,2780,0.14881347)
Brick.Mansions.2014__#00-08-37_00-10-04_label_A.mp4|0.65578955|(2,2001,0.65578955,88,2088,0.6023556)
v=VRn8Tc02TbU__#00-18-00_00-21-00_label_A.mp4|0.16770492|(3,2001,0.16770492,2000,4001,0.060121145,2322,4322,0.10385698)
Young.And.Dangerous.IV.1997__#0-10-35_0-11-50_label_A.mp4|0.04947762|(1,1801,0.04947762)
Sin.City.2005__#01-43-21_01-44-21_label_A.mp4|0.023233201|(1,1441,0.023233201)
Salt.2010__#01-16-00_01-16-50_label_A.mp4|0.01546044|(1,1201,0.01546044)
v=X60PecZRLGE__#1_label_A.mp4|0.19548126|(2,2001,0.05559541,644,2644,0.19548126)
v=p2ggHwtb-Zg__#00-21-00_00-24-00_label_A.mp4|0.5369854|(3,2001,0.5369854,2000,4001,0.28294307,2323,4323,0.5160446)
v=QBfO3qfo7zg__#1_label_A.mp4|0.537437|(3,2001,0.39843404,2000,4001,0.537437,2661,4661,0.09861534)
Kill.Bill.Vol.1.2003__#00-21-42_00-22-42_label_A.mp4|0.045929033|(1,1441,0.045929033)
GoldenEye.1995__#01-02-11_01-03-43_label_A.mp4|0.03743854|(2,2001,0.022108166,209,2209,0.03743854)
v=9eME1y6V-T4__#01-36-00_01-42-00_label_A.mp4|0.97874737|(5,2001,0.027827546,2000,4001,0.32683134,4000,6001,0.5779969,6000,8001,0.9422256,6642,8642,0.97874737)
The.Pursuit.of.Happyness.2006__#01-34-18_01-38-11_label_A.mp4|0.63144296|(3,2001,0.0726769,2000,4001,0.63144296,3593,5593,0.61713004)
v=5AlAh8J3WqE__#1_label_A.mp4|0.80706555|(6,2001,0.7946985,2000,4001,0.80706555,4000,6001,0.44265836,6000,8001,0.02775332,8000,10001,0.26072386,8885,10885,0.4160504)
Taken.3.2014__#00-36-03_00-36-48_label_A.mp4|0.17871954|(1,1081,0.17871954)
Your.Name.2016__#00-05-52_00-08-22_label_A.mp4|0.5315076|(2,2001,0.36930144,1601,3601,0.5315076)
v=mfFYGFJhBI4__#1_label_A.mp4|0.3648537|(1,255,0.3648537)
v=H9Y5_X1sEEA__#00-30-00_00-33-00_label_A.mp4|0.46210608|(3,2001,0.41297078,2000,4001,0.22197628,2323,4323,0.46210608)
Love.Actually.2003__#01-34-18_01-38-11_label_A.mp4|0.09878921|(3,2001,0.09878921,2000,4001,0.015673857,3593,5593,0.041336346)
v=VcsJf1q9QX8__#1_label_A.mp4|0.8044046|(2,2001,0.46722636,560,2560,0.8044046)
The.Secret.Life.of.Walter.Mitty.2013__#01-23-00_01-29-08_label_A.mp4|0.05319625|(5,2001,0.0067585767,2000,4001,0.012987569,4000,6001,0.024064872,6000,8001,0.05319625,6833,8833,0.014616762)
The.Bourne.Supremacy.2004__#01-34-52_01-35-50_label_A.mp4|0.049131345|(1,1393,0.049131345)
Quantum.Of.Solace.2008__#00-47-29_00-50-52_label_A.mp4|0.12539648|(3,2001,0.12539648,2000,4001,0.031307593,2873,4873,0.045204766)
v=es97CGK_5XQ__#1_label_A.mp4|0.16270797|(1,1633,0.16270797)
v=y7vIfdKwHDk__#1_label_A.mp4|0.12403777|(3,2001,0.12403777,2000,4001,0.025557596,2182,4182,0.05168005)
v=NjI-AuzKgMc__#1_label_A.mp4|0.11631186|(2,2001,0.098644346,836,2836,0.11631186)
Salt.2010__#00-02-10_00-03-57_label_A.mp4|0.6252185|(2,2001,0.47340026,569,2569,0.6252185)
The.Bourne.Supremacy.2004__#0-58-18_01-00-58_label_A.mp4|0.9455606|(2,2001,0.27508968,1842,3842,0.9455606)
Shoplifters.2018__#00-17-30_00-19-10_label_A.mp4|0.011235155|(2,2001,0.011235155,401,2401,0.0024251656)
Mission.Impossible.Ghost.Protocol.2011__#01-07-24_01-09-09_label_A.mp4|0.005200988|(2,2001,0.0026509457,521,2521,0.005200988)
v=EToznHwS0OA__#1_label_A.mp4|0.34557274|(2,2001,0.30014715,1730,3730,0.34557274)
Before.Sunset.2004__#00-23-50_00-24-31_label_A.mp4|0.024383096|(1,985,0.024383096)
Ip.Man.2008__#01-04-27_01-06-22_label_A.mp4|0.03403554|(2,2001,0.015933733,761,2761,0.03403554)
A.Beautiful.Mind.2001__#00-40-52_00-42-01_label_A.mp4|0.543168|(1,1657,0.543168)
IP.Man.2.2010__#00-54-00_00-57-12_label_A.mp4|0.46292305|(3,2001,0.005240084,2000,4001,0.0315993,2608,4608,0.46292305)
The.Bourne.Identity.2002__#0-57-11_0-58-45_label_A.mp4|0.16617206|(2,2001,0.16617206,257,2257,0.025590677)
Love.Actually.2003__#00-51-55_00-55-16_label_A.mp4|0.08800689|(3,2001,0.05114387,2000,4001,0.08800689,2826,4826,0.068838604)
The.Attorney.2013__#00-47-00_00-49-30_label_A.mp4|0.106140964|(2,2001,0.106140964,1601,3601,0.01154457)
v=3lSHv_DUbJs__#1_label_A.mp4|0.39866278|(2,2001,0.39866278,1566,3566,0.3833654)
v=QiLNvC7CIuY__#1_label_A.mp4|0.813785|(1,1161,0.813785)
v=ODGDLQ0TT3M__#1_label_A.mp4|0.35773584|(2,2001,0.32621133,138,2138,0.35773584)
Thelma...Louise.1991__#01-53-54_01-54-50_label_A.mp4|0.008313663|(1,1345,0.008313663)
v=usAvzbDq6-c__#00-21-00_00-24-00_label_A.mp4|0.39580363|(3,2001,0.14021616,2000,4001,0.39580363,2322,4322,0.1399466)
The.Notebook.2004__#01-52-20_01-58-00_label_A.mp4|0.06467668|(5,2001,0.06467668,2000,4001,0.023194894,4000,6001,0.047841944,6000,8001,0.01693532,6161,8161,0.036589105)
Bullet.in.the.Head.1990__#00-25-11_00-26-15_label_A.mp4|0.2636367|(1,1537,0.2636367)
v=yviKz5J-pEA__#1_label_A.mp4|0.15104192|(2,2001,0.1311656,1731,3731,0.15104192)
v=QozLwYYVotY__#1_label_A.mp4|0.48513904|(2,2001,0.48513904,1254,3254,0.10587915)
Before.Sunrise.1995__#00-03-00_00-04-05_label_A.mp4|0.025976438|(1,1561,0.025976438)
v=aBsrZKrRtqU__#1_label_A.mp4|0.14165989|(1,1235,0.14165989)
v=eAgqJnO3kr8__#00-48-00_00-54-00_label_A.mp4|0.08764062|(5,2001,0.048596423,2000,4001,0.009617415,4000,6001,0.008873545,6000,8001,0.014199799,6642,8642,0.08764062)
Lord.of.War__#00-59-20_01-00-35_label_A.mp4|0.047977548|(1,1801,0.047977548)
The.Intouchables.2011__#00-58-18_01-02-30_label_A.mp4|0.044242624|(4,2001,0.044242624,2000,4001,0.02560634,4000,6001,0.036279783,4049,6049,0.033528324)
Operation.Red.Sea.2018__#0-12-26_0-13-36_label_A.mp4|0.014822393|(1,1680,0.014822393)
The.Intouchables.2011__#00-04-20_00-05-35_label_A.mp4|0.028859872|(1,1801,0.028859872)
v=Ehh8ZdIMMj4__#1_label_A.mp4|0.42209628|(2,2001,0.42209628,708,2708,0.13863054)
The.Notebook.2004__#00-08-55_00-10-50_label_A.mp4|0.025742047|(2,2001,0.025742047,762,2762,0.017363464)
Flipped.2010__#00-08-55_00-10-50_label_A.mp4|0.0071784174|(2,2001,0.0071784174,762,2762,0.002080733)
v=vsI_pKNcgeQ__#00-15-00_00-18-00_label_A.mp4|0.04453522|(3,2001,0.008285864,2000,4001,0.02671868,2322,4322,0.04453522)
v=ldnLxTablA8__#1_label_A.mp4|0.2648435|(2,2001,0.071767665,300,2300,0.2648435)
Love.Actually.2003__#01-04-40_01-06-59_label_A.mp4|0.21798705|(2,2001,0.031362526,1336,3336,0.21798705)
GoldenEye.1995__#00-56-11_00-56-51_label_A.mp4|0.08114925|(1,962,0.08114925)
v=AqFWYZsOgWY__#00-33-00_00-36-00_label_A.mp4|0.42197138|(3,2001,0.026375134,2000,4001,0.42197138,2322,4322,0.23910211)
v=MyM5G7fo7Gg__#00-18-00_00-21-00_label_A.mp4|0.36280778|(3,2001,0.36280778,2000,4001,0.14478028,2323,4323,0.17714804)
One.Day.2011__#01-02-50_01-07-05_label_A.mp4|0.017511174|(4,2001,0.00721045,2000,4001,0.0027128146,4000,6001,0.008742599,4121,6121,0.017511174)
Death.Proof.2007__#00-02-04_00-05-00_label_A.mp4|0.32895866|(3,2001,0.31323767,2000,4001,0.3248316,2225,4225,0.32895866)
Fast.Furious.2009__#01-08-33_01-10-18_label_A.mp4|0.07416789|(2,2001,0.017612226,521,2521,0.07416789)
A.Beautiful.Mind.2001__#00-25-20_00-29-20_label_A.mp4|0.20413071|(3,2001,0.046708565,2000,4001,0.20413071,3761,5761,0.018078513)
Tropa.de.Elite.2.2010__#01-30-51_01-32-30_label_A.mp4|0.17199007|(2,2001,0.017460251,377,2377,0.17199007)
v=EeUTpfyb0qo__#1_label_A.mp4|0.4013314|(10,2001,0.030596819,2000,4001,0.35143843,4000,6001,0.13843115,6000,8001,0.4013314,8000,10001,0.11876969,10000,12001,0.24348956,12000,14001,0.0312532,14000,16001,0.031264722,16000,18001,0.06799239,16143,18143,0.064405024)
v=HksDvkX6Bjk__#1_label_A.mp4|0.101361886|(8,2001,0.0052828593,2000,4001,0.030301182,4000,6001,0.101361886,6000,8001,0.04360841,8000,10001,0.056512475,10000,12001,0.04207424,12000,14001,0.02100773,13435,15435,0.01991104)
Before.Sunrise.1995__#00-40-52_00-42-01_label_A.mp4|0.017399698|(1,1657,0.017399698)
v=9FxmNOXF25Q__#1_label_A.mp4|0.45265052|(3,2001,0.32490605,2000,4001,0.38507566,2120,4120,0.45265052)
Your.Name.2016__#01-01-20_01-04-00_label_A.mp4|0.92026806|(2,2001,0.842655,1841,3841,0.92026806)
Black.Hawk.Down.2001__#00-06-44_00-07-39_label_A.mp4|0.01942058|(1,1321,0.01942058)
v=SmFpAAHmoII__#1_label_A.mp4|0.7518901|(2,2001,0.7518901,1951,3951,0.12497926)
Election.2005__#00-03-35_00-05-05_label_A.mp4|0.18259016|(2,2001,0.15719065,160,2160,0.18259016)
v=H12BVHrNiXs__#1_label_A.mp4|0.2497687|(3,2001,0.087158605,2000,4001,0.20301355,2787,4787,0.2497687)
v=Oh6FDdpH08A__#1_label_A.mp4|0.4754438|(2,2001,0.3663952,1344,3344,0.4754438)
v=RarYGpz-blM__#1_label_A.mp4|0.03949669|(2,2001,0.03949669,1384,3384,0.025109628)
The.Pursuit.of.Happyness.2006__#00-17-30_00-19-10_label_A.mp4|0.20619917|(2,2001,0.11184135,401,2401,0.20619917)
Young.And.Dangerous.II.1996__#0-53-25_0-54-20_label_A.mp4|0.1235261|(1,1322,0.1235261)
v=1EvRIhdsX1s__#1_label_A.mp4|0.66340154|(1,862,0.66340154)
Black.Hawk.Down.2001__#01-36-44_01-37-33_label_A.mp4|0.0982948|(1,1176,0.0982948)
City.of.God.2002__#00-33-10_00-34-50_label_A.mp4|0.1814164|(2,2001,0.11880056,401,2401,0.1814164)
v=g7fnNf88IOc__#1_label_A.mp4|0.028425602|(2,2001,0.02303849,1635,3635,0.028425602)
Ip.Man.2008__#00-02-56_00-05-24_label_A.mp4|0.034211595|(2,2001,0.034211595,1553,3553,0.0097501)
v=hgoGZZSMhMQ__#1_label_A.mp4|0.5910682|(1,159,0.5910682)
Mission.Impossible.II.2000__#00-11-37_00-15-46_label_A.mp4|0.2525301|(1,693,0.2525301)
Kill.Bill.Vol.2.2004__#01-03-13_01-04-13_label_A.mp4|0.36621764|(1,1441,0.36621764)
v=Pf7WtK-YPDA__#1_label_A.mp4|0.690237|(1,1954,0.690237)
Mission.Impossible.Ghost.Protocol.2011__#01-24-59_01-28-30_label_A.mp4|0.56011033|(3,2001,0.56011033,2000,4001,0.016869396,3064,5064,0.045777712)
v=0vVOXlgHC1U__#00-12-00_00-18-00_label_A.mp4|0.05516041|(5,2001,0.05516041,2000,4001,0.011611741,4000,6001,0.021056628,6000,8001,0.024969945,6642,8642,0.026134413)
Hear.Me.2009__#00-30-50_00-32-31_label_A.mp4|0.08304221|(2,2001,0.08304221,425,2425,0.0563742)
v=H9Y5_X1sEEA__#00-45-00_00-48-00_label_A.mp4|0.2928452|(3,2001,0.07309295,2000,4001,0.20377314,2323,4323,0.2928452)
A.Beautiful.Mind.2001__#00-50-26_00-55-16_label_A.mp4|0.53674686|(4,2001,0.0051188725,2000,4001,0.035045493,4000,6001,0.014762759,4962,6962,0.53674686)
v=9qxJ6bznkNI__#1_label_A.mp4|0.06269834|(3,2001,0.040505692,2000,4001,0.06269834,3454,5454,0.02790615)
Flipped.2010__#01-10-30_01-13-51_label_A.mp4|0.035812426|(3,2001,0.035812426,2000,4001,0.0065825023,2825,4825,0.020736475)
v=94zZ9iptP54__#1_label_A.mp4|0.8612475|(1,932,0.8612475)
Love.Me.If.You.Dare.2003__#00-33-52_00-39-00_label_A.mp4|0.39614946|(4,2001,0.016350877,2000,4001,0.23766762,4000,6001,0.39614946,5394,7394,0.26392838)
The.Fast.and.the.Furious.2001__#01-38-50_01-39-59_label_A.mp4|0.008600747|(1,1657,0.008600747)
Taken.3.2014__#01-20-10_01-21-30_label_A.mp4|0.24634023|(1,1921,0.24634023)
v=wQrV75N2BrI__#1_label_A.mp4|0.25495708|(17,2001,0.08072217,2000,4001,0.100515366,4000,6001,0.14657992,6000,8001,0.16388085,8000,10001,0.04749585,10000,12001,0.09701114,12000,14001,0.13542153,14000,16001,0.06822049,16000,18001,0.18898031,18000,20001,0.105721354,20000,22001,0.25495708,22000,24001,0.085077964,24000,26001,0.06198644,26000,28001,0.095613375,28000,30001,0.09907054,30000,32001,0.08480954,31196,33196,0.03103477)
Good.Will.Hunting.1997__#00-08-55_00-10-50_label_A.mp4|0.58211523|(2,2001,0.58211523,762,2762,0.421147)
v=vp_W8CqtCug__#1_label_A.mp4|0.07193034|(2,2001,0.012332475,1806,3806,0.07193034)
The.Fast.and.the.Furious.2001__#00-26-09_00-26-52_label_A.mp4|0.4524717|(1,1033,0.4524717)
v=SdYFFo_tsfk__#00-18-00_00-24-00_label_A.mp4|0.055596128|(5,2001,0.055596128,2000,4001,0.022485277,4000,6001,0.017847793,6000,8001,0.008325371,6642,8642,0.0025305839)
v=y7JEq-kf-2I__#00-01-50_00-02-30_label_A.mp4|0.12918784|(1,960,0.12918784)
Mission.Impossible.Ghost.Protocol.2011__#00-49-03_00-51-21_label_A.mp4|0.041637383|(2,2001,0.041637383,1313,3313,0.036119588)
Jason.Bourne.2016__#0-51-37_0-53-20_label_A.mp4|0.38098103|(2,2001,0.38098103,473,2473,0.22102843)
v=usAvzbDq6-c__#00-18-00_00-21-00_label_A.mp4|0.24608776|(3,2001,0.24608776,2000,4001,0.07030028,2322,4322,0.19963774)
v=VGP9qh7U4H0__#1_label_A.mp4|0.7991373|(3,2001,0.7991373,2000,4001,0.15598018,3284,5284,0.44264972)
Tropa.de.Elite.2007__#00-10-30_00-12-08_label_A.mp4|0.16111183|(2,2001,0.16111183,352,2352,0.045399595)
v=n0AhGnEjako__#1_label_A.mp4|0.9117645|(2,2001,0.61185706,376,2376,0.9117645)
v=5NZxPmTpV6Y__#1_label_A.mp4|0.27636984|(2,2001,0.27636984,807,2807,0.05690125)
Desperado.1995__#00-19-00_00-20-31_label_A.mp4|0.025890848|(2,2001,0.017369894,185,2185,0.025890848)
Good.Will.Hunting.1997__#00-58-18_01-02-30_label_A.mp4|0.6606186|(4,2001,0.008233734,2000,4001,0.027217302,4000,6001,0.5225611,4049,6049,0.6606186)
v=bU86SW6L7Tc__#1_label_A.mp4|0.52573353|(3,2001,0.17277722,2000,4001,0.37620628,2250,4250,0.52573353)
v=VNQ1Vkz_cM4__#1_label_A.mp4|0.8853029|(3,2001,0.8853029,2000,4001,0.7822515,3622,5622,0.30514297)
City.Of.Men.2007__#01-36-01_01-37-31_label_A.mp4|0.082180046|(2,2001,0.082180046,161,2161,0.037411556)
v=BL8ppFg7NKI__#1_label_A.mp4|0.20965417|(3,2001,0.08593193,2000,4001,0.20965417,3470,5470,0.085818686)
Young.And.Dangerous.I.1996__#0-55-09_0-56-59_label_A.mp4|0.5546137|(2,2001,0.5546137,641,2641,0.14578578)
The.Bourne.Ultimatum.2007__#01-32-57_01-33-53_label_A.mp4|0.23164468|(1,1345,0.23164468)
v=-tqHsoEoUyY__#1_label_A.mp4|0.22963548|(1,1011,0.22963548)
v=eAgqJnO3kr8__#00-42-00_00-48-00_label_A.mp4|0.013052153|(5,2001,0.0057874774,2000,4001,0.00414725,4000,6001,0.009363968,6000,8001,0.013052153,6642,8642,0.0059119714)
v=ibYV3e17R5c__#1_label_A.mp4|0.3228369|(2,2001,0.3228369,1375,3375,0.20320056)
IP.Man.2.2010__#01-44-00_01-44-42_label_A.mp4|0.025436627|(1,1008,0.025436627)
Tropa.de.Elite.2007__#00-52-33_00-54-35_label_A.mp4|0.5016759|(2,2001,0.5016759,930,2930,0.2684319)
v=usAvzbDq6-c__#00-03-00_00-06-00_label_A.mp4|0.132056|(3,2001,0.04035972,2000,4001,0.132056,2322,4322,0.07035988)
v=smnw0Q7AxFQ__#1_label_A.mp4|0.089020476|(4,2001,0.089020476,2000,4001,0.026912168,4000,6001,0.03658211,5956,7956,0.071353786)
Hear.Me.2009__#00-49-48_00-51-12_label_A.mp4|0.24248451|(2,2001,0.23930235,17,2017,0.24248451)
Saving.Private.Ryan.1998__#02-00-56_02-03-06_label_A.mp4|0.20935741|(2,2001,0.082070306,1121,3121,0.20935741)
Be.with.You.2018__#01-42-06_01-45-53_label_A.mp4|0.76306504|(3,2001,0.16370606,2000,4001,0.18857595,3449,5449,0.76306504)
Bullet.in.the.Head.1990__#00-03-59_00-04-40_label_A.mp4|0.3766246|(1,985,0.3766246)
