Mission.Impossible.Fallout.2018__#00-31-21_00-32-50_label_B1-0-0.mp4|0.50159204|(2,2001,0.50159204,136,2136,0.5002715)
v=bhZs3ALdL7Y__#1_label_G-0-0.mp4|0.5117113|(1,81,0.5117113)
Skyfall.2012__#01-55-44_01-56-57_label_B2-G-0.mp4|0.5029001|(1,1753,0.5029001)
v=15wDrZJQpsw__#00-05-20_00-06-20_label_B6-0-0.mp4|0.5077853|(1,1443,0.5077853)
v=gp_D8r-2hwk__#1_label_G-0-0.mp4|0.5018491|(2,2001,0.49911538,551,2551,0.5018491)
Quantum.Of.Solace.2008__#01-19-30_01-20-05_label_B1-0-0.mp4|0.5024985|(1,841,0.5024985)
Saving.Private.Ryan.1998__#02-24-18_02-25-42_label_B1-0-0.mp4|0.5008584|(2,2001,0.49965918,17,2017,0.5008584)
Rush.Hour.3.2007.BluRay__#00-34-11_00-35-46_label_B1-0-0.mp4|0.49884337|(2,2001,0.49884337,281,2281,0.49854144)
The.Bourne.Identity.2002__#0-54-45_0-56-25_label_B6-0-0.mp4|0.50085175|(2,2001,0.500113,401,2401,0.50085175)
Rush.Hour.1998.BluRay__#00-11-05_00-12-10_label_B2-B1-0.mp4|0.5026356|(1,1562,0.5026356)
v=GN-7_ye5k4E__#1_label_G-0-0.mp4|0.4974339|(2,2001,0.4974339,681,2681,0.49459323)
v=b0MUjeKAGZw__#1_label_B4-0-0.mp4|0.500884|(2,2001,0.500884,795,2795,0.4990257)
Mission.Impossible.III.2006__#00-56-23_00-56-40_label_G-0-0.mp4|0.50387067|(1,409,0.50387067)
Kingsman.The.Secret.Service.2014__#01-43-40_01-44-50_label_B2-G-0.mp4|0.49936125|(1,1681,0.49936125)
v=m5Ya6z6qroo__#1_label_B4-0-0.mp4|0.5053322|(3,2001,0.5053322,2000,4001,0.5012534,3647,5647,0.49872208)
Rush.Hour.3.2007.BluRay__#01-12-16_01-12-36_label_B1-0-0.mp4|0.49901405|(1,481,0.49901405)
Kingsman.The.Secret.Service.2014__#00-22-10_00-23-10_label_B2-0-0.mp4|0.5025236|(1,1441,0.5025236)
v=5BBoVfKOyeM__#00-08-19_00-10-10_label_B6-0-0.mp4|0.49986413|(2,2001,0.49893546,666,2666,0.49986413)
v=3xWiBCIxjIk__#1_label_B4-0-0.mp4|0.5045484|(2,2001,0.5045484,1748,3748,0.4996859)
Lord.of.War__#00-50-10_00-50-50_label_G-0-0.mp4|0.5021654|(1,961,0.5021654)
v=3WmMhircZOc__#1_label_B4-0-0.mp4|0.50528204|(4,2001,0.49671534,2000,4001,0.50070775,4000,6001,0.50375265,4025,6025,0.50528204)
v=DVdXoVUNkhg__#1_label_G-0-0.mp4|0.50492877|(1,1146,0.50492877)
v=1GFBuaGCeTo__#1_label_G-0-0.mp4|0.49872273|(1,1253,0.49872273)
v=hAHXCMRvY_I__#1_label_G-0-0.mp4|0.49322292|(1,486,0.49322292)
v=lpkL0Y1MhA8__#1_label_B4-0-0.mp4|0.5036884|(2,2001,0.5036884,524,2524,0.5033348)
City.of.God.2002__#00-40-16_00-41-30_label_B2-0-0.mp4|0.506893|(1,1778,0.506893)
Mission.Impossible.Ghost.Protocol.2011__#01-54-24_01-54-50_label_B1-0-0.mp4|0.5008645|(1,625,0.5008645)
v=AF9p0YA0hyA__#00-03-03_00-04-20_label_B4-0-0.mp4|0.5021205|(1,1850,0.5021205)
v=fQQzg2VfJME__#1_label_B4-0-0.mp4|0.49701717|(1,1348,0.49701717)
v=pFamvR9CpYw__#00-00-00_00-06-36_label_B4-0-0.mp4|0.5057989|(5,2001,0.5057989,2000,4001,0.5042366,4000,6001,0.5028221,6000,8001,0.50431174,7506,9506,0.5016165)
Ip.Man.2008__#01-40-37_01-42-07_label_B4-0-0.mp4|0.5026614|(2,2001,0.5026614,161,2161,0.5003611)
v=lcBUb7EOQ4o__#1_label_G-0-0.mp4|0.504807|(2,2001,0.5008311,237,2237,0.504807)
Operation.Red.Sea.2018__#0-25-36_0-26-03_label_G-0-0.mp4|0.50092095|(1,648,0.50092095)
v=q_DhkdHGXos__#1_label_B1-0-0.mp4|0.5047202|(3,2001,0.5047202,2000,4001,0.5014809,2638,4638,0.50082284)
v=7QOdBpDrmKk__#00-01-00_00-02-45_label_B6-0-0.mp4|0.49967024|(2,2001,0.49787575,522,2522,0.49967024)
Mission.Impossible.V.Rogue.Nation.2015__#01-54-23_01-55-10_label_B2-0-0.mp4|0.50077254|(1,1129,0.50077254)
v=xbPWQKZspfU__#1_label_B1-0-0.mp4|0.5049702|(3,2001,0.5049702,2000,4001,0.50256026,3034,5034,0.50318104)
v=nLAapCIlr-o__#00-07-22_00-08-19_label_B6-0-0.mp4|0.499321|(1,1370,0.499321)
Kill.Bill.Vol.1.2003__#01-17-20_01-20-20_label_B1-0-0.mp4|0.5035734|(3,2001,0.49472532,2000,4001,0.50088745,2321,4321,0.5035734)
v=Dn_SDu22WpM__#00-08-35_00-10-05_label_B6-0-0.mp4|0.4970891|(2,2001,0.4970891,163,2163,0.49560863)
v=-fOWSLV6Esw__#1_label_B4-0-0.mp4|0.5040877|(1,789,0.5040877)
Election.2005__#00-47-57_00-50-54_label_B5-0-0.mp4|0.50451803|(3,2001,0.50451803,2000,4001,0.50295204,2248,4248,0.5011528)
v=-kwNh1lMU-w__#1_label_B4-0-0.mp4|0.49983943|(3,2001,0.49830163,2000,4001,0.4982632,2081,4081,0.49983943)
v=6nfo9c7a5pE__#1_label_B1-0-0.mp4|0.50307876|(1,1235,0.50307876)
v=SMy2_qNO2Y0__#00-01-50_00-03-13_label_G-0-0.mp4|0.5024209|(1,1994,0.5024209)
v=Qc3pAEeK16A__#1_label_B1-0-0.mp4|0.5038111|(1,1409,0.5038111)
v=9CWJd1SezkA__#1_label_G-0-0.mp4|0.5012946|(1,700,0.5012946)
Tropa.de.Elite.2.2010__#01-33-01_01-33-30_label_B2-0-0.mp4|0.4969123|(1,698,0.4969123)
Mission.Impossible.V.Rogue.Nation.2015__#00-17-27_00-17-55_label_B2-0-0.mp4|0.4979899|(1,673,0.4979899)
v=tP19WuyY3IY__#00-00-00_00-00-51_label_B6-0-0.mp4|0.5026114|(1,1226,0.5026114)
Operation.Red.Sea.2018__#0-16-06_0-16-46_label_G-0-0.mp4|0.49915135|(1,960,0.49915135)
The.Bourne.Ultimatum.2007__#01-44-02_01-44-11_label_B2-0-0.mp4|0.49673593|(1,217,0.49673593)
Operation.Red.Sea.2018__#0-56-26_0-57-10_label_G-0-0.mp4|0.5006358|(1,1056,0.5006358)
Lord.of.War__#01-41-04_01-41-53_label_B1-0-0.mp4|0.50093555|(1,1177,0.50093555)
v=wVey5JDRf_g__#00-01-30_00-02-41_label_B6-0-0.mp4|0.50536615|(1,1706,0.50536615)
v=1io9Uh54Vhg__#1_label_B4-0-0.mp4|0.4950747|(1,1980,0.4950747)
v=Q6zIX29HkSo__#1_label_B4-0-0.mp4|0.5031745|(2,2001,0.5031745,145,2145,0.50183743)
v=BzwNU2xmT64__#00-04-10_00-06-09_label_B6-0-0.mp4|0.50440544|(2,2001,0.5017477,858,2858,0.50440544)
v=iHuggczItBk__#00-03-00_00-03-55_label_B6-0-0.mp4|0.5058394|(1,1322,0.5058394)
v=nLAapCIlr-o__#00-16-10_00-18-09_label_B6-0-0.mp4|0.50494236|(2,2001,0.50494236,858,2858,0.50264066)
Ip.Man.3.2015__#00-44-45_00-45-08_label_B1-0-0.mp4|0.5048872|(1,552,0.5048872)
Black.Hawk.Down.2001__#01-13-59_01-14-49_label_B2-0-0.mp4|0.50029373|(1,1201,0.50029373)
v=3zgaqeVSXuI__#1_label_B4-0-0.mp4|0.50758547|(1,1953,0.50758547)
Young.And.Dangerous.I.1996__#0-46-57_0-48-57_label_B1-0-0.mp4|0.50212604|(2,2001,0.49988285,881,2881,0.50212604)
v=8tqeeBGjnPg__#00-03-12_00-04-15_label_B6-0-0.mp4|0.5011454|(1,1515,0.5011454)
v=iWfUqxibqG0__#1_label_G-0-0.mp4|0.50013846|(1,631,0.50013846)
v=Ia9ATKNeUbY__#00-04-19_00-05-11_label_B6-0-0.mp4|0.4963567|(1,1250,0.4963567)
v=UK2w9Sh47fM__#1_label_G-0-0.mp4|0.49834716|(1,1198,0.49834716)
Salt.2010__#00-17-40_00-18-16_label_B1-0-0.mp4|0.5032267|(1,865,0.5032267)
v=2Rr21qkZEDQ__#00-03-00_00-04-09_label_B6-0-0.mp4|0.50566614|(1,1658,0.50566614)
Skyfall.2012__#01-20-05_01-20-20_label_B1-B2-0.mp4|0.49923983|(1,361,0.49923983)
Bullet.in.the.Head.1990__#00-41-30_00-44-16_label_B4-G-0.mp4|0.5020493|(2,2001,0.5020493,1986,3986,0.49733052)
v=5Tnl7_8RqlA__#00-11-00_00-12-45_label_B6-0-0.mp4|0.50485456|(2,2001,0.5007862,522,2522,0.50485456)
v=BXR3d22BhHs__#00-06-00_00-07-00_label_B4-0-0.mp4|0.50215757|(1,1443,0.50215757)
The.Fast.and.the.Furious.2001__#00-52-18_00-53-36_label_B1-0-0.mp4|0.49848545|(1,1873,0.49848545)
v=gENp4SyNxkI__#1_label_B1-0-0.mp4|0.5017441|(1,1275,0.5017441)
v=YANmwpkuWRo__#1_label_G-0-0.mp4|0.5024055|(1,1080,0.5024055)
v=96N4XAJ7FKM__#1_label_B1-0-0.mp4|0.5029783|(3,2001,0.5029783,2000,4001,0.49792954,2860,4860,0.4968183)
Mission.Impossible.II.2000__#01-38-25_01-38-41_label_B2-B5-0.mp4|0.49628946|(1,385,0.49628946)
v=15wDrZJQpsw__#00-00-00_00-00-51_label_B6-0-0.mp4|0.5013157|(1,1226,0.5013157)
Skyfall.2012__#01-57-40_01-58-00_label_B2-0-0.mp4|0.49759123|(1,481,0.49759123)
Spectre.2015__#02-15-30_02-16-05_label_G-0-0.mp4|0.50200546|(1,842,0.50200546)
GoldenEye.1995__#00-10-00_00-10-40_label_G-0-0.mp4|0.5008744|(1,961,0.5008744)
v=0yHBkMBE8r4__#1_label_B1-0-0.mp4|0.5047828|(3,2001,0.50110596,2000,4001,0.50047445,3162,5162,0.5047828)
Bad.Boys.1995__#01-33-51_01-34-37_label_B2-0-0.mp4|0.5004272|(1,1104,0.5004272)
v=YKtw6uLEGps__#1_label_B4-0-0.mp4|0.5016427|(2,2001,0.5016427,934,2934,0.50044566)
v=cO1UefhG7AY__#1_label_G-0-0.mp4|0.507747|(3,2001,0.507747,2000,4001,0.50046736,2574,4574,0.50301903)
v=Lt9M_tSij_4__#00-00-00_00-04-24_label_B6-0-0.mp4|0.50380296|(4,2001,0.49549386,2000,4001,0.50380296,4000,6001,0.501037,4336,6336,0.5023418)
v=kVl-6-A9ZO4__#00-08-01_00-09-35_label_B6-0-0.mp4|0.5051322|(2,2001,0.5035119,259,2259,0.5051322)
v=X6Tbn8_X-Os__#1_label_B1-0-0.mp4|0.50120467|(3,2001,0.50120467,2000,4001,0.49816912,2899,4899,0.49845076)
v=BQjKQbYgUBA__#1_label_B1-0-0.mp4|0.5060396|(2,2001,0.5060396,1423,3423,0.5005689)
Skyfall.2012__#02-08-44_02-09-17_label_B1-0-0.mp4|0.5008757|(1,793,0.5008757)
Deadpool.2016__#0-18-58_0-19-20_label_B1-0-0.mp4|0.4982251|(1,529,0.4982251)
v=zQbnQBCTSiA__#1_label_B1-0-0.mp4|0.50617605|(3,2001,0.50617605,2000,4001,0.50332785,3695,5695,0.50345486)
v=Hnfy9XhlIPM__#1_label_B4-0-0.mp4|0.505284|(3,2001,0.5048619,2000,4001,0.5050812,2661,4661,0.505284)
v=ZkUciDD55kA__#00-00-00_00-00-30_label_G-0-0.mp4|0.49725828|(1,722,0.49725828)
v=MqrNCb2N5to__#1_label_B1-0-0.mp4|0.49999827|(2,2001,0.4975246,533,2533,0.49999827)
v=_5Kmb4tqMxs__#1_label_B4-0-0.mp4|0.50039214|(1,1305,0.50039214)
Taken.2.UNRATED.EXTENDED.2012__#01-06-28_01-06-49_label_B2-0-0.mp4|0.501882|(1,505,0.501882)
Mission.Impossible.V.Rogue.Nation.2015__#01-19-48_01-20-20_label_B6-0-0.mp4|0.5018371|(1,770,0.5018371)
Yellow.Sea.2010__#01-04-00_01-04-50_label_B1-0-0.mp4|0.49653435|(1,1200,0.49653435)
v=HSisjzLESak__#00-00-00_00-00-51_label_B6-0-0.mp4|0.50135237|(1,1226,0.50135237)
Operation.Red.Sea.2018__#01-37-22_01-37-36_label_G-B2-0.mp4|0.5009079|(1,336,0.5009079)
Shoot.Em.Up.2007__#00-56-56_00-57-15_label_B2-0-0.mp4|0.5004292|(1,457,0.5004292)
v=jYENhkzdpO8__#00-00-00_00-01-31_label_B6-0-0.mp4|0.504164|(2,2001,0.5029034,186,2186,0.504164)
New.Kids.Turbo.2010__#00-50-13_00-50-34_label_B1-0-0.mp4|0.5039847|(1,504,0.5039847)
v=bDm2-1NZBLw__#1_label_B4-0-0.mp4|0.49565682|(2,2001,0.4950951,210,2210,0.49565682)
Bullet.in.the.Head.1990__#00-23-31_00-24-40_label_G-0-0.mp4|0.49893415|(1,1657,0.49893415)
v=ZnFlL84K7HE__#00-27-53_00-34-45_label_B4-0-0.mp4|0.50367004|(5,2001,0.5022804,2000,4001,0.50367004,4000,6001,0.50044215,6000,8001,0.50295186,7890,9890,0.50124395)
City.of.God.2002__#01-24-10_01-25-10_label_B2-0-0.mp4|0.50385135|(1,1441,0.50385135)
v=ICnreR1hxP0__#1_label_B4-0-0.mp4|0.50526476|(3,2001,0.50408554,2000,4001,0.50458103,2328,4328,0.50526476)
v=2al4t5inObA__#1_label_B4-0-0.mp4|0.50206715|(2,2001,0.4966533,1582,3582,0.50206715)
v=3wxWNAM8Cso__#1_label_G-0-0.mp4|0.5025655|(4,2001,0.49691036,2000,4001,0.49867553,4000,6001,0.5020347,4063,6063,0.5025655)
v=pMtu7fOHdII__#1_label_B1-0-0.mp4|0.50088245|(1,1252,0.50088245)
Black.Hawk.Down.2001__#01-42-58_01-43-58_label_G-0-0.mp4|0.5025312|(1,1441,0.5025312)
v=ZoS8gm5OcOM__#00-07-50_00-08-55_label_B6-0-0.mp4|0.5014466|(1,1562,0.5014466)
v=tP19WuyY3IY__#00-06-10_00-07-51_label_B6-0-0.mp4|0.503317|(2,2001,0.503317,426,2426,0.50190425)
v=CvMpD1yqfxI__#1_label_G-0-0.mp4|0.50205183|(1,873,0.50205183)
v=-etV57xZ4_I__#1_label_B4-0-0.mp4|0.50038224|(1,265,0.50038224)
Taken.Extended.Cut.2008__#00-50-45_00-51-04_label_B2-B6-0.mp4|0.50005496|(1,456,0.50005496)
v=UzxuX79xq4s__#1_label_B4-0-0.mp4|0.50832117|(3,2001,0.505477,2000,4001,0.5070135,3286,5286,0.50832117)
v=EH_QB6cm6BE__#1_label_G-0-0.mp4|0.50243676|(1,658,0.50243676)
Salt.2010__#01-12-05_01-12-32_label_B2-G-0.mp4|0.5003666|(1,649,0.5003666)
v=y1z12D5bx7c__#1_label_B4-0-0.mp4|0.5018539|(3,2001,0.5015568,2000,4001,0.49822232,2850,4850,0.5018539)
v=1q5V6DKH3bw__#1_label_B4-0-0.mp4|0.50432914|(2,2001,0.50424737,1029,3029,0.50432914)
v=v-Plzx73K68__#1_label_B4-0-0.mp4|0.49737445|(1,1016,0.49737445)
Mission.Impossible.Fallout.2018__#02-03-50_02-04-35_label_B1-0-0.mp4|0.50015765|(1,1080,0.50015765)
v=ZCjNPgNu42g__#1_label_B4-0-0.mp4|0.5034267|(2,2001,0.5034267,1483,3483,0.50066197)
v=7QOdBpDrmKk__#00-10-30_00-10-51_label_B6-0-0.mp4|0.5014873|(1,506,0.5014873)
v=OE9t3XImErk__#1_label_B1-0-0.mp4|0.49794415|(1,557,0.49794415)
Sin.City.2005__#0-10-40_0-11-40_label_B2-0-0.mp4|0.50483555|(1,1441,0.50483555)
v=_YobflFU_HU__#00-06-10_00-07-51_label_B6-0-0.mp4|0.5033128|(2,2001,0.50186414,426,2426,0.5033128)
Casino.Royale.2006__#01-17-29_01-17-46_label_B1-0-0.mp4|0.50075215|(1,409,0.50075215)
The.Fast.and.the.Furious.2001__#00-29-00_00-29-52_label_B2-G-0.mp4|0.50052935|(1,1249,0.50052935)
v=2jwO15SMyuo__#1_label_B4-0-0.mp4|0.50393695|(2,2001,0.50393695,376,2376,0.5034207)
Rush.Hour.3.2007.BluRay__#00-40-56_00-41-52_label_B2-0-0.mp4|0.50362754|(1,1345,0.50362754)
v=uQY15O3LKI0__#1_label_B6-0-0.mp4|0.4970128|(2,2001,0.4970128,1970,3970,0.49506482)
v=iegHZ_UWWsA__#00-14-05_00-20-33_label_B4-0-0.mp4|0.5092089|(5,2001,0.5092089,2000,4001,0.5038814,4000,6001,0.49543265,6000,8001,0.49789673,7314,9314,0.5027684)
God.Bless.America.2011__#00-38-25_00-39-37_label_B2-B5-0.mp4|0.5013528|(1,1729,0.5013528)
Bullet.in.the.Head.1990__#01-45-21_01-46-20_label_B2-0-0.mp4|0.5006888|(1,1417,0.5006888)
Taken.2.UNRATED.EXTENDED.2012__#01-00-00_01-00-16_label_B2-0-0.mp4|0.5018697|(1,385,0.5018697)
v=Ia9ATKNeUbY__#00-05-19_00-06-09_label_B6-0-0.mp4|0.50360894|(1,1202,0.50360894)
v=Q-u3Y9TkZhQ__#1_label_B4-0-0.mp4|0.49823138|(1,1036,0.49823138)
v=uprb6aBzymw__#00-03-03_00-05-13_label_B4-0-0.mp4|0.50417024|(2,2001,0.49952635,1121,3121,0.50417024)
v=cuUK-3MNqtw__#1_label_B1-0-0.mp4|0.5015705|(2,2001,0.5003614,63,2063,0.5015705)
Fast.Five.2011__#00-32-05_00-32-24_label_B1-B2-0.mp4|0.49915943|(1,457,0.49915943)
Kingsman.The.Golden.Circle.2017__#00-35-55_00-36-35_label_B1-0-0.mp4|0.49717742|(1,962,0.49717742)
The.Hurt.Locker.2008__#01-27-42_01-28-09_label_G-0-0.mp4|0.4970742|(1,649,0.4970742)
Fast.Furious.6.2013__#01-38-33_01-39-20_label_B1-0-0.mp4|0.49715555|(1,1129,0.49715555)
v=u5SF4SlqNDQ__#00-02-39_00-03-41_label_G-0-0.mp4|0.5019942|(1,1491,0.5019942)
Tropa.de.Elite.2.2010__#00-13-41_00-14-56_label_B4-0-0.mp4|0.5030799|(1,1801,0.5030799)
Fast.Five.2011__#00-01-41_00-01-57_label_B6-0-0.mp4|0.50209504|(1,385,0.50209504)
Taken.Extended.Cut.2008__#00-33-51_00-34-03_label_B1-0-0.mp4|0.49789223|(1,289,0.49789223)
Taken.2.UNRATED.EXTENDED.2012__#00-45-50_00-46-20_label_G-0-0.mp4|0.50321853|(1,722,0.50321853)
Shoot.Em.Up.2007__#00-32-40_00-35-10_label_B2-0-0.mp4|0.50147736|(2,2001,0.5008246,1601,3601,0.50147736)
Saving.Private.Ryan.1998__#02-23-00_02-23-28_label_B1-0-0.mp4|0.49752134|(1,673,0.49752134)
The.World.Is.Not.Enough.1999__#00-10-22_00-10-40_label_G-0-0.mp4|0.50044644|(1,433,0.50044644)
Skyfall.2012__#00-06-10_00-06-25_label_B6-0-0.mp4|0.5004289|(1,361,0.5004289)
v=9Ydg5IeZpFI__#1_label_B1-0-0.mp4|0.5058497|(3,2001,0.5058497,2000,4001,0.50382936,2621,4621,0.50388265)
Taken.3.2014__#01-19-13_01-19-30_label_B1-0-0.mp4|0.50125355|(1,409,0.50125355)
v=oipd63DGadU__#1_label_B1-0-0.mp4|0.50084186|(1,1398,0.50084186)
Mission.Impossible.III.2006__#00-19-56_00-20-26_label_B2-0-0.mp4|0.49821824|(1,721,0.49821824)
v=m8EkFsaGPzU__#1_label_B4-0-0.mp4|0.50321454|(3,2001,0.50321454,2000,4001,0.5029427,3703,5703,0.5025243)
Sin.City.2005__#0-29-34_0-29-56_label_B2-0-0.mp4|0.50153184|(1,529,0.50153184)
Sin.City.2005__#01-51-59_01-52-29_label_B2-0-0.mp4|0.4956132|(1,721,0.4956132)
Death.Proof.2007__#01-40-41_01-42-17_label_B5-B6-0.mp4|0.503811|(2,2001,0.503811,305,2305,0.50322396)
v=k98yVPXiYoU__#1_label_G-0-0.mp4|0.49659407|(1,736,0.49659407)
Young.And.Dangerous.IV.1997__#01-32-04_01-32-58_label_B1-0-0.mp4|0.5011504|(1,1297,0.5011504)
v=V7FtjJStY1M__#1_label_G-0-0.mp4|0.50430924|(1,360,0.50430924)
v=CczYDDDf22A__#1_label_G-0-0.mp4|0.50256056|(1,679,0.50256056)
v=2WkuPNLfl5s__#1_label_B4-0-0.mp4|0.51079667|(1,1242,0.51079667)
Fast.Furious.2009__#01-18-00_01-19-00_label_B2-B6-0.mp4|0.5003295|(1,1441,0.5003295)
v=GI49YSCruwY__#1_label_B4-0-0.mp4|0.5000024|(2,2001,0.49743932,1032,3032,0.5000024)
Salt.2010__#01-06-27_01-07-07_label_G-B2-0.mp4|0.50196755|(1,962,0.50196755)
v=CcD-YNlkMPY__#1_label_G-0-0.mp4|0.50320697|(1,1996,0.50320697)
v=zoIn2hOrUIM__#00-01-00_00-02-45_label_B6-0-0.mp4|0.51024187|(2,2001,0.51024187,522,2522,0.5060529)
v=TsuuRo6PEXM__#1_label_B1-0-0.mp4|0.5013037|(3,2001,0.50125694,2000,4001,0.50128716,2343,4343,0.5013037)
v=bfOlheR5nUQ__#00-04-33_00-06-02_label_B4-0-0.mp4|0.5018792|(2,2001,0.50111085,138,2138,0.5018792)
Spectre.2015__#00-44-05_00-44-40_label_B1-B2-0.mp4|0.50216573|(1,841,0.50216573)
Haywire.2011__#01-20-20_01-21-57_label_B1-0-0.mp4|0.5023628|(2,2001,0.5023628,329,2329,0.5016159)
v=osjdmjNJUdg__#1_label_B1-0-0.mp4|0.50206846|(2,2001,0.50206846,320,2320,0.49887216)
Saving.Private.Ryan.1998__#02-23-58_02-24-18_label_G-0-0.mp4|0.49602652|(1,481,0.49602652)
Jason.Bourne.2016__#0-29-48_0-30-29_label_B4-0-0.mp4|0.50165325|(1,985,0.50165325)
Braveheart.1995__#01-26-50_01-32-30_label_B1-0-0.mp4|0.5018699|(5,2001,0.5018699,2000,4001,0.49834573,4000,6001,0.49544212,6000,8001,0.49789897,6161,8161,0.49729508)
v=wG-2t0M8CPc__#1_label_B1-0-0.mp4|0.5048946|(2,2001,0.5007537,73,2073,0.5048946)
v=FRj2K0ulD8Q__#00-00-00_00-00-57_label_B4-0-0.mp4|0.500475|(1,1370,0.500475)
v=15wDrZJQpsw__#00-09-00_00-10-55_label_B6-0-0.mp4|0.50294024|(2,2001,0.50294024,762,2762,0.50165987)
v=OOjjPGN8jSU__#1_label_B6-0-0.mp4|0.5059709|(3,2001,0.50071543,2000,4001,0.4998969,3918,5918,0.5059709)
The.Hurt.Locker.2008__#0-19-22_0-22-32_label_B2-B1-0.mp4|0.50325555|(3,2001,0.50325555,2000,4001,0.4983255,2561,4561,0.49942142)
Bullet.in.the.Head.1990__#01-26-30_01-27-34_label_B2-0-0.mp4|0.50027066|(1,1537,0.50027066)
Fast.Furious.2009__#00-42-10_00-42-41_label_B6-0-0.mp4|0.49755445|(1,745,0.49755445)
Taken.3.2014__#01-12-48_01-14-30_label_B2-B1-0.mp4|0.49934062|(2,2001,0.49934062,449,2449,0.49932417)
v=g2v3EkBj9Zc__#1_label_B4-0-0.mp4|0.50568914|(1,764,0.50568914)
v=UYFR-XbyZQc__#00-01-19_00-02-42_label_G-0-0.mp4|0.5038245|(1,1992,0.5038245)
Haywire.2011__#00-16-07_00-16-49_label_B1-0-0.mp4|0.49755493|(1,1008,0.49755493)
v=ntaXjnpusxM__#1_label_G-0-0.mp4|0.49682158|(1,688,0.49682158)
v=3xkwZk44VQs__#1_label_B4-0-0.mp4|0.50551444|(2,2001,0.5007027,517,2517,0.50551444)
Brick.Mansions.2014__#01-02-00_01-02-43_label_B2-0-0.mp4|0.50045544|(1,1032,0.50045544)
v=rAlZRFZTwxM__#00-03-13_00-07-08_label_G-0-0.mp4|0.50160086|(3,2001,0.5007676,2000,4001,0.50160086,3641,5641,0.5013247)
v=UK--hvgP2uY__#1_label_G-0-0.mp4|0.5025016|(2,2001,0.50225574,605,2605,0.5025016)
v=yy-KIWDcBr4__#00-16-10_00-17-19_label_B6-0-0.mp4|0.5032706|(1,1658,0.5032706)
v=k_cvJa1kNaM__#1_label_B4-0-0.mp4|0.50563616|(3,2001,0.50563616,2000,4001,0.5007218,3628,5628,0.503408)
Deadpool.2.2018__#0-50-30_0-51-20_label_B1-0-0.mp4|0.5050185|(1,1201,0.5050185)
v=9Jk2sIp5MRQ__#1_label_G-0-0.mp4|0.5012182|(1,568,0.5012182)
v=Q7NpJXOTiMY__#1_label_G-0-0.mp4|0.50027865|(1,1628,0.50027865)
IP.Man.2.2010__#01-35-55_01-39-11_label_B1-0-0.mp4|0.50647324|(3,2001,0.5003856,2000,4001,0.50647324,2704,4704,0.5052248)
The.World.Is.Not.Enough.1999__#00-07-04_00-07-45_label_G-B2-0.mp4|0.5010208|(1,984,0.5010208)
Desperado.1995__#01-14-11_01-17-28_label_B2-G-0.mp4|0.50587213|(3,2001,0.49719214,2000,4001,0.5032562,2729,4729,0.50587213)
City.Of.Men.2007__#00-57-37_00-58-27_label_B2-0-0.mp4|0.50325716|(1,1200,0.50325716)
v=eqtJjxsTgtg__#1_label_G-0-0.mp4|0.50093454|(1,1194,0.50093454)
v=BXR3d22BhHs__#00-07-00_00-08-00_label_B4-0-0.mp4|0.50498277|(1,1443,0.50498277)
v=yvnj5VIDsNI__#1_label_B4-0-0.mp4|0.501185|(3,2001,0.5008443,2000,4001,0.4984975,2890,4890,0.501185)
v=ONsmJAyFAAw__#1_label_G-0-0.mp4|0.500502|(1,1563,0.500502)
v=qqsd-cZr01k__#00-06-10_00-07-19_label_B6-0-0.mp4|0.5009963|(1,1658,0.5009963)
Rush.Hour.1998.BluRay__#00-08-08_00-09-15_label_B2-B6-G.mp4|0.5007971|(1,1609,0.5007971)
Sin.City.2005__#0-43-45_0-44-01_label_B2-0-0.mp4|0.4989269|(1,385,0.4989269)
v=rJz4NXm6vis__#1_label_B4-0-0.mp4|0.49981886|(1,1892,0.49981886)
The.Bourne.Ultimatum.2007__#01-26-27_01-28-03_label_B2-B6-0.mp4|0.5028481|(2,2001,0.5009681,305,2305,0.5028481)
v=73uRcX0Dvfc__#00-00-00_00-01-51_label_B6-G-0.mp4|0.50434196|(2,2001,0.4991756,666,2666,0.50434196)
GoldenEye.1995__#00-24-53_00-25-06_label_B1-0-0.mp4|0.49956593|(1,313,0.49956593)
v=gsz_P8t-KM4__#1_label_B4-0-0.mp4|0.5025458|(5,2001,0.5025458,2000,4001,0.5001986,4000,6001,0.4996887,6000,8001,0.50212115,7741,9741,0.50121933)
v=PWBZiM-rkoE__#1_label_G-0-0.mp4|0.50176567|(2,2001,0.50149906,711,2711,0.50176567)
v=J_ZsNd97wXw__#1_label_G-0-0.mp4|0.4996186|(1,1204,0.4996186)
Saving.Private.Ryan.1998__#02-16-58_02-17-13_label_G-0-0.mp4|0.49738795|(1,361,0.49738795)
v=CoxsDkB-rWU__#00-07-06_00-10-30_label_B4-0-0.mp4|0.5013148|(3,2001,0.5013148,2000,4001,0.50035334,2898,4898,0.4996865)
Fast.Furious.2009__#00-21-06_00-21-57_label_B6-B2-0.mp4|0.50228363|(1,1225,0.50228363)
v=wVey5JDRf_g__#00-00-00_00-01-20_label_B6-0-0.mp4|0.49921268|(1,1922,0.49921268)
Shoot.Em.Up.2007__#00-53-25_00-56-47_label_B2-0-0.mp4|0.50179404|(3,2001,0.5010339,2000,4001,0.50179404,2850,4850,0.49763352)
Deadpool.2.2018__#0-04-46_0-05-01_label_B2-0-0.mp4|0.5069085|(1,361,0.5069085)
v=0qtIjyt-7wg__#00-01-00_00-02-45_label_B6-0-0.mp4|0.50237566|(2,2001,0.50237566,522,2522,0.5003773)
v=wnd3IYH7x1o__#1_label_G-0-0.mp4|0.49866557|(1,1139,0.49866557)
v=Dh-3BlhAOnE__#00-00-00_00-13-36_label_B4-0-0.mp4|0.5046854|(10,2001,0.49982053,2000,4001,0.5046854,4000,6001,0.5013163,6000,8001,0.49629617,8000,10001,0.49995458,10000,12001,0.50039697,12000,14001,0.50050646,14000,16001,0.50052816,16000,18001,0.4972808,17586,19586,0.4993221)
v=waIS8TaJxts__#00-09-00_00-10-45_label_B6-0-0.mp4|0.5040099|(2,2001,0.4998779,522,2522,0.5040099)
Ip.Man.2008__#01-14-31_01-15-24_label_B1-0-0.mp4|0.49789378|(1,1274,0.49789378)
v=8oTjTufJnXI__#1_label_G-0-0.mp4|0.50678813|(2,2001,0.504882,694,2694,0.50678813)
v=3y2OOc6WTrg__#1_label_B1-0-0.mp4|0.5003803|(3,2001,0.5003803,2000,4001,0.49894658,2352,4352,0.49708524)
v=k7R_Qo-BiAw__#00-10-30_00-10-51_label_B6-0-0.mp4|0.4996174|(1,506,0.4996174)
Love.Death.and.Robots.S01E13__#0-11-48_0-12-07_label_G-0-0.mp4|0.5014253|(1,456,0.5014253)
Braveheart.1995__#02-07-00_02-08-15_label_B1-0-0.mp4|0.49909255|(1,1802,0.49909255)
Saving.Private.Ryan.1998__#02-20-00_02-20-13_label_G-0-0.mp4|0.5027486|(1,313,0.5027486)
v=yy-KIWDcBr4__#00-08-35_00-10-25_label_B6-0-0.mp4|0.5017192|(2,2001,0.5017192,642,2642,0.50171864)
v=vhACO_m5pH0__#00-14-42_00-15-40_label_B6-0-0.mp4|0.5068448|(1,1394,0.5068448)
v=7zEFHKKBA0g__#1_label_B4-0-0.mp4|0.50469583|(3,2001,0.5041933,2000,4001,0.50469583,2420,4420,0.5030693)
Saving.Private.Ryan.1998__#00-47-50_00-49-35_label_B2-0-0.mp4|0.50031453|(2,2001,0.49930015,521,2521,0.50031453)
v=cEOM18n8fhU__#1_label_G-0-0.mp4|0.49766073|(2,2001,0.49766073,831,2831,0.49529913)
v=aWPWHU8x6kE__#1_label_B4-0-0.mp4|0.5056154|(3,2001,0.50384086,2000,4001,0.50252324,2829,4829,0.5056154)
v=yrpZJ8Vr3aA__#1_label_B1-0-0.mp4|0.5015631|(2,2001,0.5015631,354,2354,0.5014613)
v=w16YmhAZ1_Y__#1_label_G-0-0.mp4|0.50288343|(1,1480,0.50288343)
v=1djrJ0wxlYo__#1_label_B4-0-0.mp4|0.5035586|(1,1536,0.5035586)
Casino.Royale.2006__#00-50-05_00-51-16_label_B1-B2-B6.mp4|0.49902943|(1,1705,0.49902943)
v=SE5fxK7SasU__#00-03-23_00-04-08_label_B4-0-0.mp4|0.50248396|(1,1082,0.50248396)
Operation.Red.Sea.2018__#0-29-36_0-30-20_label_B2-G-0.mp4|0.5013714|(1,1056,0.5013714)
v=7rDRFFSUrPI__#00-01-50_00-02-32_label_G-0-0.mp4|0.49883398|(1,1010,0.49883398)
Casino.Royale.2006__#01-46-40_01-47-14_label_B6-0-0.mp4|0.5001093|(1,817,0.5001093)
v=u0Tnw01PNxc__#1_label_B4-0-0.mp4|0.5032758|(1,1377,0.5032758)
v=ZoS8gm5OcOM__#00-06-20_00-07-30_label_B6-0-0.mp4|0.5020237|(1,1682,0.5020237)
Rush.Hour.1998.BluRay__#01-25-21_01-25-46_label_B2-0-0.mp4|0.5024711|(1,602,0.5024711)
Fast.Furious.6.2013__#01-03-25_01-04-59_label_B1-0-0.mp4|0.50295246|(2,2001,0.50295246,256,2256,0.5002444)
Brick.Mansions.2014__#00-16-26_00-17-12_label_B1-0-0.mp4|0.5010337|(1,1104,0.5010337)
v=fIlmgvc-bUk__#1_label_B4-0-0.mp4|0.5015829|(1,1415,0.5015829)
v=GqMh_HBNWZE__#00-01-00_00-02-45_label_B6-0-0.mp4|0.50251764|(2,2001,0.50251764,522,2522,0.49934748)
v=PuZy1PQIgrA__#1_label_B1-0-0.mp4|0.50213504|(2,2001,0.5005113,816,2816,0.50213504)
v=OFxPTJxA5pg__#1_label_B4-0-0.mp4|0.50640756|(9,2001,0.50416046,2000,4001,0.50312364,4000,6001,0.5011066,6000,8001,0.50166875,8000,10001,0.50640756,10000,12001,0.5040144,12000,14001,0.5013728,14000,16001,0.50278634,15542,17542,0.50032973)
v=vhACO_m5pH0__#00-20-42_00-22-40_label_B6-0-0.mp4|0.5089989|(2,2001,0.5089989,834,2834,0.5082369)
Mindhunters.2004__#01-19-00_01-20-05_label_B2-0-0.mp4|0.5001652|(1,1561,0.5001652)
v=RUjrMYWhLng__#1_label_B6-0-0.mp4|0.51093644|(6,2001,0.5028102,2000,4001,0.51093644,4000,6001,0.49893892,6000,8001,0.5031404,8000,10001,0.50534046,8434,10434,0.5062309)
v=iHuggczItBk__#00-01-00_00-02-45_label_B6-0-0.mp4|0.50402325|(2,2001,0.50402325,522,2522,0.49855307)
v=GbMQ2CxeNHU__#1_label_B4-0-0.mp4|0.504942|(3,2001,0.50132036,2000,4001,0.5028624,3490,5490,0.504942)
v=ROrpKx3aIjA__#1_label_G-0-0.mp4|0.50201803|(1,1300,0.50201803)
v=abATVcjFumY__#1_label_G-0-0.mp4|0.49771345|(1,1835,0.49771345)
v=T-LH8Gv5zzY__#1_label_B4-0-0.mp4|0.5043469|(2,2001,0.5043469,426,2426,0.50374836)
Sin.City.2005__#0-06-42_0-07-06_label_B1-0-0.mp4|0.5051455|(1,577,0.5051455)
Fast.Furious.6.2013__#00-45-40_00-47-13_label_B2-0-0.mp4|0.5007932|(2,2001,0.5007932,233,2233,0.49734595)
v=X4I8FhpGJwo__#00-09-00_00-10-45_label_B6-0-0.mp4|0.502265|(2,2001,0.502265,522,2522,0.50031257)
v=zI0q5UDP47g__#1_label_B4-0-0.mp4|0.5055341|(2,2001,0.5016824,1603,3603,0.5055341)
v=HSisjzLESak__#00-01-00_00-02-45_label_B6-0-0.mp4|0.5047227|(2,2001,0.5047227,522,2522,0.5019353)
v=gbRIKogNZvE__#1_label_B4-0-0.mp4|0.5065463|(2,2001,0.50114363,990,2990,0.5065463)
Fury.2014__#00-07-30_00-07-58_label_G-0-0.mp4|0.49917334|(1,673,0.49917334)
Haywire.2011__#00-03-51_00-05-12_label_B1-B2-0.mp4|0.5010345|(1,1945,0.5010345)
v=8ewWXhYRUNs__#1_label_B1-0-0.mp4|0.49910325|(1,1369,0.49910325)
v=JfLYNEsrTew__#1_label_G-0-0.mp4|0.50265646|(1,750,0.50265646)
GoldenEye.1995__#02-03-40_02-04-13_label_G-0-0.mp4|0.5045579|(1,794,0.5045579)
Deadpool.2.2018__#01-03-09_01-03-54_label_B4-0-0.mp4|0.50801677|(1,1081,0.50801677)
v=sE-DC2trBkI__#00-01-00_00-02-45_label_B6-0-0.mp4|0.50384474|(2,2001,0.5016539,522,2522,0.50384474)
v=QWwDsPSe7iM__#1_label_B4-0-0.mp4|0.4988029|(2,2001,0.49846324,334,2334,0.4988029)
v=rKpXqwE2rg8__#00-01-57_00-03-06_label_B4-0-0.mp4|0.5022655|(1,1658,0.5022655)
v=qqsd-cZr01k__#00-01-00_00-02-45_label_B6-0-0.mp4|0.50215465|(2,2001,0.5006393,522,2522,0.50215465)
v=waIS8TaJxts__#00-07-40_00-08-50_label_B6-0-0.mp4|0.50293267|(1,1682,0.50293267)
Jason.Bourne.2016__#0-50-20_0-50-30_label_G-0-0.mp4|0.5004409|(1,241,0.5004409)
v=8oJMGgaww70__#1_label_B4-0-0.mp4|0.5005241|(2,2001,0.49971128,1595,3595,0.5005241)
Mission.Impossible.Ghost.Protocol.2011__#01-12-38_01-13-43_label_B1-0-0.mp4|0.4979212|(1,1561,0.4979212)
v=3e3C-LQWF2s__#1_label_B1-0-0.mp4|0.504591|(3,2001,0.5032766,2000,4001,0.5018497,2421,4421,0.504591)
v=yDqThVpu1AM__#1_label_B4-0-0.mp4|0.4979349|(1,744,0.4979349)
v=u5SF4SlqNDQ__#00-00-00_00-01-00_label_G-0-0.mp4|0.50686944|(1,1442,0.50686944)
v=DD3jfKr8e-k__#00-00-00_00-01-40_label_B4-0-0.mp4|0.5013091|(2,2001,0.5013091,402,2402,0.49959877)
Bullet.in.the.Head.1990__#00-17-20_00-18-55_label_B1-0-0.mp4|0.5014578|(2,2001,0.5014578,281,2281,0.4995411)
v=CFfc4UWzVB8__#00-00-00_00-00-30_label_B4-0-0.mp4|0.5046362|(1,722,0.5046362)
v=251___mEwZA__#1_label_B1-0-0.mp4|0.49925444|(3,2001,0.49925444,2000,4001,0.49684277,2577,4577,0.49660406)
v=FRj2K0ulD8Q__#00-04-16_00-06-05_label_B4-0-0.mp4|0.50275564|(2,2001,0.50275564,618,2618,0.50248593)
v=_BgJEXQkjNQ__#1_label_G-0-0.mp4|0.5064396|(5,2001,0.5032191,2000,4001,0.50020266,4000,6001,0.5011503,6000,8001,0.50197166,6139,8139,0.5064396)
v=waIS8TaJxts__#00-01-30_00-02-45_label_B6-0-0.mp4|0.50346535|(1,1802,0.50346535)
v=Y43UkfAe_bc__#00-00-00_00-01-40_label_B4-0-0.mp4|0.50193375|(2,2001,0.49886242,402,2402,0.50193375)
v=tT-SrQC6Ddw__#00-04-00_00-05-15_label_B6-0-0.mp4|0.5018629|(1,1800,0.5018629)
v=qrKfaX1lCUM__#1_label_G-0-0.mp4|0.5078659|(4,2001,0.50310385,2000,4001,0.5078659,4000,6001,0.50541914,5409,7409,0.5010437)
The.Bourne.Identity.2002__#0-19-53_0-21-48_label_B1-0-0.mp4|0.50156444|(2,2001,0.50156444,761,2761,0.49906725)
Desperado.1995__#00-38-36_00-39-21_label_B1-B2-0.mp4|0.5039845|(1,1081,0.5039845)
Spectre.2015__#02-02-57_02-03-27_label_B1-B2-0.mp4|0.4951153|(1,722,0.4951153)
v=PRH5rYUHoVU__#00-00-25_00-02-50_label_B6-0-0.mp4|0.49905252|(2,2001,0.49905252,1480,3480,0.4958806)
Fast.Furious.2009__#01-29-10_01-29-55_label_B2-0-0.mp4|0.50184005|(1,1080,0.50184005)
The.Bourne.Identity.2002__#01-45-00_01-45-46_label_B1-0-0.mp4|0.49975526|(1,1104,0.49975526)
v=KUeUxbsBO6s__#1_label_B1-0-0.mp4|0.5021499|(2,2001,0.5021499,748,2748,0.49994636)
Spectre.2015__#01-32-55_01-35-40_label_B1-B2-0.mp4|0.50285035|(2,2001,0.50285035,1962,3962,0.5020173)
v=2Rr21qkZEDQ__#00-14-10_00-16-09_label_B6-0-0.mp4|0.4972605|(2,2001,0.4946351,858,2858,0.4972605)
v=J67oj92maC0__#1_label_G-0-0.mp4|0.5004729|(3,2001,0.49710345,2000,4001,0.4996371,2673,4673,0.5004729)
v=aQ3qMpgZjwg__#00-00-00_00-01-48_label_B4-0-0.mp4|0.5024955|(2,2001,0.50121295,593,2593,0.5024955)
Quantum.Of.Solace.2008__#01-30-26_01-30-42_label_B2-B1-0.mp4|0.5012092|(1,384,0.5012092)
Sin.City.2005__#0-22-04_0-22-18_label_B5-0-0.mp4|0.4955624|(1,337,0.4955624)
Fast.Five.2011__#01-29-27_01-32-05_label_B1-0-0.mp4|0.5007607|(2,2001,0.49897185,1793,3793,0.5007607)
Taken.3.2014__#01-09-26_01-09-54_label_G-0-0.mp4|0.5022602|(1,674,0.5022602)
God.Bless.America.2011__#01-32-00_01-32-50_label_B2-0-0.mp4|0.50559926|(1,1201,0.50559926)
v=afhttnv46Y4__#1_label_B1-0-0.mp4|0.50590026|(2,2001,0.5057062,500,2500,0.50590026)
v=EOAfl8yMiN8__#00-00-00_00-00-51_label_B6-0-0.mp4|0.5019828|(1,1226,0.5019828)
Black.Hawk.Down.2001__#01-32-40_01-34-00_label_B4-0-0.mp4|0.50215364|(1,1921,0.50215364)
v=35zynOrkvMk__#1_label_G-0-0.mp4|0.49540192|(1,365,0.49540192)
Mission.Impossible.II.2000__#01-18-55_01-20-53_label_B2-0-0.mp4|0.50428224|(2,2001,0.50193155,833,2833,0.50428224)
Young.And.Dangerous.IV.1997__#01-07-50_01-09-45_label_B1-0-0.mp4|0.5021437|(2,2001,0.49826777,761,2761,0.5021437)
v=vaSOMEIe1Bg__#1_label_G-0-0.mp4|0.49988857|(1,1385,0.49988857)
Sin.City.2005__#0-32-00_0-32-16_label_B2-0-0.mp4|0.49515927|(1,384,0.49515927)
Kill.Bill.Vol.1.2003__#01-21-39_01-26-55_label_B1-0-0.mp4|0.50770074|(4,2001,0.4993405,2000,4001,0.5012109,4000,6001,0.5040708,5585,7585,0.50770074)
Mission.Impossible.II.2000__#01-29-30_01-29-44_label_B1-0-0.mp4|0.4963456|(1,337,0.4963456)
v=38GQ9L2meyE__#1_label_B6-0-0.mp4|0.50361985|(3,2001,0.50329286,2000,4001,0.5023822,2650,4650,0.50361985)
v=HSisjzLESak__#00-07-40_00-08-50_label_B6-0-0.mp4|0.5011602|(1,1682,0.5011602)
Spectre.2015__#01-10-35_01-10-53_label_B2-0-0.mp4|0.5003946|(1,433,0.5003946)
Ip.Man.2008__#00-48-57_00-50-47_label_B1-0-0.mp4|0.5006761|(2,2001,0.5006761,641,2641,0.49772662)
Yellow.Sea.2010__#01-58-30_01-59-27_label_B5-0-0.mp4|0.50182253|(1,1369,0.50182253)
City.of.God.2002__#00-37-20_00-38-02_label_B5-0-0.mp4|0.50322527|(1,1009,0.50322527)
v=BFPkt0AuSFA__#1_label_B4-0-0.mp4|0.4988236|(2,2001,0.4988236,1380,3380,0.4972969)
Haywire.2011__#00-39-07_00-41-48_label_B1-B2-0.mp4|0.5005893|(2,2001,0.50033826,1865,3865,0.5005893)
v=Z12t5h2mBJc__#1_label_B1-0-0.mp4|0.5064623|(3,2001,0.5050687,2000,4001,0.5064623,3047,5047,0.5046825)
Taken.2.UNRATED.EXTENDED.2012__#00-13-42_00-14-16_label_B5-0-0.mp4|0.5030614|(1,818,0.5030614)
v=fhiAyxpDQMU__#1_label_B4-0-0.mp4|0.5027067|(2,2001,0.5027067,1985,3985,0.49166262)
Jason.Bourne.2016__#0-17-25_0-18-53_label_B4-0-0.mp4|0.5024942|(2,2001,0.498718,112,2112,0.5024942)
Ip.Man.3.2015__#00-17-51_00-18-51_label_B1-0-0.mp4|0.4994011|(1,1440,0.4994011)
Death.Proof.2007__#00-45-05_00-47-36_label_B5-0-0.mp4|0.5044325|(2,2001,0.49916252,1625,3625,0.5044325)
v=nLAapCIlr-o__#00-08-35_00-10-25_label_B6-0-0.mp4|0.5038559|(2,2001,0.5038559,642,2642,0.5022523)
v=CUr-Mg8Hmh0__#1_label_G-0-0.mp4|0.5066079|(3,2001,0.5066079,2000,4001,0.5031672,3043,5043,0.50571585)
The.Bourne.Legacy.2012__#0-39-56_0-40-15_label_G-0-0.mp4|0.4973735|(1,457,0.4973735)
v=0qtIjyt-7wg__#00-04-00_00-05-15_label_B6-0-0.mp4|0.50086266|(1,1802,0.50086266)
v=DtxU8UYiFws__#1_label_G-0-0.mp4|0.5007082|(1,1450,0.5007082)
v=f6j3YWgVBto__#00-06-16_00-06-51_label_B6-0-0.mp4|0.5037267|(1,840,0.5037267)
Black.Hawk.Down.2001__#02-00-12_02-01-29_label_B2-0-0.mp4|0.50039905|(1,1850,0.50039905)
v=X1arMZmYhsk__#00-13-00_00-14-09_label_B6-0-0.mp4|0.5042756|(1,1658,0.5042756)
Saving.Private.Ryan.1998__#02-25-42_02-26-03_label_B2-0-0.mp4|0.5015411|(1,505,0.5015411)
v=LJ0Pu5_Mefs__#1_label_G-0-0.mp4|0.50705034|(1,984,0.50705034)
The.Hurt.Locker.2008__#01-02-10_01-03-55_label_B2-0-0.mp4|0.49971673|(2,2001,0.49971673,521,2521,0.49779746)
v=rXWOpZ7W2fA__#1_label_B1-0-0.mp4|0.50287485|(2,2001,0.50287485,796,2796,0.5008055)
Casino.Royale.2006__#00-51-16_00-52-41_label_B1-B6-0.mp4|0.49710542|(2,2001,0.49710542,41,2041,0.49660876)
Brick.Mansions.2014__#00-11-57_00-12-12_label_B2-0-0.mp4|0.49473605|(1,360,0.49473605)
The.Bourne.Identity.2002__#01-27-39_01-29-19_label_B2-0-0.mp4|0.49968407|(2,2001,0.4993222,400,2400,0.49968407)
v=xe4ee56aHSg__#1_label_G-0-0.mp4|0.5046508|(1,532,0.5046508)
Desperado.1995__#00-16-48_00-18-52_label_B1-0-0.mp4|0.49804768|(2,2001,0.49804768,977,2977,0.49753168)
v=6TR2rcgHm4g__#1_label_B4-0-0.mp4|0.49980316|(1,1621,0.49980316)
v=w2NgAYJHnS0__#1_label_G-0-0.mp4|0.5008038|(1,1011,0.5008038)
Sin.City.2005__#01-19-08_01-19-23_label_G-0-0.mp4|0.50133574|(1,361,0.50133574)
Braveheart.1995__#02-05-34_02-06-40_label_B1-0-0.mp4|0.49938238|(1,1585,0.49938238)
v=uBXprlsmd18__#00-06-10_00-07-19_label_B6-0-0.mp4|0.5002046|(1,1658,0.5002046)
Fast.Five.2011__#00-32-56_00-33-26_label_B2-0-0.mp4|0.5010962|(1,721,0.5010962)
v=YhCSFZNwfHc__#00-01-15_00-01-42_label_G-B2-0.mp4|0.50020134|(1,648,0.50020134)
Bullet.in.the.Head.1990__#02-02-00_02-05-22_label_B2-B6-G.mp4|0.50188094|(3,2001,0.5013245,2000,4001,0.50021356,2849,4849,0.50188094)
v=7isLhaNYgkU__#1_label_B4-0-0.mp4|0.49980766|(3,2001,0.49980766,2000,4001,0.4980641,3706,5706,0.49965954)
City.Of.Men.2007__#00-51-50_00-53-31_label_B2-0-0.mp4|0.4988954|(2,2001,0.4988954,425,2425,0.4983327)
wangted.2008__#0-22-55_0-23-40_label_B2-0-0.mp4|0.50544035|(1,1081,0.50544035)
v=CLFYvG6MsZU__#00-02-16_00-05-06_label_B2-0-0.mp4|0.50043535|(3,2001,0.50043535,2000,4001,0.49582538,2083,4083,0.49718177)
Bad.Boys.1995__#01-11-55_01-12-40_label_G-B2-B6.mp4|0.50244355|(1,1081,0.50244355)
GoldenEye.1995__#01-17-05_01-19-57_label_B2-B1-0.mp4|0.50219893|(3,2001,0.50219893,2000,4001,0.49853575,2129,4129,0.50214624)
Kill.Bill.Vol.2.2004__#0-25-20_0-26-20_label_B2-0-0.mp4|0.5020894|(1,1441,0.5020894)
v=wVey5JDRf_g__#00-04-09_00-05-06_label_B6-0-0.mp4|0.5000445|(1,1371,0.5000445)
v=tv0rI-5ycBU__#1_label_B4-0-0.mp4|0.5074453|(2,2001,0.5074453,1249,3249,0.5040419)
Yellow.Sea.2010__#01-05-40_01-06-47_label_B1-B2-0.mp4|0.4982653|(1,1609,0.4982653)
v=YdrISbwy_zI__#1_label_G-0-0.mp4|0.49407953|(1,1723,0.49407953)
v=pL2HjXvWuPc__#1_label_B1-0-0.mp4|0.50097156|(3,2001,0.49809855,2000,4001,0.50097156,2836,4836,0.4949176)
v=7xQr5wYwNPg__#1_label_B4-0-0.mp4|0.50394905|(1,1121,0.50394905)
v=vv-MFJPi4Qs__#1_label_G-0-0.mp4|0.50084364|(1,1004,0.50084364)
Mission.Impossible.III.2006__#01-06-52_01-07-15_label_G-0-0.mp4|0.49423364|(1,553,0.49423364)
Mission.Impossible.V.Rogue.Nation.2015__#01-15-52_01-16-48_label_B6-B2-0.mp4|0.50113916|(1,1344,0.50113916)
Spectre.2015__#01-08-58_01-09-20_label_B1-B2-0.mp4|0.5005804|(1,529,0.5005804)
v=OB0-MXNPUIU__#1_label_B4-0-0.mp4|0.50330967|(3,2001,0.50069517,2000,4001,0.50027925,2021,4021,0.50330967)
Kill.Bill.Vol.1.2003__#01-26-56_01-28-18_label_B1-0-0.mp4|0.49336216|(1,1969,0.49336216)
v=wPkBaI6vOv0__#00-00-00_00-01-00_label_G-0-0.mp4|0.50352186|(1,1442,0.50352186)
v=0qtIjyt-7wg__#00-00-00_00-00-51_label_B6-0-0.mp4|0.50580996|(1,1226,0.50580996)
v=S-7rRLrxnVQ__#1_label_B4-0-0.mp4|0.50689787|(2,2001,0.50428104,1273,3273,0.50689787)
Ip.Man.2008__#00-46-51_00-47-30_label_B1-0-0.mp4|0.49677017|(1,937,0.49677017)
City.of.God.2002__#01-52-20_01-54-32_label_B2-0-0.mp4|0.49821314|(2,2001,0.49789828,1169,3169,0.49821314)
v=vhACO_m5pH0__#00-09-42_00-10-40_label_B6-0-0.mp4|0.5002399|(1,1394,0.5002399)
Mission.Impossible.II.2000__#01-25-08_01-25-31_label_B2-0-0.mp4|0.501284|(1,553,0.501284)
Taken.2.UNRATED.EXTENDED.2012__#01-18-40_01-19-00_label_B1-0-0.mp4|0.49805263|(1,481,0.49805263)
v=bfOlheR5nUQ__#00-00-00_00-04-33_label_B4-0-0.mp4|0.503848|(4,2001,0.503848,2000,4001,0.5024119,4000,6001,0.50017065,4554,6554,0.49970728)
The.Fast.and.the.Furious.2001__#01-14-04_01-15-20_label_B1-0-0.mp4|0.50192666|(1,1825,0.50192666)
v=zoIn2hOrUIM__#00-06-10_00-07-19_label_B6-0-0.mp4|0.49845448|(1,1658,0.49845448)
Ip.Man.3.2015__#00-46-08_00-54-20_label_B1-0-0.mp4|0.50849426|(6,2001,0.5023269,2000,4001,0.5051111,4000,6001,0.50849426,6000,8001,0.49923033,8000,10001,0.50218314,9808,11808,0.502587)
v=D1eP4Bn4hDQ__#00-09-20_00-10-45_label_B6-0-0.mp4|0.5040566|(2,2001,0.5040566,40,2040,0.5015551)
v=ADQNFs9bfFk__#00-00-00_00-00-58_label_B4-0-0.mp4|0.4992926|(1,1394,0.4992926)
Young.And.Dangerous.I.1996__#0-46-25_0-46-55_label_B6-0-0.mp4|0.4996124|(1,722,0.4996124)
v=NnmqkS1e88s__#1_label_B4-0-0.mp4|0.50282335|(1,1752,0.50282335)
v=hxyhulJYz5I__#00-06-09_00-07-00_label_B6-0-0.mp4|0.50064355|(1,1226,0.50064355)
v=Rc9EOFjtj0c__#1_label_B6-0-0.mp4|0.5043612|(2,2001,0.50261545,1365,3365,0.5043612)
Rush.Hour.3.2007.BluRay__#00-04-59_00-05-31_label_B2-0-0.mp4|0.50048625|(1,769,0.50048625)
v=WiS3TIvykeY__#1_label_B4-0-0.mp4|0.4932182|(1,1562,0.4932182)
Taken.3.2014__#01-04-50_01-05-05_label_B1-0-0.mp4|0.50067365|(1,361,0.50067365)
Young.And.Dangerous.III.1996__#00-23-00_00-25-54_label_B4-0-0.mp4|0.5048172|(3,2001,0.5048172,2000,4001,0.5020635,2178,4178,0.5020514)
v=78u9uBJBqIw__#1_label_B4-B5-0.mp4|0.5045357|(2,2001,0.50151044,1486,3486,0.5045357)
v=FRj2K0ulD8Q__#00-06-05_00-08-25_label_B4-0-0.mp4|0.50112844|(2,2001,0.5003119,1339,3339,0.50112844)
The.Hurt.Locker.2008__#0-08-45_0-09-57_label_G-0-0.mp4|0.49357104|(1,1729,0.49357104)
Bad.Boys.II.2003__#00-06-42_00-10-00_label_B2-G-0.mp4|0.5028891|(3,2001,0.49327934,2000,4001,0.5028891,2753,4753,0.5018645)
v=EOAfl8yMiN8__#00-03-00_00-04-09_label_B6-0-0.mp4|0.507257|(1,1658,0.507257)
v=v_LxqgpRouM__#1_label_G-0-0.mp4|0.50008637|(1,889,0.50008637)
The.Bourne.Legacy.2012__#0-59-18_01-01-52_label_B2-B1-0.mp4|0.5023864|(2,2001,0.5014634,1697,3697,0.5023864)
v=p7kvQ4OpDgU__#1_label_B4-0-0.mp4|0.5093857|(1,1889,0.5093857)
v=sE-DC2trBkI__#00-09-00_00-10-05_label_B6-0-0.mp4|0.50226897|(1,1563,0.50226897)
v=vhACO_m5pH0__#00-17-42_00-18-40_label_B6-0-0.mp4|0.5016556|(1,1394,0.5016556)
wangted.2008__#0-45-25_0-47-01_label_B1-0-0.mp4|0.5013774|(2,2001,0.5013774,305,2305,0.5004848)
v=AF9p0YA0hyA__#00-00-45_00-01-44_label_B4-0-0.mp4|0.50272095|(1,1418,0.50272095)
Tropa.de.Elite.2.2010__#00-42-00_00-43-00_label_B2-0-0.mp4|0.5026755|(1,1441,0.5026755)
v=DRGMajXo_PI__#00-02-15_00-03-02_label_G-0-0.mp4|0.50491697|(1,1130,0.50491697)
New.Kids.Turbo.2010__#00-22-35_00-23-14_label_B1-0-0.mp4|0.50205964|(1,936,0.50205964)
v=uBXprlsmd18__#00-03-00_00-04-09_label_B6-0-0.mp4|0.5026869|(1,1658,0.5026869)
Mission.Impossible.Ghost.Protocol.2011__#01-56-52_01-57-03_label_B1-0-0.mp4|0.49732468|(1,264,0.49732468)
v=pFamvR9CpYw__#00-06-36_00-15-20_label_B4-0-0.mp4|0.5072507|(7,2001,0.5024085,2000,4001,0.49739686,4000,6001,0.49996185,6000,8001,0.49706617,8000,10001,0.5047938,10000,12001,0.5072507,10579,12579,0.5064286)
v=tivXK3PGByk__#1_label_B1-0-0.mp4|0.5010576|(2,2001,0.5010576,1690,3690,0.49964157)
v=nLAapCIlr-o__#00-11-00_00-12-45_label_B6-0-0.mp4|0.5026504|(2,2001,0.5026504,522,2522,0.5003778)
Mission.Impossible.II.2000__#01-32-56_01-33-25_label_B1-0-0.mp4|0.49863344|(1,697,0.49863344)
Mission.Impossible.Ghost.Protocol.2011__#00-01-18_00-01-40_label_B2-0-0.mp4|0.50008166|(1,529,0.50008166)
v=FfrXebzAwOg__#00-06-10_00-07-19_label_B6-0-0.mp4|0.50573003|(1,1658,0.50573003)
Mission.Impossible.Fallout.2018__#00-39-18_00-40-36_label_B1-0-0.mp4|0.5015292|(1,1873,0.5015292)
v=Q9Re4CnFJRg__#00-01-21_00-01-47_label_G-0-0.mp4|0.50002265|(1,624,0.50002265)
v=sE-DC2trBkI__#00-03-00_00-04-09_label_B6-0-0.mp4|0.5034475|(1,1658,0.5034475)
v=utQ5AvXtNLA__#1_label_B4-0-0.mp4|0.5060827|(1,1076,0.5060827)
v=waIS8TaJxts__#00-05-50_00-06-20_label_B6-0-0.mp4|0.49963298|(1,723,0.49963298)
Fast.Furious.2009__#00-25-59_00-26-25_label_B1-0-0.mp4|0.5000155|(1,625,0.5000155)
Love.Death.and.Robots.S01E15__#0-05-38_0-06-18_label_G-0-0.mp4|0.5019507|(1,960,0.5019507)
The.Fast.and.the.Furious.2001__#01-37-40_01-38-30_label_B6-0-0.mp4|0.5019016|(1,1201,0.5019016)
v=BpargJW29Wo__#00-00-50_00-01-30_label_B1-0-0.mp4|0.49809375|(1,962,0.49809375)
Operation.Red.Sea.2018__#01-20-58_01-22-00_label_B5-0-0.mp4|0.5004237|(1,1488,0.5004237)
v=O9g1uuI62m0__#1_label_B4-0-0.mp4|0.4984771|(3,2001,0.4984771,2000,4001,0.49712354,2545,4545,0.4983011)
v=U6MC8JJJZSY__#1_label_G-0-0.mp4|0.4991106|(1,1045,0.4991106)
Mission.Impossible.III.2006__#01-54-02_01-54-40_label_B2-0-0.mp4|0.50189066|(1,913,0.50189066)
v=qmsQ-obL1Z4__#00-03-26_00-04-04_label_B6-0-0.mp4|0.501164|(1,912,0.501164)
v=Ia9ATKNeUbY__#00-01-52_00-03-10_label_B6-0-0.mp4|0.50018317|(1,1874,0.50018317)
v=_tsSKAsVZfo__#1_label_B4-0-0.mp4|0.50380856|(2,2001,0.50380856,534,2534,0.49901363)
v=iHuggczItBk__#00-04-00_00-04-55_label_B6-0-0.mp4|0.4993396|(1,1322,0.4993396)
v=sbEHU4GskX4__#1_label_B1-0-0.mp4|0.50729716|(2,2001,0.502336,832,2832,0.50729716)
IP.Man.2.2010__#00-07-14_00-09-13_label_B1-0-0.mp4|0.5027965|(2,2001,0.50063217,856,2856,0.5027965)
Young.And.Dangerous.I.1996__#0-20-50_0-22-15_label_B1-0-0.mp4|0.50409365|(2,2001,0.50320536,41,2041,0.50409365)
v=X4I8FhpGJwo__#00-07-40_00-08-50_label_B6-0-0.mp4|0.50249857|(1,1682,0.50249857)
v=qyTGi0N4OVg__#1_label_G-0-0.mp4|0.50347626|(1,1248,0.50347626)
v=vhACO_m5pH0__#00-10-42_00-11-40_label_B6-0-0.mp4|0.5020066|(1,1394,0.5020066)
Tropa.de.Elite.2.2010__#00-46-11_00-46-50_label_B2-0-0.mp4|0.49807543|(1,937,0.49807543)
v=5Ftl4nOSytc__#1_label_G-0-0.mp4|0.50431466|(2,2001,0.50431466,282,2282,0.49992418)
GoldenEye.1995__#02-02-15_02-02-47_label_B1-0-0.mp4|0.5022049|(1,770,0.5022049)
Casino.Royale.2006__#00-18-30_00-19-20_label_G-B2-0.mp4|0.503085|(1,1201,0.503085)
Braveheart.1995__#00-56-30_00-57-20_label_B1-0-0.mp4|0.49950832|(1,1200,0.49950832)
v=0W8LohxH9nI__#1_label_B1-0-0.mp4|0.50407004|(1,1413,0.50407004)
Operation.Red.Sea.2018__#0-02-17_0-02-37_label_B2-0-0.mp4|0.5025248|(1,480,0.5025248)
v=pHZ9gOfmY_k__#1_label_B4-0-0.mp4|0.50369006|(3,2001,0.4971649,2000,4001,0.5031277,3179,5179,0.50369006)
v=waIS8TaJxts__#00-00-00_00-00-51_label_B6-0-0.mp4|0.49907237|(1,1226,0.49907237)
v=6KQFxxHmVMc__#1_label_B1-0-0.mp4|0.49851325|(2,2001,0.4927168,1654,3654,0.49851325)
Skyfall.2012__#00-03-22_00-03-40_label_B6-0-0.mp4|0.4981444|(1,433,0.4981444)
Fury.2014__#00-39-36_00-40-44_label_B1-B2-0.mp4|0.50172365|(1,1634,0.50172365)
v=MJLylzPRvyw__#1_label_B4-0-0.mp4|0.5092229|(2,2001,0.49678776,1587,3587,0.5092229)
v=Q8K7roZu3WU__#1_label_B1-0-0.mp4|0.49325168|(1,1295,0.49325168)
v=BzwNU2xmT64__#00-01-00_00-02-45_label_B6-0-0.mp4|0.5046233|(2,2001,0.5046233,522,2522,0.5043716)
v=FW_qbiPH7UA__#1_label_B1-0-0.mp4|0.49889356|(2,2001,0.49682412,1283,3283,0.49889356)
v=TOEVc-pOEwM__#00-08-40_00-10-40_label_B6-0-0.mp4|0.50343275|(2,2001,0.5007232,883,2883,0.50343275)
v=HUL83wCQATc__#1_label_B1-0-0.mp4|0.50359744|(2,2001,0.50318927,103,2103,0.50359744)
v=IWzI9V3WSnc__#1_label_B4-0-0.mp4|0.50056887|(2,2001,0.50038505,689,2689,0.50056887)
v=0N0PbzjEg0U__#1_label_B4-0-0.mp4|0.5018497|(1,1518,0.5018497)
v=TfS-MJoVNjM__#1_label_B4-0-0.mp4|0.5037805|(1,1311,0.5037805)
v=m5zK-tzYCQM__#1_label_B4-0-0.mp4|0.5036409|(1,1755,0.5036409)
v=Y1hxr1MWLjM__#1_label_B1-0-0.mp4|0.5010977|(2,2001,0.4981549,1071,3071,0.5010977)
Love.Death.and.Robots.S01E10__#0-01-00_0-02-13_label_B2-G-0.mp4|0.50004995|(1,1752,0.50004995)
v=H5W58Loofks__#00-05-50_00-06-20_label_B6-0-0.mp4|0.49930924|(1,723,0.49930924)
v=d5lTTPvJLpw__#1_label_B4-0-0.mp4|0.50602823|(4,2001,0.50602823,2000,4001,0.50253606,4000,6001,0.50359154,4277,6277,0.50266737)
Crank.Dircut.2006__#0-27-42_0-29-01_label_B1-0-0.mp4|0.49781567|(1,1898,0.49781567)
Mission.Impossible.V.Rogue.Nation.2015__#00-14-40_00-17-12_label_B1-0-0.mp4|0.5009806|(2,2001,0.5009347,1649,3649,0.5009806)
Kingsman.The.Golden.Circle.2017__#00-41-22_00-41-32_label_B2-0-0.mp4|0.5030986|(1,241,0.5030986)
v=Ia9ATKNeUbY__#00-06-19_00-06-50_label_B6-0-0.mp4|0.50264364|(1,746,0.50264364)
Gladiator.2000__#01-10-27_01-11-59_label_B1-0-0.mp4|0.50234026|(2,2001,0.50234026,208,2208,0.5007023)
City.Of.Men.2007__#01-35-30_01-36-00_label_B2-0-0.mp4|0.498736|(1,721,0.498736)
v=ovQ1VTJ_IUI__#1_label_B1-0-0.mp4|0.50018966|(1,1688,0.50018966)
The.Fast.and.the.Furious.2001__#01-24-18_01-25-05_label_B6-0-0.mp4|0.5034073|(1,1128,0.5034073)
City.Of.Men.2007__#01-17-27_01-17-59_label_B2-0-0.mp4|0.50372463|(1,769,0.50372463)
Brick.Mansions.2014__#00-41-25_00-42-36_label_B1-0-0.mp4|0.5047396|(1,1704,0.5047396)
Mission.Impossible.II.2000__#01-46-20_01-47-11_label_B2-B6-0.mp4|0.5001191|(1,1225,0.5001191)
Taken.2.UNRATED.EXTENDED.2012__#01-18-25_01-18-40_label_B2-0-0.mp4|0.5034717|(1,361,0.5034717)
Rush.Hour.1998.BluRay__#01-20-28_01-21-38_label_B2-0-0.mp4|0.50143373|(1,1682,0.50143373)
v=kPWdgckIhLI__#1_label_B4-0-0.mp4|0.50203323|(1,793,0.50203323)
wangted.2008__#0-48-30_0-49-00_label_B2-0-0.mp4|0.50320745|(1,721,0.50320745)
Taken.3.2014__#00-03-58_00-04-16_label_B2-0-0.mp4|0.50124216|(1,433,0.50124216)
Law.Abiding.Citizen.2009__#01-26-34_01-27-25_label_B2-0-0.mp4|0.5026948|(1,1225,0.5026948)
God.Bless.America.2011__#00-12-40_00-13-12_label_B2-0-0.mp4|0.50632334|(1,769,0.50632334)
v=JHsfKFF9Oag__#1_label_A.mp4|0.50033945|(2,2001,0.50033945,699,2699,0.4959938)
v=fkps18H3SXY__#00-36-00_00-42-00_label_A.mp4|0.5028368|(5,2001,0.5010892,2000,4001,0.50171185,4000,6001,0.5028368,6000,8001,0.5026177,6643,8643,0.5022898)
Flipped.2010__#00-45-40_00-47-30_label_A.mp4|0.5030647|(2,2001,0.5030647,641,2641,0.5015435)
Tropa.de.Elite.2.2010__#01-33-31_01-34-20_label_A.mp4|0.50099194|(1,1177,0.50099194)
Gladiator.2000__#02-43-00_02-43-59_label_A.mp4|0.50108707|(1,1417,0.50108707)
Mission.Impossible.V.Rogue.Nation.2015__#01-29-39_01-33-39_label_A.mp4|0.503737|(3,2001,0.501753,2000,4001,0.5009221,3762,5762,0.503737)
v=RRiN5W9XwJE__#1_label_A.mp4|0.4982966|(2,2001,0.49622017,616,2616,0.4982966)
v=-5RWxUUJ7lQ__#1_label_A.mp4|0.5075835|(10,2001,0.50498265,2000,4001,0.50402457,4000,6001,0.5063955,6000,8001,0.50701135,8000,10001,0.5044004,10000,12001,0.50671273,12000,14001,0.5075835,14000,16001,0.50521785,16000,18001,0.50583386,17123,19123,0.50719327)
v=9eME1y6V-T4__#02-00-00_02-06-00_label_A.mp4|0.50180864|(5,2001,0.5009668,2000,4001,0.49674663,4000,6001,0.50001824,6000,8001,0.50180864,6642,8642,0.5010707)
v=enYITYwvPAQ__#00-27-00_00-30-00_label_A.mp4|0.5031556|(3,2001,0.50219965,2000,4001,0.5031556,2321,4321,0.49774596)
Bullet.in.the.Head.1990__#00-51-46_00-52-50_label_A.mp4|0.504345|(1,1537,0.504345)
Deadpool.2016__#0-18-35_0-18-55_label_A.mp4|0.49868828|(1,481,0.49868828)
New.Kids.Turbo.2010__#00-41-30_00-42-05_label_A.mp4|0.49662405|(1,840,0.49662405)
v=4jVgDKbu_TI__#1_label_A.mp4|0.50419974|(10,2001,0.50301296,2000,4001,0.49593925,4000,6001,0.5013327,6000,8001,0.4998866,8000,10001,0.4967964,10000,12001,0.49641755,12000,14001,0.49902037,14000,16001,0.50419974,16000,18001,0.49789846,16974,18974,0.5024006)
Haywire.2011__#00-02-06_00-03-29_label_A.mp4|0.5022677|(1,1993,0.5022677)
God.Bless.America.2011__#00-51-00_00-52-00_label_A.mp4|0.50443923|(1,1441,0.50443923)
Kingsman.The.Secret.Service.2014__#00-25-29_00-26-24_label_A.mp4|0.50355387|(1,1321,0.50355387)
v=x0-z4h6mFoU__#1_label_A.mp4|0.50105363|(3,2001,0.49791908,2000,4001,0.50105363,2610,4610,0.4988041)
Love.Me.If.You.Dare.2003__#00-11-20_00-15-08_label_A.mp4|0.504161|(3,2001,0.504161,2000,4001,0.50013936,3474,5474,0.5030719)
v=H9Y5_X1sEEA__#00-42-00_00-45-00_label_A.mp4|0.50084656|(3,2001,0.49921677,2000,4001,0.5004457,2322,4322,0.50084656)
The.Bourne.Ultimatum.2007__#0-55-55_0-56-10_label_A.mp4|0.50357246|(1,361,0.50357246)
Hot.Fuzz.2007__#00-19-20_00-22-06_label_A.mp4|0.5010741|(2,2001,0.5002687,1986,3986,0.5010741)
The.Intouchables.2011__#00-51-55_00-55-16_label_A.mp4|0.50435525|(3,2001,0.50435525,2000,4001,0.5009155,2826,4826,0.5029821)
Tropa.de.Elite.2.2010__#00-05-30_00-06-30_label_A.mp4|0.5009425|(1,1441,0.5009425)
v=yZ2wlTAN49g__#00-03-00_00-06-00_label_A.mp4|0.5094816|(3,2001,0.5094816,2000,4001,0.49846965,2322,4322,0.49808937)
v=gGlqujwrhbI__#00-12-00_00-15-00_label_A.mp4|0.5004193|(3,2001,0.5004193,2000,4001,0.4954581,2322,4322,0.49804005)
v=LYzmr5ORvCg__#1_label_A.mp4|0.50297326|(2,2001,0.5018268,1925,3925,0.50297326)
v=MyM5G7fo7Gg__#00-06-00_00-09-00_label_A.mp4|0.50091636|(3,2001,0.50091636,2000,4001,0.50008446,2322,4322,0.5006922)
Before.Sunrise.1995__#01-36-45_01-38-10_label_A.mp4|0.5012583|(2,2001,0.50003266,40,2040,0.5012583)
v=ErOcW_CSOyQ__#1_label_A.mp4|0.5036431|(9,2001,0.50100505,2000,4001,0.5030529,4000,6001,0.5021447,6000,8001,0.50332654,8000,10001,0.50004375,10000,12001,0.5036431,12000,14001,0.4981089,14000,16001,0.5001677,15477,17477,0.50131536)
v=9eME1y6V-T4__#01-06-00_01-12-00_label_A.mp4|0.503968|(5,2001,0.5008738,2000,4001,0.5002799,4000,6001,0.50365984,6000,8001,0.50361735,6642,8642,0.503968)
God.Bless.America.2011__#01-23-13_01-25-31_label_A.mp4|0.50454473|(2,2001,0.49839246,1313,3313,0.50454473)
v=pCyCi-q4MqY__#1_label_A.mp4|0.50677|(3,2001,0.50677,2000,4001,0.5010458,2714,4714,0.4998003)
v=Hd_2Y29_FLU__#1_label_A.mp4|0.5054514|(2,2001,0.5054514,1272,3272,0.5037211)
GoldenEye.1995__#01-33-40_01-34-30_label_A.mp4|0.5012898|(1,1201,0.5012898)
v=a0TQkX_zLt0__#1_label_A.mp4|0.51015043|(6,2001,0.5050265,2000,4001,0.49745786,4000,6001,0.5074066,6000,8001,0.5054205,8000,10001,0.50445646,9764,11764,0.51015043)
Be.with.You.2018__#00-16-18_00-18-09_label_A.mp4|0.49972132|(2,2001,0.49972132,665,2665,0.49670961)
v=NeAC-MfTZzU__#00-15-00_00-18-00_label_A.mp4|0.5027078|(3,2001,0.5027078,2000,4001,0.50111645,2322,4322,0.5016261)
About.Time.2013__#00-23-50_00-24-31_label_A.mp4|0.49962288|(1,985,0.49962288)
v=QUlWIIHMIEQ__#1_label_A.mp4|0.5071964|(1,1106,0.5071964)
A.Beautiful.Mind.2001__#01-14-30_01-16-59_label_A.mp4|0.49929208|(2,2001,0.4991137,1577,3577,0.49929208)
Flipped.2010__#01-07-30_01-09-51_label_A.mp4|0.5028505|(2,2001,0.50037974,1384,3384,0.5028505)
v=I7oSupyExVY__#1_label_A.mp4|0.50545174|(3,2001,0.499586,2000,4001,0.50504744,2825,4825,0.50545174)
v=8SC55pYljMM__#1_label_A.mp4|0.50412655|(3,2001,0.49918023,2000,4001,0.50412655,2324,4324,0.5015551)
Kingsman.The.Golden.Circle.2017__#00-44-52_00-46-20_label_A.mp4|0.504632|(2,2001,0.504632,113,2113,0.5024958)
v=vFPQ_NiDBIU__#02-42-00_02-48-00_label_A.mp4|0.50603545|(5,2001,0.50379395,2000,4001,0.5008678,4000,6001,0.5038888,6000,8001,0.5040419,6640,8640,0.50603545)
v=lVJVRywgmYM__#1_label_A.mp4|0.5046625|(3,2001,0.4922784,2000,4001,0.4953695,3937,5937,0.5046625)
v=KERh4R2BbS0__#1_label_A.mp4|0.50336075|(11,2001,0.5027637,2000,4001,0.4948169,4000,6001,0.49969977,6000,8001,0.49749693,8000,10001,0.49948317,10000,12001,0.50336075,12000,14001,0.49647075,14000,16001,0.49973533,16000,18001,0.5007848,18000,20001,0.49859905,18652,20652,0.49928528)
v=Yr41_8QOTF8__#00-09-00_00-12-00_label_A.mp4|0.5034012|(3,2001,0.49849465,2000,4001,0.5034012,2321,4321,0.5016788)
v=rmDBn5Rpd3s__#1_label_A.mp4|0.49844074|(1,707,0.49844074)
v=9eME1y6V-T4__#00-42-00_00-48-00_label_A.mp4|0.5031762|(5,2001,0.5031762,2000,4001,0.50193727,4000,6001,0.5012606,6000,8001,0.4970955,6642,8642,0.49758816)
v=vFPQ_NiDBIU__#01-00-00_01-06-00_label_A.mp4|0.5001185|(5,2001,0.49689668,2000,4001,0.49899057,4000,6001,0.49882558,6000,8001,0.49918225,6640,8640,0.5001185)
v=GnN9VTh_s2A__#1_label_A.mp4|0.50613433|(1,683,0.50613433)
v=ajnl7P9bf78__#1_label_A.mp4|0.50655246|(1,1624,0.50655246)
Fury.2014__#01-13-32_01-14-43_label_A.mp4|0.50166965|(1,1705,0.50166965)
Desperado.1995__#01-22-10_01-23-17_label_A.mp4|0.5039483|(1,1609,0.5039483)
v=5l-nbDl0qvg__#1_label_A.mp4|0.50362766|(7,2001,0.49264464,2000,4001,0.49830383,4000,6001,0.49541426,6000,8001,0.50362766,8000,10001,0.5008714,10000,12001,0.498776,11124,13124,0.5016435)
Before.Sunrise.1995__#00-23-50_00-24-31_label_A.mp4|0.4990959|(1,985,0.4990959)
The.Notebook.2004__#00-20-35_00-23-06_label_A.mp4|0.5016195|(2,2001,0.49841335,1625,3625,0.5016195)
v=SdYFFo_tsfk__#00-00-00_00-06-00_label_A.mp4|0.509218|(5,2001,0.4980263,2000,4001,0.5019759,4000,6001,0.5058229,6000,8001,0.509218,6642,8642,0.5046843)
From.Dusk.Till.Dawn.1996__#00-31-52_00-34-21_label_A.mp4|0.50338316|(2,2001,0.49943382,1576,3576,0.50338316)
About.Time.2013__#00-30-50_00-32-31_label_A.mp4|0.4970495|(2,2001,0.49629182,425,2425,0.4970495)
The.Secret.Life.of.Walter.Mitty.2013__#00-36-52_00-41-00_label_A.mp4|0.50312674|(3,2001,0.50312674,2000,4001,0.5001186,3953,5953,0.49917275)
v=plhVMWR33go__#1_label_A.mp4|0.50695527|(5,2001,0.50037354,2000,4001,0.5005345,4000,6001,0.5044462,6000,8001,0.5058127,6047,8047,0.50695527)
v=t_TZYpT6xjY__#1_label_A.mp4|0.5070481|(3,2001,0.5000497,2000,4001,0.50298935,2741,4741,0.5070481)
The.Notebook.2004__#00-11-00_00-15-08_label_A.mp4|0.50451994|(3,2001,0.50451994,2000,4001,0.504415,3954,5954,0.4991118)
v=lyZxvgPD4gM__#1_label_A.mp4|0.50231487|(3,2001,0.49822617,2000,4001,0.50231487,3529,5529,0.50062543)
v=ZpWR_YZNZTM__#1_label_A.mp4|0.50272715|(2,2001,0.50272715,1437,3437,0.50210947)
Taken.2.UNRATED.EXTENDED.2012__#00-17-08_00-17-30_label_A.mp4|0.5028579|(1,529,0.5028579)
Before.Sunrise.1995__#00-42-52_00-45-31_label_A.mp4|0.50126445|(2,2001,0.5005802,1817,3817,0.50126445)
Still.Walking.2008__#01-02-18_01-03-10_label_A.mp4|0.5021434|(1,1249,0.5021434)
Love.Me.If.You.Dare.2003__#01-04-40_01-06-59_label_A.mp4|0.50917244|(2,2001,0.50917244,1338,3338,0.49389732)
Fast.Furious.6.2013__#01-37-00_01-38-05_label_A.mp4|0.49859923|(1,1561,0.49859923)
v=H9Y5_X1sEEA__#00-03-00_00-06-00_label_A.mp4|0.5012872|(3,2001,0.5012872,2000,4001,0.49798906,2322,4322,0.49997061)
Deadpool.2.2018__#0-02-35_0-03-12_label_A.mp4|0.5020075|(1,890,0.5020075)
v=fkps18H3SXY__#00-54-00_01-00-00_label_A.mp4|0.50350744|(5,2001,0.50350744,2000,4001,0.5009566,4000,6001,0.50316316,6000,8001,0.49964276,6642,8642,0.5021938)
v=vFPQ_NiDBIU__#01-48-00_01-54-00_label_A.mp4|0.5010837|(5,2001,0.4969067,2000,4001,0.49955794,4000,6001,0.49953848,6000,8001,0.50041914,6640,8640,0.5010837)
v=jAvOGTD7_pU__#00-12-00_00-15-00_label_A.mp4|0.5046241|(3,2001,0.5046241,2000,4001,0.49982953,2322,4322,0.5017863)
Be.with.You.2018__#00-23-50_00-24-31_label_A.mp4|0.50118273|(1,985,0.50118273)
Before.Sunset.2004__#01-14-30_01-16-51_label_A.mp4|0.5020462|(2,2001,0.4990406,1385,3385,0.5020462)
Before.Sunrise.1995__#00-04-20_00-05-35_label_A.mp4|0.50114524|(1,1801,0.50114524)
v=7smETZfN0XA__#1_label_A.mp4|0.49981278|(2,2001,0.49670428,1020,3020,0.49981278)
v=9eME1y6V-T4__#01-00-00_01-06-00_label_A.mp4|0.50434846|(5,2001,0.49871513,2000,4001,0.50329196,4000,6001,0.5003206,6000,8001,0.5033178,6642,8642,0.50434846)
Skyfall.2012__#02-14-50_02-16-25_label_A.mp4|0.5079146|(2,2001,0.5078342,281,2281,0.5079146)
The.Bourne.Identity.2002__#01-09-16_01-11-16_label_A.mp4|0.50138843|(2,2001,0.4998571,882,2882,0.50138843)
Be.with.You.2018__#01-14-30_01-16-59_label_A.mp4|0.5026518|(2,2001,0.5026518,1577,3577,0.5022716)
v=6cvZOGzfqWU__#1_label_A.mp4|0.50288385|(3,2001,0.5024619,2000,4001,0.501449,3594,5594,0.50288385)
v=Yr41_8QOTF8__#00-21-00_00-24-00_label_A.mp4|0.50246966|(3,2001,0.50246966,2000,4001,0.49865004,2321,4321,0.49926236)
v=qV4YYnXdQCc__#00-03-00_00-06-00_label_A.mp4|0.5022493|(3,2001,0.5018803,2000,4001,0.5022493,2322,4322,0.50025094)
Spectre.2015__#01-17-22_01-18-53_label_A.mp4|0.49861494|(2,2001,0.49861494,184,2184,0.4978871)
v=JzrpCC7XmyE__#00-06-00_00-12-00_label_A.mp4|0.5048246|(5,2001,0.5008464,2000,4001,0.5040028,4000,6001,0.5048246,6000,8001,0.5021773,6642,8642,0.50294155)
v=g4FnGZ5MAdo__#1_label_A.mp4|0.50453097|(3,2001,0.50291455,2000,4001,0.5033056,2958,4958,0.50453097)
The.Pursuit.of.Happyness.2006__#00-30-50_00-32-31_label_A.mp4|0.5012561|(2,2001,0.50015557,425,2425,0.5012561)
v=rJgg00ic1G8__#1_label_A.mp4|0.50340986|(3,2001,0.5015217,2000,4001,0.50340986,3651,5651,0.4982727)
v=qhUItxoTrmg__#1_label_A.mp4|0.50121915|(3,2001,0.50121915,2000,4001,0.49970096,2571,4571,0.4999398)
v=1202rYvw7go__#1_label_A.mp4|0.501694|(2,2001,0.501694,1951,3951,0.5003035)
Be.with.You.2018__#00-04-20_00-05-35_label_A.mp4|0.49652347|(1,1801,0.49652347)
The.Hurt.Locker.2008__#0-29-25_0-30-15_label_A.mp4|0.49745432|(1,1200,0.49745432)
wangted.2008__#0-27-17_0-28-07_label_A.mp4|0.5005183|(1,1200,0.5005183)
Mission.Impossible.II.2000__#00-24-30_00-30-10_label_A.mp4|0.50337803|(5,2001,0.50145084,2000,4001,0.5008031,4000,6001,0.50337803,6000,8001,0.4999138,6160,8160,0.50069773)
v=H9Y5_X1sEEA__#00-36-00_00-39-00_label_A.mp4|0.5029287|(3,2001,0.50287044,2000,4001,0.5014091,2323,4323,0.5029287)
v=q2SP66Jb6Cw__#00-00-00_00-06-00_label_A.mp4|0.5021471|(5,2001,0.49939385,2000,4001,0.5015547,4000,6001,0.50167155,6000,8001,0.50176495,6642,8642,0.5021471)
Love.Death.and.Robots.S01E02__#00-03-15_00-04-20_label_A.mp4|0.507733|(1,1560,0.507733)
v=Q8b0XbtpFsA__#1_label_A.mp4|0.5050823|(3,2001,0.5050823,2000,4001,0.50079376,2633,4633,0.5032072)
v=3ZVcLOjwOMk__#1_label_A.mp4|0.5026433|(1,1885,0.5026433)
Still.Walking.2008__#00-16-18_00-17-27_label_A.mp4|0.499683|(1,1657,0.499683)
v=f6j3YWgVBto__#00-01-50_00-02-30_label_A.mp4|0.49690977|(1,960,0.49690977)
Casino.Royale.2006__#00-28-10_00-30-10_label_A.mp4|0.50265056|(2,2001,0.50265056,881,2881,0.5020722)
God.Bless.America.2011__#00-58-09_01-04-00_label_A.mp4|0.5036282|(5,2001,0.5036282,2000,4001,0.49991187,4000,6001,0.5022654,6000,8001,0.4981128,6425,8425,0.4986754)
v=gxrLosPS27c__#1_label_A.mp4|0.5032559|(2,2001,0.5032559,219,2219,0.5031611)
v=vFPQ_NiDBIU__#00-42-00_00-48-00_label_A.mp4|0.5041532|(5,2001,0.5041532,2000,4001,0.49650425,4000,6001,0.4990365,6000,8001,0.49830583,6640,8640,0.50052696)
v=L2Qs4KyW-Co__#1_label_A.mp4|0.504221|(3,2001,0.50040287,2000,4001,0.50018406,2426,4426,0.504221)
Flipped.2010__#00-42-52_00-45-31_label_A.mp4|0.5018123|(2,2001,0.4969855,1817,3817,0.5018123)
Still.Walking.2008__#00-51-55_00-55-16_label_A.mp4|0.5036591|(3,2001,0.5007109,2000,4001,0.50253785,2826,4826,0.5036591)
v=DdIA1Owbcdc__#1_label_A.mp4|0.50474495|(1,1064,0.50474495)
v=KEh6EOQvQO0__#1_label_A.mp4|0.4973597|(2,2001,0.4973597,1183,3183,0.49693)
The.Secret.Life.of.Walter.Mitty.2013__#01-01-20_01-04-00_label_A.mp4|0.50147074|(2,2001,0.4994514,1841,3841,0.50147074)
Young.And.Dangerous.III.1996__#00-15-52_00-17-00_label_A.mp4|0.5048535|(1,1634,0.5048535)
Ip.Man.2008__#00-40-25_00-40-45_label_A.mp4|0.5046637|(1,481,0.5046637)
Kill.Bill.Vol.1.2003__#01-08-15_01-09-15_label_A.mp4|0.5020137|(1,1441,0.5020137)
v=Wc2QW06H48M__#1_label_A.mp4|0.5022735|(1,1554,0.5022735)
v=JzrpCC7XmyE__#01-06-00_01-12-00_label_A.mp4|0.5041909|(5,2001,0.5012236,2000,4001,0.50273055,4000,6001,0.49738517,6000,8001,0.5030932,6642,8642,0.5041909)
Kingsman.The.Golden.Circle.2017__#02-09-30_02-10-45_label_A.mp4|0.50192267|(1,1801,0.50192267)
Spectre.2015__#00-16-41_00-18-55_label_A.mp4|0.50475353|(2,2001,0.5038268,1216,3216,0.50475353)
v=0LEefpIPBHA__#1_label_A.mp4|0.49812236|(1,1142,0.49812236)
Bad.Boys.II.2003__#01-11-16_01-14-00_label_A.mp4|0.50152534|(2,2001,0.5008572,1937,3937,0.50152534)
v=tlFJIG9mTGQ__#00-15-00_00-18-36_label_A.mp4|0.50794446|(3,2001,0.5051935,2000,4001,0.50794446,3187,5187,0.5030292)
The.Hurt.Locker.2008__#0-45-39_0-47-06_label_A.mp4|0.50174606|(2,2001,0.5014627,89,2089,0.50174606)
v=GrHfWKeTDEI__#1_label_A.mp4|0.50335324|(3,2001,0.50298107,2000,4001,0.50335324,3066,5066,0.5020261)
Salt.2010__#00-13-45_00-16-10_label_A.mp4|0.5029427|(2,2001,0.5015652,1481,3481,0.5029427)
v=cvEJ5WFk2KE__#00-06-00_00-09-00_label_A.mp4|0.4998291|(3,2001,0.4998291,2000,4001,0.49916825,2321,4321,0.49875885)
v=tI7fktKY6OU__#1_label_A.mp4|0.50499207|(8,2001,0.50499207,2000,4001,0.49822262,4000,6001,0.5030682,6000,8001,0.49862763,8000,10001,0.504386,10000,12001,0.50279087,12000,14001,0.50065416,12916,14916,0.49631435)
v=NbNFfnVSIn8__#1_label_A.mp4|0.5034598|(3,2001,0.49643144,2000,4001,0.5034598,2592,4592,0.5032037)
v=2JJ9d97sd64__#1_label_A.mp4|0.50045615|(2,2001,0.50045615,1140,3140,0.49922538)
v=S1meRf5BsEw__#1_label_A.mp4|0.50576985|(3,2001,0.5018897,2000,4001,0.50556886,2104,4104,0.50576985)
The.Secret.Life.of.Walter.Mitty.2013__#00-08-55_00-10-50_label_A.mp4|0.50138825|(2,2001,0.49746805,762,2762,0.50138825)
v=0vVOXlgHC1U__#00-48-00_00-54-00_label_A.mp4|0.50493664|(5,2001,0.49619892,2000,4001,0.5019747,4000,6001,0.50493664,6000,8001,0.4977545,6642,8642,0.49825695)
v=tlFJIG9mTGQ__#00-12-00_00-15-00_label_A.mp4|0.507386|(3,2001,0.5002791,2000,4001,0.50454307,2322,4322,0.507386)
Operation.Red.Sea.2018__#0-45-54_0-46-33_label_A.mp4|0.5019341|(1,936,0.5019341)
Fast.Five.2011__#01-59-16_02-01-12_label_A.mp4|0.50052834|(2,2001,0.50052834,785,2785,0.49936697)
Yellow.Sea.2010__#00-10-16_00-11-14_label_A.mp4|0.4990022|(1,1393,0.4990022)
v=vHnAmx0UYbM__#1_label_A.mp4|0.50369984|(11,2001,0.50074124,2000,4001,0.5027847,4000,6001,0.50154525,6000,8001,0.5021188,8000,10001,0.50251734,10000,12001,0.5021733,12000,14001,0.50065917,14000,16001,0.5011248,16000,18001,0.50369984,18000,20001,0.5012183,18045,20045,0.50134325)
Shoot.Em.Up.2007__#00-25-50_00-27-10_label_A.mp4|0.49708232|(1,1921,0.49708232)
Bad.Boys.1995__#00-10-00_00-11-52_label_A.mp4|0.5024091|(2,2001,0.5016041,689,2689,0.5024091)
Love.Actually.2003__#01-39-05_01-46-40_label_A.mp4|0.50720805|(6,2001,0.5047915,2000,4001,0.50662416,4000,6001,0.50266117,6000,8001,0.50720805,8000,10001,0.49772078,8921,10921,0.5010809)
Bullet.in.the.Head.1990__#01-58-25_01-59-30_label_A.mp4|0.49775788|(1,1561,0.49775788)
v=W5qLlC9il3s__#1_label_A.mp4|0.5027361|(1,1385,0.5027361)
The.Notebook.2004__#01-30-25_01-33-56_label_A.mp4|0.5030094|(3,2001,0.5030094,2000,4001,0.50136364,3065,5065,0.5017873)
About.Time.2013__#00-40-52_00-42-31_label_A.mp4|0.50025606|(2,2001,0.50025606,377,2377,0.4983192)
Law.Abiding.Citizen.2009__#00-00-35_00-01-31_label_A.mp4|0.50072426|(1,1345,0.50072426)
v=HTEyaXBPf9U__#1_label_A.mp4|0.50336534|(3,2001,0.50336534,2000,4001,0.49975836,3120,5120,0.50155914)
The.Notebook.2004__#00-25-20_00-29-20_label_A.mp4|0.50673264|(3,2001,0.50673264,2000,4001,0.50401175,3761,5761,0.4973762)
v=AqFWYZsOgWY__#00-21-00_00-24-00_label_A.mp4|0.5024051|(3,2001,0.5024051,2000,4001,0.5011648,2322,4322,0.50217456)
The.Bourne.Identity.2002__#0-29-16_0-32-00_label_A.mp4|0.49830317|(2,2001,0.49596763,1937,3937,0.49830317)
v=9eME1y6V-T4__#01-18-00_01-24-00_label_A.mp4|0.50730693|(5,2001,0.506224,2000,4001,0.49965394,4000,6001,0.498106,6000,8001,0.50730693,6642,8642,0.5062104)
IP.Man.2.2010__#00-02-50_00-06-45_label_A.mp4|0.5056942|(3,2001,0.50335425,2000,4001,0.5056942,3640,5640,0.5052259)
Rush.Hour.3.2007.BluRay__#01-00-40_01-04-00_label_A.mp4|0.50499195|(3,2001,0.5036985,2000,4001,0.5014174,2801,4801,0.50499195)
v=_Hn2Xlt-IWU__#1_label_A.mp4|0.5041562|(2,2001,0.5041562,1943,3943,0.50329804)
v=uyvM-vq5DwA__#1_label_A.mp4|0.49906346|(3,2001,0.49906346,2000,4001,0.49313632,2788,4788,0.49600616)
Love.Death.and.Robots.S01E04__#00-14-28_00-15-27_label_A.mp4|0.5026811|(1,1416,0.5026811)
v=hdy5kZ5dwj8__#1_label_A.mp4|0.5073687|(3,2001,0.5050976,2000,4001,0.5073687,2674,4674,0.5032596)
Love.Actually.2003__#01-17-00_01-19-40_label_A.mp4|0.50409913|(2,2001,0.50409913,1842,3842,0.50125027)
v=fkps18H3SXY__#00-00-00_00-06-00_label_A.mp4|0.50372773|(5,2001,0.50214046,2000,4001,0.50365466,4000,6001,0.50372773,6000,8001,0.5030214,6642,8642,0.5019479)
v=3MUqt3OkxIo__#1_label_A.mp4|0.5057956|(2,2001,0.5057956,500,2500,0.49867684)
v=p2ggHwtb-Zg__#00-24-00_00-27-00_label_A.mp4|0.5014088|(3,2001,0.49914566,2000,4001,0.5014088,2322,4322,0.4997767)
v=eAgqJnO3kr8__#00-06-00_00-12-00_label_A.mp4|0.5029689|(5,2001,0.5016746,2000,4001,0.4973298,4000,6001,0.5029689,6000,8001,0.4960102,6642,8642,0.49712974)
v=vQ9AwVrM9pU__#1_label_A.mp4|0.49851727|(2,2001,0.49622512,1138,3138,0.49851727)
v=Wp6gzFUaci8__#1_label_A.mp4|0.5080858|(2,2001,0.5080858,780,2780,0.506546)
Brick.Mansions.2014__#00-08-37_00-10-04_label_A.mp4|0.50134283|(2,2001,0.5011018,88,2088,0.50134283)
v=VRn8Tc02TbU__#00-18-00_00-21-00_label_A.mp4|0.50218385|(3,2001,0.49638718,2000,4001,0.5016215,2322,4322,0.50218385)
Young.And.Dangerous.IV.1997__#0-10-35_0-11-50_label_A.mp4|0.5085768|(1,1801,0.5085768)
Sin.City.2005__#01-43-21_01-44-21_label_A.mp4|0.498366|(1,1441,0.498366)
Salt.2010__#01-16-00_01-16-50_label_A.mp4|0.49889594|(1,1201,0.49889594)
v=X60PecZRLGE__#1_label_A.mp4|0.5031117|(2,2001,0.5031117,644,2644,0.5016304)
v=p2ggHwtb-Zg__#00-21-00_00-24-00_label_A.mp4|0.5028022|(3,2001,0.5013975,2000,4001,0.5028022,2323,4323,0.50167453)
v=QBfO3qfo7zg__#1_label_A.mp4|0.50581956|(3,2001,0.50581956,2000,4001,0.5026677,2661,4661,0.4966337)
Kill.Bill.Vol.1.2003__#00-21-42_00-22-42_label_A.mp4|0.50012904|(1,1441,0.50012904)
GoldenEye.1995__#01-02-11_01-03-43_label_A.mp4|0.5013279|(2,2001,0.5006559,209,2209,0.5013279)
v=9eME1y6V-T4__#01-36-00_01-42-00_label_A.mp4|0.50114894|(5,2001,0.49794975,2000,4001,0.49481544,4000,6001,0.50035006,6000,8001,0.49934748,6642,8642,0.50114894)
The.Pursuit.of.Happyness.2006__#01-34-18_01-38-11_label_A.mp4|0.50399363|(3,2001,0.50132483,2000,4001,0.50399363,3593,5593,0.50307095)
v=5AlAh8J3WqE__#1_label_A.mp4|0.50791246|(6,2001,0.500586,2000,4001,0.50357014,4000,6001,0.50791246,6000,8001,0.49833182,8000,10001,0.5050365,8885,10885,0.5027382)
Taken.3.2014__#00-36-03_00-36-48_label_A.mp4|0.50396246|(1,1081,0.50396246)
Your.Name.2016__#00-05-52_00-08-22_label_A.mp4|0.50197536|(2,2001,0.49849904,1601,3601,0.50197536)
v=mfFYGFJhBI4__#1_label_A.mp4|0.5001963|(1,255,0.5001963)
v=H9Y5_X1sEEA__#00-30-00_00-33-00_label_A.mp4|0.49732336|(3,2001,0.49245727,2000,4001,0.49732336,2323,4323,0.49654728)
Love.Actually.2003__#01-34-18_01-38-11_label_A.mp4|0.5029408|(3,2001,0.50005805,2000,4001,0.5029408,3593,5593,0.5021471)
v=VcsJf1q9QX8__#1_label_A.mp4|0.50495327|(2,2001,0.50433415,560,2560,0.50495327)
The.Secret.Life.of.Walter.Mitty.2013__#01-23-00_01-29-08_label_A.mp4|0.50199217|(5,2001,0.50199217,2000,4001,0.49951422,4000,6001,0.4975586,6000,8001,0.4987697,6833,8833,0.5016116)
The.Bourne.Supremacy.2004__#01-34-52_01-35-50_label_A.mp4|0.500564|(1,1393,0.500564)
Quantum.Of.Solace.2008__#00-47-29_00-50-52_label_A.mp4|0.5035094|(3,2001,0.5021774,2000,4001,0.502874,2873,4873,0.5035094)
v=es97CGK_5XQ__#1_label_A.mp4|0.50180185|(1,1633,0.50180185)
v=y7vIfdKwHDk__#1_label_A.mp4|0.5056232|(3,2001,0.5056232,2000,4001,0.49734426,2182,4182,0.50043637)
v=NjI-AuzKgMc__#1_label_A.mp4|0.5013844|(2,2001,0.5013844,836,2836,0.49988344)
Salt.2010__#00-02-10_00-03-57_label_A.mp4|0.50207824|(2,2001,0.50207824,569,2569,0.501408)
The.Bourne.Supremacy.2004__#0-58-18_01-00-58_label_A.mp4|0.5015243|(2,2001,0.5015243,1842,3842,0.50107723)
Shoplifters.2018__#00-17-30_00-19-10_label_A.mp4|0.502121|(2,2001,0.5013636,401,2401,0.502121)
Mission.Impossible.Ghost.Protocol.2011__#01-07-24_01-09-09_label_A.mp4|0.5012267|(2,2001,0.5012267,521,2521,0.4994687)
v=EToznHwS0OA__#1_label_A.mp4|0.5023571|(2,2001,0.5006027,1730,3730,0.5023571)
Before.Sunset.2004__#00-23-50_00-24-31_label_A.mp4|0.5014788|(1,985,0.5014788)
Ip.Man.2008__#01-04-27_01-06-22_label_A.mp4|0.50068575|(2,2001,0.50055826,761,2761,0.50068575)
A.Beautiful.Mind.2001__#00-40-52_00-42-01_label_A.mp4|0.50504494|(1,1657,0.50504494)
IP.Man.2.2010__#00-54-00_00-57-12_label_A.mp4|0.505792|(3,2001,0.505792,2000,4001,0.5031906,2608,4608,0.50135344)
The.Bourne.Identity.2002__#0-57-11_0-58-45_label_A.mp4|0.5017765|(2,2001,0.49976087,257,2257,0.5017765)
Love.Actually.2003__#00-51-55_00-55-16_label_A.mp4|0.50152177|(3,2001,0.50152177,2000,4001,0.4964107,2826,4826,0.49763715)
The.Attorney.2013__#00-47-00_00-49-30_label_A.mp4|0.5054562|(2,2001,0.5019204,1601,3601,0.5054562)
v=3lSHv_DUbJs__#1_label_A.mp4|0.50274473|(2,2001,0.50274473,1566,3566,0.5002644)
v=QiLNvC7CIuY__#1_label_A.mp4|0.50183934|(1,1161,0.50183934)
v=ODGDLQ0TT3M__#1_label_A.mp4|0.50730544|(2,2001,0.50730544,138,2138,0.5053175)
Thelma...Louise.1991__#01-53-54_01-54-50_label_A.mp4|0.49986944|(1,1345,0.49986944)
v=usAvzbDq6-c__#00-21-00_00-24-00_label_A.mp4|0.50018466|(3,2001,0.50018466,2000,4001,0.4991874,2322,4322,0.5000834)
The.Notebook.2004__#01-52-20_01-58-00_label_A.mp4|0.50257325|(5,2001,0.49768144,2000,4001,0.5008736,4000,6001,0.49806842,6000,8001,0.5019062,6161,8161,0.50257325)
Bullet.in.the.Head.1990__#00-25-11_00-26-15_label_A.mp4|0.5058105|(1,1537,0.5058105)
v=yviKz5J-pEA__#1_label_A.mp4|0.50133234|(2,2001,0.49682984,1731,3731,0.50133234)
v=QozLwYYVotY__#1_label_A.mp4|0.50359374|(2,2001,0.50359374,1254,3254,0.5013671)
Before.Sunrise.1995__#00-03-00_00-04-05_label_A.mp4|0.49903265|(1,1561,0.49903265)
v=aBsrZKrRtqU__#1_label_A.mp4|0.5035878|(1,1235,0.5035878)
v=eAgqJnO3kr8__#00-48-00_00-54-00_label_A.mp4|0.49966642|(5,2001,0.49603742,2000,4001,0.49966642,4000,6001,0.4979633,6000,8001,0.49595144,6642,8642,0.49641562)
Lord.of.War__#00-59-20_01-00-35_label_A.mp4|0.5022925|(1,1801,0.5022925)
The.Intouchables.2011__#00-58-18_01-02-30_label_A.mp4|0.5008489|(4,2001,0.4955701,2000,4001,0.5008489,4000,6001,0.4998757,4049,6049,0.49881995)
Operation.Red.Sea.2018__#0-12-26_0-13-36_label_A.mp4|0.50105333|(1,1680,0.50105333)
The.Intouchables.2011__#00-04-20_00-05-35_label_A.mp4|0.4983947|(1,1801,0.4983947)
v=Ehh8ZdIMMj4__#1_label_A.mp4|0.50100905|(2,2001,0.50100905,708,2708,0.49999374)
The.Notebook.2004__#00-08-55_00-10-50_label_A.mp4|0.5038227|(2,2001,0.5038227,762,2762,0.5006497)
Flipped.2010__#00-08-55_00-10-50_label_A.mp4|0.5018145|(2,2001,0.5018145,762,2762,0.49959776)
v=vsI_pKNcgeQ__#00-15-00_00-18-00_label_A.mp4|0.5040861|(3,2001,0.5040861,2000,4001,0.5028952,2322,4322,0.5028468)
v=ldnLxTablA8__#1_label_A.mp4|0.5029971|(2,2001,0.5016509,300,2300,0.5029971)
Love.Actually.2003__#01-04-40_01-06-59_label_A.mp4|0.50476754|(2,2001,0.49919176,1336,3336,0.50476754)
GoldenEye.1995__#00-56-11_00-56-51_label_A.mp4|0.5026928|(1,962,0.5026928)
v=AqFWYZsOgWY__#00-33-00_00-36-00_label_A.mp4|0.5037804|(3,2001,0.5037804,2000,4001,0.49993587,2322,4322,0.50117815)
v=MyM5G7fo7Gg__#00-18-00_00-21-00_label_A.mp4|0.5033313|(3,2001,0.5033313,2000,4001,0.49804986,2323,4323,0.49858484)
One.Day.2011__#01-02-50_01-07-05_label_A.mp4|0.503154|(4,2001,0.503154,2000,4001,0.49805826,4000,6001,0.4991688,4121,6121,0.49869242)
Death.Proof.2007__#00-02-04_00-05-00_label_A.mp4|0.5039567|(3,2001,0.5039567,2000,4001,0.5021454,2225,4225,0.5021163)
Fast.Furious.2009__#01-08-33_01-10-18_label_A.mp4|0.49961|(2,2001,0.49961,521,2521,0.49710858)
A.Beautiful.Mind.2001__#00-25-20_00-29-20_label_A.mp4|0.50459653|(3,2001,0.5014651,2000,4001,0.5020025,3761,5761,0.50459653)
Tropa.de.Elite.2.2010__#01-30-51_01-32-30_label_A.mp4|0.50370365|(2,2001,0.50370365,377,2377,0.50309455)
v=EeUTpfyb0qo__#1_label_A.mp4|0.5069574|(10,2001,0.5027588,2000,4001,0.5010566,4000,6001,0.49778447,6000,8001,0.50429404,8000,10001,0.4962338,10000,12001,0.50134283,12000,14001,0.5069574,14000,16001,0.50530034,16000,18001,0.5038021,16143,18143,0.50480783)
v=HksDvkX6Bjk__#1_label_A.mp4|0.5041737|(8,2001,0.49969906,2000,4001,0.49971086,4000,6001,0.50409377,6000,8001,0.5011934,8000,10001,0.49645653,10000,12001,0.49992502,12000,14001,0.503325,13435,15435,0.5041737)
Before.Sunrise.1995__#00-40-52_00-42-01_label_A.mp4|0.5003054|(1,1657,0.5003054)
v=9FxmNOXF25Q__#1_label_A.mp4|0.50130546|(3,2001,0.50130546,2000,4001,0.499947,2120,4120,0.5000928)
Your.Name.2016__#01-01-20_01-04-00_label_A.mp4|0.50489|(2,2001,0.49952838,1841,3841,0.50489)
Black.Hawk.Down.2001__#00-06-44_00-07-39_label_A.mp4|0.50221795|(1,1321,0.50221795)
v=SmFpAAHmoII__#1_label_A.mp4|0.5046842|(2,2001,0.5046842,1951,3951,0.5024098)
Election.2005__#00-03-35_00-05-05_label_A.mp4|0.50454354|(2,2001,0.50454354,160,2160,0.50433046)
v=H12BVHrNiXs__#1_label_A.mp4|0.50501615|(3,2001,0.50501615,2000,4001,0.50392556,2787,4787,0.50335395)
v=Oh6FDdpH08A__#1_label_A.mp4|0.5050725|(2,2001,0.5050725,1344,3344,0.50236714)
v=RarYGpz-blM__#1_label_A.mp4|0.50600326|(2,2001,0.50355434,1384,3384,0.50600326)
The.Pursuit.of.Happyness.2006__#00-17-30_00-19-10_label_A.mp4|0.5030308|(2,2001,0.49914542,401,2401,0.5030308)
Young.And.Dangerous.II.1996__#0-53-25_0-54-20_label_A.mp4|0.5055877|(1,1322,0.5055877)
v=1EvRIhdsX1s__#1_label_A.mp4|0.5044211|(1,862,0.5044211)
Black.Hawk.Down.2001__#01-36-44_01-37-33_label_A.mp4|0.50250864|(1,1176,0.50250864)
City.of.God.2002__#00-33-10_00-34-50_label_A.mp4|0.5069127|(2,2001,0.5069127,401,2401,0.5034253)
v=g7fnNf88IOc__#1_label_A.mp4|0.50113916|(2,2001,0.49882564,1635,3635,0.50113916)
Ip.Man.2008__#00-02-56_00-05-24_label_A.mp4|0.5039452|(2,2001,0.50269216,1553,3553,0.5039452)
v=hgoGZZSMhMQ__#1_label_A.mp4|0.4981232|(1,159,0.4981232)
Mission.Impossible.II.2000__#00-11-37_00-15-46_label_A.mp4|0.4962333|(1,693,0.4962333)
Kill.Bill.Vol.2.2004__#01-03-13_01-04-13_label_A.mp4|0.5020767|(1,1441,0.5020767)
v=Pf7WtK-YPDA__#1_label_A.mp4|0.4966978|(1,1954,0.4966978)
Mission.Impossible.Ghost.Protocol.2011__#01-24-59_01-28-30_label_A.mp4|0.5018004|(3,2001,0.49568322,2000,4001,0.5018004,3064,5064,0.50004375)
v=0vVOXlgHC1U__#00-12-00_00-18-00_label_A.mp4|0.5059883|(5,2001,0.49977216,2000,4001,0.4979491,4000,6001,0.49917233,6000,8001,0.49998522,6642,8642,0.5059883)
Hear.Me.2009__#00-30-50_00-32-31_label_A.mp4|0.50509846|(2,2001,0.50398153,425,2425,0.50509846)
v=H9Y5_X1sEEA__#00-45-00_00-48-00_label_A.mp4|0.5061646|(3,2001,0.50082535,2000,4001,0.501684,2323,4323,0.5061646)
A.Beautiful.Mind.2001__#00-50-26_00-55-16_label_A.mp4|0.5056229|(4,2001,0.502967,2000,4001,0.5056229,4000,6001,0.4971904,4962,6962,0.49857682)
v=9qxJ6bznkNI__#1_label_A.mp4|0.50630456|(3,2001,0.50069344,2000,4001,0.5029102,3454,5454,0.50630456)
Flipped.2010__#01-10-30_01-13-51_label_A.mp4|0.5025685|(3,2001,0.5025685,2000,4001,0.50240844,2825,4825,0.5011922)
v=94zZ9iptP54__#1_label_A.mp4|0.49607575|(1,932,0.49607575)
Love.Me.If.You.Dare.2003__#00-33-52_00-39-00_label_A.mp4|0.5049918|(4,2001,0.5049918,2000,4001,0.50057584,4000,6001,0.5011545,5394,7394,0.50243104)
The.Fast.and.the.Furious.2001__#01-38-50_01-39-59_label_A.mp4|0.4985713|(1,1657,0.4985713)
Taken.3.2014__#01-20-10_01-21-30_label_A.mp4|0.4992943|(1,1921,0.4992943)
v=wQrV75N2BrI__#1_label_A.mp4|0.50953466|(17,2001,0.5059765,2000,4001,0.50755644,4000,6001,0.5061768,6000,8001,0.50780916,8000,10001,0.5066198,10000,12001,0.5050265,12000,14001,0.50953466,14000,16001,0.50932705,16000,18001,0.50367075,18000,20001,0.5044443,20000,22001,0.5013171,22000,24001,0.5003878,24000,26001,0.50380015,26000,28001,0.50398004,28000,30001,0.5045713,30000,32001,0.5046408,31196,33196,0.50267434)
Good.Will.Hunting.1997__#00-08-55_00-10-50_label_A.mp4|0.5012548|(2,2001,0.50046486,762,2762,0.5012548)
v=vp_W8CqtCug__#1_label_A.mp4|0.5015912|(2,2001,0.5015912,1806,3806,0.4943455)
The.Fast.and.the.Furious.2001__#00-26-09_00-26-52_label_A.mp4|0.5017457|(1,1033,0.5017457)
v=SdYFFo_tsfk__#00-18-00_00-24-00_label_A.mp4|0.5067998|(5,2001,0.5067998,2000,4001,0.50305474,4000,6001,0.5048857,6000,8001,0.4995488,6642,8642,0.49408165)
v=y7JEq-kf-2I__#00-01-50_00-02-30_label_A.mp4|0.4990713|(1,960,0.4990713)
Mission.Impossible.Ghost.Protocol.2011__#00-49-03_00-51-21_label_A.mp4|0.50251627|(2,2001,0.49955112,1313,3313,0.50251627)
Jason.Bourne.2016__#0-51-37_0-53-20_label_A.mp4|0.50509095|(2,2001,0.50509095,473,2473,0.5025896)
v=usAvzbDq6-c__#00-18-00_00-21-00_label_A.mp4|0.5037667|(3,2001,0.5037667,2000,4001,0.50196534,2322,4322,0.50356674)
v=VGP9qh7U4H0__#1_label_A.mp4|0.5044221|(3,2001,0.5031707,2000,4001,0.50277513,3284,5284,0.5044221)
Tropa.de.Elite.2007__#00-10-30_00-12-08_label_A.mp4|0.50134933|(2,2001,0.49947104,352,2352,0.50134933)
v=n0AhGnEjako__#1_label_A.mp4|0.50650406|(2,2001,0.50650406,376,2376,0.50335896)
v=5NZxPmTpV6Y__#1_label_A.mp4|0.5023045|(2,2001,0.49991453,807,2807,0.5023045)
Desperado.1995__#00-19-00_00-20-31_label_A.mp4|0.5033572|(2,2001,0.5033572,185,2185,0.50030065)
Good.Will.Hunting.1997__#00-58-18_01-02-30_label_A.mp4|0.5054124|(4,2001,0.49794787,2000,4001,0.50184816,4000,6001,0.5054124,4049,6049,0.50463116)
v=bU86SW6L7Tc__#1_label_A.mp4|0.50717586|(3,2001,0.5005297,2000,4001,0.5050253,2250,4250,0.50717586)
v=VNQ1Vkz_cM4__#1_label_A.mp4|0.5062958|(3,2001,0.50622475,2000,4001,0.5062958,3622,5622,0.48741663)
City.Of.Men.2007__#01-36-01_01-37-31_label_A.mp4|0.50538844|(2,2001,0.50538844,161,2161,0.5042397)
v=BL8ppFg7NKI__#1_label_A.mp4|0.5009725|(3,2001,0.49979004,2000,4001,0.5009725,3470,5470,0.4997036)
Young.And.Dangerous.I.1996__#0-55-09_0-56-59_label_A.mp4|0.5039831|(2,2001,0.5039831,641,2641,0.5029411)
The.Bourne.Ultimatum.2007__#01-32-57_01-33-53_label_A.mp4|0.50022477|(1,1345,0.50022477)
v=-tqHsoEoUyY__#1_label_A.mp4|0.50451124|(1,1011,0.50451124)
v=eAgqJnO3kr8__#00-42-00_00-48-00_label_A.mp4|0.49956778|(5,2001,0.49928528,2000,4001,0.49956778,4000,6001,0.49747792,6000,8001,0.49864998,6642,8642,0.49947104)
v=ibYV3e17R5c__#1_label_A.mp4|0.503717|(2,2001,0.502583,1375,3375,0.503717)
IP.Man.2.2010__#01-44-00_01-44-42_label_A.mp4|0.50007236|(1,1008,0.50007236)
Tropa.de.Elite.2007__#00-52-33_00-54-35_label_A.mp4|0.5035577|(2,2001,0.5035577,930,2930,0.49480247)
v=usAvzbDq6-c__#00-03-00_00-06-00_label_A.mp4|0.5075086|(3,2001,0.5075086,2000,4001,0.50264555,2322,4322,0.4998581)
v=smnw0Q7AxFQ__#1_label_A.mp4|0.49916753|(4,2001,0.49488595,2000,4001,0.4984906,4000,6001,0.49916753,5956,7956,0.4974181)
Hear.Me.2009__#00-49-48_00-51-12_label_A.mp4|0.4992714|(2,2001,0.49910325,17,2017,0.4992714)
Saving.Private.Ryan.1998__#02-00-56_02-03-06_label_A.mp4|0.5001904|(2,2001,0.5001904,1121,3121,0.5001556)
Be.with.You.2018__#01-42-06_01-45-53_label_A.mp4|0.5057888|(3,2001,0.5008981,2000,4001,0.503988,3449,5449,0.5057888)
Bullet.in.the.Head.1990__#00-03-59_00-04-40_label_A.mp4|0.50151944|(1,985,0.50151944)
