A.Beautiful.Mind.2001__#00-25-20_00-29-20_label_A.mp4|0.05943695|(3,2001,0.05943695,2000,4001,1.3441572e-06,4000,5761,0.0007875778)
A.Beautiful.Mind.2001__#00-40-52_00-42-01_label_A.mp4|0.0015940352|(1,1657,0.0015940352)
A.Beautiful.Mind.2001__#00-50-26_00-55-16_label_A.mp4|0.009203394|(4,2001,2.7228766e-06,2000,4001,0.009203394,4000,6001,1.5511121e-08,6000,6962,1.2482135e-05)
A.Beautiful.Mind.2001__#01-14-30_01-16-59_label_A.mp4|6.6066326e-09|(2,2001,8.014522e-11,2000,3577,6.6066326e-09)
About.Time.2013__#00-23-50_00-24-31_label_A.mp4|3.913095e-11|(1,985,3.913095e-11)
About.Time.2013__#00-30-50_00-32-31_label_A.mp4|0.0017827707|(2,2001,0.00088829995,2000,2425,0.0017827707)
About.Time.2013__#00-40-52_00-42-31_label_A.mp4|0.99983644|(2,2001,8.847014e-05,2000,2377,0.99983644)
Bad.Boys.1995__#00-10-00_00-11-52_label_A.mp4|0.95569587|(2,2001,1.3948491e-05,2000,2689,0.95569587)
Bad.Boys.1995__#01-11-55_01-12-40_label_G-B2-B6.mp4|1.0|(1,1081,1.0)
Bad.Boys.1995__#01-33-51_01-34-37_label_B2-0-0.mp4|1.0|(1,1104,1.0)
Bad.Boys.II.2003__#00-06-42_00-10-00_label_B2-G-0.mp4|0.9997415|(3,2001,0.99925953,2000,4001,0.98572034,4000,4753,0.9997415)
Bad.Boys.II.2003__#01-11-16_01-14-00_label_A.mp4|2.2455677e-06|(2,2001,2.2455677e-06,2000,3937,1.0162852e-06)
Before.Sunrise.1995__#00-03-00_00-04-05_label_A.mp4|3.4309358e-09|(1,1561,3.4309358e-09)
Before.Sunrise.1995__#00-04-20_00-05-35_label_A.mp4|1.81526e-09|(1,1801,1.81526e-09)
Before.Sunrise.1995__#00-23-50_00-24-31_label_A.mp4|0.04732434|(1,985,0.04732434)
Before.Sunrise.1995__#00-40-52_00-42-01_label_A.mp4|7.443776e-10|(1,1657,7.443776e-10)
Before.Sunrise.1995__#00-42-52_00-45-31_label_A.mp4|3.3259218e-07|(2,2001,3.3259218e-07,2000,3817,1.9299339e-08)
Before.Sunrise.1995__#01-36-45_01-38-10_label_A.mp4|2.8065704e-05|(2,2001,6.404024e-07,40,2040,2.8065704e-05)
Before.Sunset.2004__#00-23-50_00-24-31_label_A.mp4|3.6066072e-09|(1,985,3.6066072e-09)
Before.Sunset.2004__#01-14-30_01-16-51_label_A.mp4|0.029930724|(2,2001,0.029930724,2000,3385,0.01148645)
Be.with.You.2018__#00-04-20_00-05-35_label_A.mp4|1.0|(1,1801,1.0)
Be.with.You.2018__#00-16-18_00-18-09_label_A.mp4|0.99815434|(2,2001,5.1403327e-05,2000,2665,0.99815434)
Be.with.You.2018__#00-23-50_00-24-31_label_A.mp4|1.1186751e-06|(1,985,1.1186751e-06)
Be.with.You.2018__#01-14-30_01-16-59_label_A.mp4|0.28442663|(2,2001,0.28442663,2000,3577,3.2464774e-11)
Be.with.You.2018__#01-42-06_01-45-53_label_A.mp4|0.9999311|(3,2001,0.9999311,2000,4001,0.83001864,4000,5449,0.9996592)
Black.Hawk.Down.2001__#00-06-44_00-07-39_label_A.mp4|7.01609e-11|(1,1321,7.01609e-11)
Black.Hawk.Down.2001__#01-13-59_01-14-49_label_B2-0-0.mp4|1.0|(1,1201,1.0)
Black.Hawk.Down.2001__#01-32-40_01-34-00_label_B4-0-0.mp4|0.9998293|(1,1921,0.9998293)
Black.Hawk.Down.2001__#01-36-44_01-37-33_label_A.mp4|0.0003442614|(1,1176,0.0003442614)
Black.Hawk.Down.2001__#01-42-58_01-43-58_label_G-0-0.mp4|0.90980345|(1,1441,0.90980345)
Black.Hawk.Down.2001__#02-00-12_02-01-29_label_B2-0-0.mp4|1.0|(1,1850,1.0)
Braveheart.1995__#00-56-30_00-57-20_label_B1-0-0.mp4|0.00011238446|(1,1200,0.00011238446)
Braveheart.1995__#01-26-50_01-32-30_label_B1-0-0.mp4|0.9999999|(5,2001,0.9999994,2000,4001,0.9999993,4000,6001,0.9999999,6000,8001,0.99987006,6161,8161,0.9988574)
Braveheart.1995__#02-05-34_02-06-40_label_B1-0-0.mp4|0.9999889|(1,1585,0.9999889)
Braveheart.1995__#02-07-00_02-08-15_label_B1-0-0.mp4|1.0|(1,1802,1.0)
Brick.Mansions.2014__#00-08-37_00-10-04_label_A.mp4|0.0019657828|(2,2001,0.0019657828,88,2088,0.0005525961)
Brick.Mansions.2014__#00-11-57_00-12-12_label_B2-0-0.mp4|1.0|(1,360,1.0)
Brick.Mansions.2014__#00-16-26_00-17-12_label_B1-0-0.mp4|1.0|(1,1104,1.0)
Brick.Mansions.2014__#00-41-25_00-42-36_label_B1-0-0.mp4|0.98988885|(1,1704,0.98988885)
Brick.Mansions.2014__#01-02-00_01-02-43_label_B2-0-0.mp4|1.0|(1,1032,1.0)
Bullet.in.the.Head.1990__#00-03-59_00-04-40_label_A.mp4|0.6133081|(1,985,0.6133081)
Bullet.in.the.Head.1990__#00-17-20_00-18-55_label_B1-0-0.mp4|0.9999958|(2,2001,0.9999958,2000,2281,0.96103925)
Bullet.in.the.Head.1990__#00-23-31_00-24-40_label_G-0-0.mp4|0.44570735|(1,1657,0.44570735)
Bullet.in.the.Head.1990__#00-25-11_00-26-15_label_A.mp4|0.17098045|(1,1537,0.17098045)
Bullet.in.the.Head.1990__#00-41-30_00-44-16_label_B4-G-0.mp4|0.99642295|(2,2001,0.9964007,2000,3986,0.99642295)
Bullet.in.the.Head.1990__#00-51-46_00-52-50_label_A.mp4|0.00013216618|(1,1537,0.00013216618)
Bullet.in.the.Head.1990__#01-26-30_01-27-34_label_B2-0-0.mp4|0.9911504|(1,1537,0.9911504)
Bullet.in.the.Head.1990__#01-45-21_01-46-20_label_B2-0-0.mp4|0.0076068593|(1,1417,0.0076068593)
Bullet.in.the.Head.1990__#01-58-25_01-59-30_label_A.mp4|3.0998635e-07|(1,1561,3.0998635e-07)
Bullet.in.the.Head.1990__#02-02-00_02-05-22_label_B2-B6-G.mp4|1.0|(3,2001,1.0,2000,4001,0.9994087,4000,4849,0.99983287)
Casino.Royale.2006__#00-18-30_00-19-20_label_G-B2-0.mp4|0.9999262|(1,1201,0.9999262)
Casino.Royale.2006__#00-28-10_00-30-10_label_A.mp4|0.9537045|(2,2001,0.9537045,2000,2881,5.2207096e-08)
Casino.Royale.2006__#00-50-05_00-51-16_label_B1-B2-B6.mp4|0.99990296|(1,1705,0.99990296)
Casino.Royale.2006__#00-51-16_00-52-41_label_B1-B6-0.mp4|0.99999845|(2,2001,0.9999963,41,2041,0.99999845)
Casino.Royale.2006__#01-17-29_01-17-46_label_B1-0-0.mp4|0.9999515|(1,409,0.9999515)
Casino.Royale.2006__#01-46-40_01-47-14_label_B6-0-0.mp4|0.99999976|(1,817,0.99999976)
City.of.God.2002__#00-33-10_00-34-50_label_A.mp4|0.99998343|(2,2001,0.98222166,2000,2401,0.99998343)
City.of.God.2002__#00-37-20_00-38-02_label_B5-0-0.mp4|0.10554114|(1,1009,0.10554114)
City.of.God.2002__#00-40-16_00-41-30_label_B2-0-0.mp4|0.9190239|(1,1778,0.9190239)
City.of.God.2002__#01-24-10_01-25-10_label_B2-0-0.mp4|1.0|(1,1441,1.0)
City.of.God.2002__#01-52-20_01-54-32_label_B2-0-0.mp4|0.99999154|(2,2001,0.55646265,2000,3169,0.99999154)
City.Of.Men.2007__#00-51-50_00-53-31_label_B2-0-0.mp4|0.9959133|(2,2001,0.9959133,2000,2425,0.9357708)
City.Of.Men.2007__#00-57-37_00-58-27_label_B2-0-0.mp4|0.9999894|(1,1200,0.9999894)
City.Of.Men.2007__#01-17-27_01-17-59_label_B2-0-0.mp4|0.9999999|(1,769,0.9999999)
City.Of.Men.2007__#01-35-30_01-36-00_label_B2-0-0.mp4|0.99999297|(1,721,0.99999297)
City.Of.Men.2007__#01-36-01_01-37-31_label_A.mp4|0.93790793|(2,2001,0.93790793,161,2161,0.23250806)
Crank.Dircut.2006__#0-27-42_0-29-01_label_B1-0-0.mp4|0.99997914|(1,1898,0.99997914)
Deadpool.2016__#0-18-35_0-18-55_label_A.mp4|0.0014450928|(1,481,0.0014450928)
Deadpool.2016__#0-18-58_0-19-20_label_B1-0-0.mp4|0.999982|(1,529,0.999982)
Deadpool.2.2018__#0-02-35_0-03-12_label_A.mp4|0.77680504|(1,890,0.77680504)
Deadpool.2.2018__#0-04-46_0-05-01_label_B2-0-0.mp4|0.9924885|(1,361,0.9924885)
Deadpool.2.2018__#01-03-09_01-03-54_label_B4-0-0.mp4|0.9598992|(1,1081,0.9598992)
Deadpool.2.2018__#0-50-30_0-51-20_label_B1-0-0.mp4|0.4437333|(1,1201,0.4437333)
Death.Proof.2007__#00-02-04_00-05-00_label_A.mp4|0.99895215|(3,2001,0.99895215,2000,4001,0.014690251,4000,4225,0.9296013)
Death.Proof.2007__#00-45-05_00-47-36_label_B5-0-0.mp4|0.0035575274|(2,2001,0.0019190778,2000,3625,0.0035575274)
Death.Proof.2007__#01-40-41_01-42-17_label_B5-B6-0.mp4|0.9997905|(2,2001,0.9997905,2000,2305,0.06371563)
Desperado.1995__#00-16-48_00-18-52_label_B1-0-0.mp4|0.9999832|(2,2001,0.9997948,2000,2977,0.9999832)
Desperado.1995__#00-19-00_00-20-31_label_A.mp4|4.7312865e-06|(2,2001,3.907037e-08,185,2185,4.7312865e-06)
Desperado.1995__#00-38-36_00-39-21_label_B1-B2-0.mp4|0.99998665|(1,1081,0.99998665)
Desperado.1995__#01-14-11_01-17-28_label_B2-G-0.mp4|0.99999905|(3,2001,0.9990734,2000,4001,0.9999914,4000,4729,0.99999905)
Desperado.1995__#01-22-10_01-23-17_label_A.mp4|0.014569003|(1,1609,0.014569003)
Election.2005__#00-03-35_00-05-05_label_A.mp4|0.00045005832|(2,2001,0.00013309001,160,2160,0.00045005832)
Election.2005__#00-47-57_00-50-54_label_B5-0-0.mp4|0.9673294|(3,2001,0.9673294,2000,4001,0.00065407704,4000,4248,0.7488108)
Fast.Five.2011__#00-01-41_00-01-57_label_B6-0-0.mp4|1.0|(1,385,1.0)
Fast.Five.2011__#00-32-05_00-32-24_label_B1-B2-0.mp4|0.9508703|(1,457,0.9508703)
Fast.Five.2011__#00-32-56_00-33-26_label_B2-0-0.mp4|0.9999914|(1,721,0.9999914)
Fast.Five.2011__#01-29-27_01-32-05_label_B1-0-0.mp4|1.0|(2,2001,1.0,2000,3793,0.9999999)
Fast.Five.2011__#01-59-16_02-01-12_label_A.mp4|2.3639906e-05|(2,2001,2.3639906e-05,2000,2785,2.528684e-07)
Fast.Furious.2009__#00-21-06_00-21-57_label_B6-B2-0.mp4|0.9999677|(1,1225,0.9999677)
Fast.Furious.2009__#00-25-59_00-26-25_label_B1-0-0.mp4|0.76464653|(1,625,0.76464653)
Fast.Furious.2009__#00-42-10_00-42-41_label_B6-0-0.mp4|0.9996723|(1,745,0.9996723)
Fast.Furious.2009__#01-08-33_01-10-18_label_A.mp4|0.0002042201|(2,2001,5.526529e-07,2000,2521,0.0002042201)
Fast.Furious.2009__#01-18-00_01-19-00_label_B2-B6-0.mp4|0.036936034|(1,1441,0.036936034)
Fast.Furious.2009__#01-29-10_01-29-55_label_B2-0-0.mp4|0.9999999|(1,1080,0.9999999)
Fast.Furious.6.2013__#00-45-40_00-47-13_label_B2-0-0.mp4|0.9999999|(2,2001,0.9996099,2000,2233,0.9999999)
Fast.Furious.6.2013__#01-03-25_01-04-59_label_B1-0-0.mp4|1.0|(2,2001,1.0,2000,2256,0.999946)
Fast.Furious.6.2013__#01-37-00_01-38-05_label_A.mp4|1.6608034e-06|(1,1561,1.6608034e-06)
Fast.Furious.6.2013__#01-38-33_01-39-20_label_B1-0-0.mp4|0.9999999|(1,1129,0.9999999)
Flipped.2010__#00-08-55_00-10-50_label_A.mp4|0.10867549|(2,2001,3.9515353e-06,2000,2762,0.10867549)
Flipped.2010__#00-42-52_00-45-31_label_A.mp4|0.14567554|(2,2001,1.6294838e-07,2000,3817,0.14567554)
Flipped.2010__#00-45-40_00-47-30_label_A.mp4|0.99857986|(2,2001,0.99857986,2000,2641,0.000108357555)
Flipped.2010__#01-07-30_01-09-51_label_A.mp4|0.9755222|(2,2001,4.1998683e-05,2000,3384,0.9755222)
Flipped.2010__#01-10-30_01-13-51_label_A.mp4|0.20031823|(3,2001,0.006419091,2000,4001,2.3238941e-08,4000,4825,0.20031823)
From.Dusk.Till.Dawn.1996__#00-31-52_00-34-21_label_A.mp4|0.9980532|(2,2001,1.1812446e-05,2000,3576,0.9980532)
Fury.2014__#00-07-30_00-07-58_label_G-0-0.mp4|1.0|(1,673,1.0)
Fury.2014__#00-39-36_00-40-44_label_B1-B2-0.mp4|0.00023500851|(1,1634,0.00023500851)
Fury.2014__#01-13-32_01-14-43_label_A.mp4|2.4110154e-06|(1,1705,2.4110154e-06)
Gladiator.2000__#01-10-27_01-11-59_label_B1-0-0.mp4|0.9998573|(2,2001,0.9998573,2000,2208,0.7425435)
Gladiator.2000__#02-43-00_02-43-59_label_A.mp4|0.39687175|(1,1417,0.39687175)
God.Bless.America.2011__#00-12-40_00-13-12_label_B2-0-0.mp4|0.0060115457|(1,769,0.0060115457)
God.Bless.America.2011__#00-38-25_00-39-37_label_B2-B5-0.mp4|0.82739437|(1,1729,0.82739437)
God.Bless.America.2011__#00-51-00_00-52-00_label_A.mp4|1.0618544e-05|(1,1441,1.0618544e-05)
God.Bless.America.2011__#00-58-09_01-04-00_label_A.mp4|0.9997923|(5,2001,1.8670272e-08,2000,4001,0.000779833,4000,6001,1.7342572e-07,6000,8001,7.278708e-07,8000,8425,0.9997923)
God.Bless.America.2011__#01-23-13_01-25-31_label_A.mp4|0.9962997|(2,2001,0.9962997,2000,3313,3.3419095e-05)
God.Bless.America.2011__#01-32-00_01-32-50_label_B2-0-0.mp4|0.91311556|(1,1201,0.91311556)
GoldenEye.1995__#00-10-00_00-10-40_label_G-0-0.mp4|0.9943566|(1,961,0.9943566)
GoldenEye.1995__#00-24-53_00-25-06_label_B1-0-0.mp4|0.9999999|(1,313,0.9999999)
GoldenEye.1995__#00-56-11_00-56-51_label_A.mp4|1.1108337e-05|(1,962,1.1108337e-05)
GoldenEye.1995__#01-02-11_01-03-43_label_A.mp4|0.9931318|(2,2001,4.6172538e-08,2000,2209,0.9931318)
GoldenEye.1995__#01-17-05_01-19-57_label_B2-B1-0.mp4|0.9999999|(3,2001,0.999706,2000,4001,0.9999999,2129,4129,0.9999988)
GoldenEye.1995__#01-33-40_01-34-30_label_A.mp4|8.4435875e-08|(1,1201,8.4435875e-08)
GoldenEye.1995__#02-02-15_02-02-47_label_B1-0-0.mp4|0.9999999|(1,770,0.9999999)
GoldenEye.1995__#02-03-40_02-04-13_label_G-0-0.mp4|0.9999968|(1,794,0.9999968)
Good.Will.Hunting.1997__#00-08-55_00-10-50_label_A.mp4|0.99494594|(2,2001,0.99494594,2000,2762,0.25849634)
Good.Will.Hunting.1997__#00-58-18_01-02-30_label_A.mp4|0.99715793|(4,2001,7.679913e-06,2000,4001,0.00019960634,4000,6001,0.9299905,4049,6049,0.99715793)
Haywire.2011__#00-02-06_00-03-29_label_A.mp4|0.35005334|(1,1993,0.35005334)
Haywire.2011__#00-03-51_00-05-12_label_B1-B2-0.mp4|0.99971277|(1,1945,0.99971277)
Haywire.2011__#00-16-07_00-16-49_label_B1-0-0.mp4|0.9999218|(1,1008,0.9999218)
Haywire.2011__#00-39-07_00-41-48_label_B1-B2-0.mp4|1.0|(2,2001,1.0,2000,3865,0.9895303)
Haywire.2011__#01-20-20_01-21-57_label_B1-0-0.mp4|1.0|(2,2001,0.99999917,2000,2329,1.0)
Hear.Me.2009__#00-30-50_00-32-31_label_A.mp4|0.78166145|(2,2001,7.514996e-05,2000,2425,0.78166145)
Hear.Me.2009__#00-49-48_00-51-12_label_A.mp4|0.9662376|(2,2001,0.9662376,17,2017,0.6231929)
Hot.Fuzz.2007__#00-19-20_00-22-06_label_A.mp4|0.8750081|(2,2001,0.8750081,2000,3986,0.00091029675)
Ip.Man.2008__#00-02-56_00-05-24_label_A.mp4|0.000106584666|(2,2001,1.0111797e-05,2000,3553,0.000106584666)
Ip.Man.2008__#00-40-25_00-40-45_label_A.mp4|0.78058606|(1,481,0.78058606)
Ip.Man.2008__#00-46-51_00-47-30_label_B1-0-0.mp4|0.99996614|(1,937,0.99996614)
Ip.Man.2008__#00-48-57_00-50-47_label_B1-0-0.mp4|0.9993963|(2,2001,0.9993963,2000,2641,3.4692534e-05)
Ip.Man.2008__#01-04-27_01-06-22_label_A.mp4|0.09510662|(2,2001,0.005750034,2000,2761,0.09510662)
Ip.Man.2008__#01-14-31_01-15-24_label_B1-0-0.mp4|0.9520964|(1,1274,0.9520964)
Ip.Man.2008__#01-40-37_01-42-07_label_B4-0-0.mp4|0.9997161|(2,2001,0.9767999,161,2161,0.9997161)
IP.Man.2.2010__#00-02-50_00-06-45_label_A.mp4|0.06450459|(3,2001,0.06450459,2000,4001,0.010776752,4000,5640,1.5890682e-05)
IP.Man.2.2010__#00-07-14_00-09-13_label_B1-0-0.mp4|0.99987745|(2,2001,0.99987745,2000,2856,0.084821925)
IP.Man.2.2010__#00-54-00_00-57-12_label_A.mp4|0.21166518|(3,2001,5.47142e-05,2000,4001,0.21166518,4000,4608,2.4475894e-06)
IP.Man.2.2010__#01-35-55_01-39-11_label_B1-0-0.mp4|1.0|(3,2001,0.99999654,2000,4001,1.0,4000,4704,0.44384342)
IP.Man.2.2010__#01-44-00_01-44-42_label_A.mp4|0.0058904598|(1,1008,0.0058904598)
Ip.Man.3.2015__#00-17-51_00-18-51_label_B1-0-0.mp4|0.97256875|(1,1440,0.97256875)
Ip.Man.3.2015__#00-44-45_00-45-08_label_B1-0-0.mp4|0.9986644|(1,552,0.9986644)
Ip.Man.3.2015__#00-46-08_00-54-20_label_B1-0-0.mp4|0.99999523|(6,2001,4.5775483e-08,2000,4001,3.9563356e-06,4000,6001,0.738556,6000,8001,0.9999732,8000,10001,0.99996185,10000,11808,0.99999523)
Jason.Bourne.2016__#0-17-25_0-18-53_label_B4-0-0.mp4|0.99976355|(2,2001,0.99976355,112,2112,0.99958414)
Jason.Bourne.2016__#0-29-48_0-30-29_label_B4-0-0.mp4|1.0|(1,985,1.0)
Jason.Bourne.2016__#0-50-20_0-50-30_label_G-0-0.mp4|1.0|(1,241,1.0)
Jason.Bourne.2016__#0-51-37_0-53-20_label_A.mp4|0.9871749|(2,2001,0.9871749,2000,2473,0.040594373)
Kill.Bill.Vol.1.2003__#00-21-42_00-22-42_label_A.mp4|2.828863e-08|(1,1441,2.828863e-08)
Kill.Bill.Vol.1.2003__#01-08-15_01-09-15_label_A.mp4|0.6317962|(1,1441,0.6317962)
Kill.Bill.Vol.1.2003__#01-17-20_01-20-20_label_B1-0-0.mp4|0.9999999|(3,2001,0.96869564,2000,4001,0.9626132,4000,4321,0.9999999)
Kill.Bill.Vol.1.2003__#01-21-39_01-26-55_label_B1-0-0.mp4|0.99999654|(4,2001,0.99999654,2000,4001,0.99998486,4000,6001,0.9997229,6000,7585,0.99998355)
Kill.Bill.Vol.1.2003__#01-26-56_01-28-18_label_B1-0-0.mp4|0.007688484|(1,1969,0.007688484)
Kill.Bill.Vol.2.2004__#01-03-13_01-04-13_label_A.mp4|3.5907637e-05|(1,1441,3.5907637e-05)
Kill.Bill.Vol.2.2004__#0-25-20_0-26-20_label_B2-0-0.mp4|0.8715741|(1,1441,0.8715741)
Kingsman.The.Golden.Circle.2017__#00-35-55_00-36-35_label_B1-0-0.mp4|0.99997234|(1,962,0.99997234)
Kingsman.The.Golden.Circle.2017__#00-41-22_00-41-32_label_B2-0-0.mp4|0.9946004|(1,241,0.9946004)
Kingsman.The.Golden.Circle.2017__#00-44-52_00-46-20_label_A.mp4|0.0012316504|(2,2001,0.0005063255,113,2113,0.0012316504)
Kingsman.The.Golden.Circle.2017__#02-09-30_02-10-45_label_A.mp4|1.567748e-05|(1,1801,1.567748e-05)
Kingsman.The.Secret.Service.2014__#00-22-10_00-23-10_label_B2-0-0.mp4|0.8161387|(1,1441,0.8161387)
Kingsman.The.Secret.Service.2014__#00-25-29_00-26-24_label_A.mp4|1.291153e-06|(1,1321,1.291153e-06)
Kingsman.The.Secret.Service.2014__#01-43-40_01-44-50_label_B2-G-0.mp4|5.842867e-05|(1,1681,5.842867e-05)
Law.Abiding.Citizen.2009__#00-00-35_00-01-31_label_A.mp4|0.30151805|(1,1345,0.30151805)
Law.Abiding.Citizen.2009__#01-26-34_01-27-25_label_B2-0-0.mp4|0.9999907|(1,1225,0.9999907)
Lord.of.War__#00-50-10_00-50-50_label_G-0-0.mp4|0.005479579|(1,961,0.005479579)
Lord.of.War__#00-59-20_01-00-35_label_A.mp4|3.9729798e-07|(1,1801,3.9729798e-07)
Lord.of.War__#01-41-04_01-41-53_label_B1-0-0.mp4|0.37158868|(1,1177,0.37158868)
Love.Actually.2003__#00-51-55_00-55-16_label_A.mp4|0.8079516|(3,2001,7.403401e-05,2000,4001,0.8079516,4000,4826,0.59410906)
Love.Actually.2003__#01-04-40_01-06-59_label_A.mp4|0.013936006|(2,2001,0.00072789704,2000,3336,0.013936006)
Love.Actually.2003__#01-17-00_01-19-40_label_A.mp4|0.00026693076|(2,2001,0.0001732652,2000,3842,0.00026693076)
Love.Actually.2003__#01-34-18_01-38-11_label_A.mp4|0.010802056|(3,2001,0.010802056,2000,4001,1.746128e-05,4000,5593,0.00010350995)
Love.Actually.2003__#01-39-05_01-46-40_label_A.mp4|0.18206741|(6,2001,4.3297645e-05,2000,4001,2.2112279e-06,4000,6001,0.0006914578,6000,8001,3.4609532e-06,8000,10001,5.9403294e-07,10000,10921,0.18206741)
Love.Death.and.Robots.S01E02__#00-03-15_00-04-20_label_A.mp4|0.010672928|(1,1560,0.010672928)
Love.Death.and.Robots.S01E04__#00-14-28_00-15-27_label_A.mp4|0.9824395|(1,1416,0.9824395)
Love.Death.and.Robots.S01E10__#0-01-00_0-02-13_label_B2-G-0.mp4|0.9999995|(1,1752,0.9999995)
Love.Death.and.Robots.S01E13__#0-11-48_0-12-07_label_G-0-0.mp4|0.9999994|(1,456,0.9999994)
Love.Death.and.Robots.S01E15__#0-05-38_0-06-18_label_G-0-0.mp4|1.0|(1,960,1.0)
Love.Me.If.You.Dare.2003__#00-11-20_00-15-08_label_A.mp4|0.99942756|(3,2001,0.99942756,2000,4001,0.9971301,4000,5474,0.998923)
Love.Me.If.You.Dare.2003__#00-33-52_00-39-00_label_A.mp4|0.9996018|(4,2001,0.021006627,2000,4001,4.310731e-06,4000,6001,0.004868401,6000,7394,0.9996018)
Love.Me.If.You.Dare.2003__#01-04-40_01-06-59_label_A.mp4|0.26762408|(2,2001,0.26762408,2000,3338,0.021882007)
Mindhunters.2004__#01-19-00_01-20-05_label_B2-0-0.mp4|0.96402067|(1,1561,0.96402067)
Mission.Impossible.Fallout.2018__#00-31-21_00-32-50_label_B1-0-0.mp4|0.999353|(2,2001,0.999353,136,2136,0.9978927)
Mission.Impossible.Fallout.2018__#00-39-18_00-40-36_label_B1-0-0.mp4|0.5485509|(1,1873,0.5485509)
Mission.Impossible.Fallout.2018__#02-03-50_02-04-35_label_B1-0-0.mp4|0.99999964|(1,1080,0.99999964)
Mission.Impossible.Ghost.Protocol.2011__#00-01-18_00-01-40_label_B2-0-0.mp4|1.0|(1,529,1.0)
Mission.Impossible.Ghost.Protocol.2011__#00-49-03_00-51-21_label_A.mp4|0.00025824638|(2,2001,2.924616e-09,2000,3313,0.00025824638)
Mission.Impossible.Ghost.Protocol.2011__#01-07-24_01-09-09_label_A.mp4|4.6077853e-09|(2,2001,2.1943334e-13,2000,2521,4.6077853e-09)
Mission.Impossible.Ghost.Protocol.2011__#01-12-38_01-13-43_label_B1-0-0.mp4|0.9999999|(1,1561,0.9999999)
Mission.Impossible.Ghost.Protocol.2011__#01-24-59_01-28-30_label_A.mp4|0.00016605905|(3,2001,0.00016605905,2000,4001,1.831526e-09,4000,5064,4.169162e-08)
Mission.Impossible.Ghost.Protocol.2011__#01-54-24_01-54-50_label_B1-0-0.mp4|0.96343696|(1,625,0.96343696)
Mission.Impossible.Ghost.Protocol.2011__#01-56-52_01-57-03_label_B1-0-0.mp4|0.99991155|(1,264,0.99991155)
Mission.Impossible.II.2000__#00-11-37_00-15-46_label_A.mp4|0.79141486|(1,693,0.79141486)
Mission.Impossible.II.2000__#00-24-30_00-30-10_label_A.mp4|0.03106008|(5,2001,6.675079e-10,2000,4001,0.0019300753,4000,6001,4.7520686e-08,6000,8001,3.521462e-05,6160,8160,0.03106008)
Mission.Impossible.II.2000__#01-18-55_01-20-53_label_B2-0-0.mp4|0.00027224832|(2,2001,0.00027224832,2000,2833,6.587045e-07)
Mission.Impossible.II.2000__#01-25-08_01-25-31_label_B2-0-0.mp4|0.9997799|(1,553,0.9997799)
Mission.Impossible.II.2000__#01-29-30_01-29-44_label_B1-0-0.mp4|1.0|(1,337,1.0)
Mission.Impossible.II.2000__#01-32-56_01-33-25_label_B1-0-0.mp4|1.0|(1,697,1.0)
Mission.Impossible.II.2000__#01-38-25_01-38-41_label_B2-B5-0.mp4|0.9999999|(1,385,0.9999999)
Mission.Impossible.II.2000__#01-46-20_01-47-11_label_B2-B6-0.mp4|0.9999995|(1,1225,0.9999995)
Mission.Impossible.III.2006__#00-19-56_00-20-26_label_B2-0-0.mp4|0.999954|(1,721,0.999954)
Mission.Impossible.III.2006__#00-56-23_00-56-40_label_G-0-0.mp4|0.9999994|(1,409,0.9999994)
Mission.Impossible.III.2006__#01-06-52_01-07-15_label_G-0-0.mp4|1.0|(1,553,1.0)
Mission.Impossible.III.2006__#01-54-02_01-54-40_label_B2-0-0.mp4|0.9999999|(1,913,0.9999999)
Mission.Impossible.V.Rogue.Nation.2015__#00-14-40_00-17-12_label_B1-0-0.mp4|1.0|(2,2001,0.98901224,2000,3649,1.0)
Mission.Impossible.V.Rogue.Nation.2015__#00-17-27_00-17-55_label_B2-0-0.mp4|0.9999988|(1,673,0.9999988)
Mission.Impossible.V.Rogue.Nation.2015__#01-15-52_01-16-48_label_B6-B2-0.mp4|0.999305|(1,1344,0.999305)
Mission.Impossible.V.Rogue.Nation.2015__#01-19-48_01-20-20_label_B6-0-0.mp4|0.9999999|(1,770,0.9999999)
Mission.Impossible.V.Rogue.Nation.2015__#01-29-39_01-33-39_label_A.mp4|0.27739656|(3,2001,0.0068338024,2000,4001,0.27739656,4000,5762,0.0012917522)
Mission.Impossible.V.Rogue.Nation.2015__#01-54-23_01-55-10_label_B2-0-0.mp4|0.99067885|(1,1129,0.99067885)
New.Kids.Turbo.2010__#00-22-35_00-23-14_label_B1-0-0.mp4|0.9919836|(1,936,0.9919836)
New.Kids.Turbo.2010__#00-41-30_00-42-05_label_A.mp4|9.786096e-05|(1,840,9.786096e-05)
New.Kids.Turbo.2010__#00-50-13_00-50-34_label_B1-0-0.mp4|0.6288549|(1,504,0.6288549)
One.Day.2011__#01-02-50_01-07-05_label_A.mp4|3.5595403e-05|(4,2001,3.7624868e-09,2000,4001,4.970119e-07,4000,6001,6.243868e-08,4121,6121,3.5595403e-05)
Operation.Red.Sea.2018__#0-02-17_0-02-37_label_B2-0-0.mp4|0.99999976|(1,480,0.99999976)
Operation.Red.Sea.2018__#01-20-58_01-22-00_label_B5-0-0.mp4|1.234816e-08|(1,1488,1.234816e-08)
Operation.Red.Sea.2018__#0-12-26_0-13-36_label_A.mp4|2.6462627e-07|(1,1680,2.6462627e-07)
Operation.Red.Sea.2018__#01-37-22_01-37-36_label_G-B2-0.mp4|1.0|(1,336,1.0)
Operation.Red.Sea.2018__#0-16-06_0-16-46_label_G-0-0.mp4|0.99648786|(1,960,0.99648786)
Operation.Red.Sea.2018__#0-25-36_0-26-03_label_G-0-0.mp4|0.99988174|(1,648,0.99988174)
Operation.Red.Sea.2018__#0-29-36_0-30-20_label_B2-G-0.mp4|0.9999982|(1,1056,0.9999982)
Operation.Red.Sea.2018__#0-45-54_0-46-33_label_A.mp4|0.00024847023|(1,936,0.00024847023)
Operation.Red.Sea.2018__#0-56-26_0-57-10_label_G-0-0.mp4|1.0|(1,1056,1.0)
Quantum.Of.Solace.2008__#00-47-29_00-50-52_label_A.mp4|8.4912773e-07|(3,2001,8.4912773e-07,2000,4001,2.0202862e-08,4000,4873,1.3588786e-07)
Quantum.Of.Solace.2008__#01-19-30_01-20-05_label_B1-0-0.mp4|0.9761218|(1,841,0.9761218)
Quantum.Of.Solace.2008__#01-30-26_01-30-42_label_B2-B1-0.mp4|0.9999895|(1,384,0.9999895)
Rush.Hour.1998.BluRay__#00-08-08_00-09-15_label_B2-B6-G.mp4|0.5089558|(1,1609,0.5089558)
Rush.Hour.1998.BluRay__#00-11-05_00-12-10_label_B2-B1-0.mp4|0.9999895|(1,1562,0.9999895)
Rush.Hour.1998.BluRay__#01-20-28_01-21-38_label_B2-0-0.mp4|0.99105537|(1,1682,0.99105537)
Rush.Hour.1998.BluRay__#01-25-21_01-25-46_label_B2-0-0.mp4|0.9998987|(1,602,0.9998987)
Rush.Hour.3.2007.BluRay__#00-04-59_00-05-31_label_B2-0-0.mp4|0.9779904|(1,769,0.9779904)
Rush.Hour.3.2007.BluRay__#00-34-11_00-35-46_label_B1-0-0.mp4|0.99999714|(2,2001,0.99999666,2000,2281,0.99999714)
Rush.Hour.3.2007.BluRay__#00-40-56_00-41-52_label_B2-0-0.mp4|0.0012725015|(1,1345,0.0012725015)
Rush.Hour.3.2007.BluRay__#01-00-40_01-04-00_label_A.mp4|0.002693672|(3,2001,1.0775304e-05,2000,4001,5.393555e-09,4000,4801,0.002693672)
Rush.Hour.3.2007.BluRay__#01-12-16_01-12-36_label_B1-0-0.mp4|0.99999464|(1,481,0.99999464)
Salt.2010__#00-02-10_00-03-57_label_A.mp4|0.9999994|(2,2001,0.017892115,2000,2569,0.9999994)
Salt.2010__#00-13-45_00-16-10_label_A.mp4|1.47020055e-05|(2,2001,3.327064e-13,2000,3481,1.47020055e-05)
Salt.2010__#00-17-40_00-18-16_label_B1-0-0.mp4|0.9997898|(1,865,0.9997898)
Salt.2010__#01-06-27_01-07-07_label_G-B2-0.mp4|0.9999994|(1,962,0.9999994)
Salt.2010__#01-12-05_01-12-32_label_B2-G-0.mp4|0.9999999|(1,649,0.9999999)
Salt.2010__#01-16-00_01-16-50_label_A.mp4|0.013966555|(1,1201,0.013966555)
Saving.Private.Ryan.1998__#00-47-50_00-49-35_label_B2-0-0.mp4|0.999926|(2,2001,0.9957515,2000,2521,0.999926)
Saving.Private.Ryan.1998__#02-00-56_02-03-06_label_A.mp4|0.8830518|(2,2001,0.8830518,2000,3121,0.25671136)
Saving.Private.Ryan.1998__#02-16-58_02-17-13_label_G-0-0.mp4|0.9999999|(1,361,0.9999999)
Saving.Private.Ryan.1998__#02-20-00_02-20-13_label_G-0-0.mp4|0.9998505|(1,313,0.9998505)
Saving.Private.Ryan.1998__#02-23-00_02-23-28_label_B1-0-0.mp4|0.99999833|(1,673,0.99999833)
Saving.Private.Ryan.1998__#02-23-58_02-24-18_label_G-0-0.mp4|0.998594|(1,481,0.998594)
Saving.Private.Ryan.1998__#02-24-18_02-25-42_label_B1-0-0.mp4|0.9999993|(2,2001,0.99999154,17,2017,0.9999993)
Saving.Private.Ryan.1998__#02-25-42_02-26-03_label_B2-0-0.mp4|0.9970374|(1,505,0.9970374)
Shoot.Em.Up.2007__#00-25-50_00-27-10_label_A.mp4|0.99360037|(1,1921,0.99360037)
Shoot.Em.Up.2007__#00-32-40_00-35-10_label_B2-0-0.mp4|1.0|(2,2001,1.0,2000,3601,1.0)
Shoot.Em.Up.2007__#00-53-25_00-56-47_label_B2-0-0.mp4|0.9987632|(3,2001,0.8824094,2000,4001,0.9987632,4000,4850,0.09316793)
Shoot.Em.Up.2007__#00-56-56_00-57-15_label_B2-0-0.mp4|0.99999845|(1,457,0.99999845)
Shoplifters.2018__#00-17-30_00-19-10_label_A.mp4|0.9598008|(2,2001,0.9598008,2000,2401,3.2772166e-07)
Sin.City.2005__#0-06-42_0-07-06_label_B1-0-0.mp4|0.090238556|(1,577,0.090238556)
Sin.City.2005__#0-10-40_0-11-40_label_B2-0-0.mp4|0.009265759|(1,1441,0.009265759)
Sin.City.2005__#01-19-08_01-19-23_label_G-0-0.mp4|0.9981511|(1,361,0.9981511)
Sin.City.2005__#01-43-21_01-44-21_label_A.mp4|0.02860383|(1,1441,0.02860383)
Sin.City.2005__#01-51-59_01-52-29_label_B2-0-0.mp4|0.99999774|(1,721,0.99999774)
Sin.City.2005__#0-22-04_0-22-18_label_B5-0-0.mp4|0.9859008|(1,337,0.9859008)
Sin.City.2005__#0-29-34_0-29-56_label_B2-0-0.mp4|0.9999782|(1,529,0.9999782)
Sin.City.2005__#0-32-00_0-32-16_label_B2-0-0.mp4|0.43411934|(1,384,0.43411934)
Sin.City.2005__#0-43-45_0-44-01_label_B2-0-0.mp4|1.0|(1,385,1.0)
Skyfall.2012__#00-03-22_00-03-40_label_B6-0-0.mp4|0.99999905|(1,433,0.99999905)
Skyfall.2012__#00-06-10_00-06-25_label_B6-0-0.mp4|0.99999607|(1,361,0.99999607)
Skyfall.2012__#01-20-05_01-20-20_label_B1-B2-0.mp4|0.99999714|(1,361,0.99999714)
Skyfall.2012__#01-55-44_01-56-57_label_B2-G-0.mp4|0.9999994|(1,1753,0.9999994)
Skyfall.2012__#01-57-40_01-58-00_label_B2-0-0.mp4|1.0|(1,481,1.0)
Skyfall.2012__#02-08-44_02-09-17_label_B1-0-0.mp4|0.99956244|(1,793,0.99956244)
Skyfall.2012__#02-14-50_02-16-25_label_A.mp4|0.06453601|(2,2001,1.4143845e-05,2000,2281,0.06453601)
Spectre.2015__#00-16-41_00-18-55_label_A.mp4|4.1462056e-11|(2,2001,4.1462056e-11,2000,3216,9.836144e-12)
Spectre.2015__#00-44-05_00-44-40_label_B1-B2-0.mp4|1.0|(1,841,1.0)
Spectre.2015__#01-08-58_01-09-20_label_B1-B2-0.mp4|0.9999882|(1,529,0.9999882)
Spectre.2015__#01-10-35_01-10-53_label_B2-0-0.mp4|0.9999999|(1,433,0.9999999)
Spectre.2015__#01-17-22_01-18-53_label_A.mp4|1.1009111e-11|(2,2001,5.9109323e-12,184,2184,1.1009111e-11)
Spectre.2015__#01-32-55_01-35-40_label_B1-B2-0.mp4|1.0|(2,2001,1.0,2000,3962,0.9999993)
Spectre.2015__#02-02-57_02-03-27_label_B1-B2-0.mp4|0.99999964|(1,722,0.99999964)
Spectre.2015__#02-15-30_02-16-05_label_G-0-0.mp4|1.0|(1,842,1.0)
Still.Walking.2008__#00-16-18_00-17-27_label_A.mp4|0.042029515|(1,1657,0.042029515)
Still.Walking.2008__#00-51-55_00-55-16_label_A.mp4|0.64852536|(3,2001,0.64852536,2000,4001,7.324741e-06,4000,4826,0.0019425867)
Still.Walking.2008__#01-02-18_01-03-10_label_A.mp4|0.0001225904|(1,1249,0.0001225904)
Taken.2.UNRATED.EXTENDED.2012__#00-13-42_00-14-16_label_B5-0-0.mp4|0.9999993|(1,818,0.9999993)
Taken.2.UNRATED.EXTENDED.2012__#00-17-08_00-17-30_label_A.mp4|0.7925369|(1,529,0.7925369)
Taken.2.UNRATED.EXTENDED.2012__#00-45-50_00-46-20_label_G-0-0.mp4|0.99999726|(1,722,0.99999726)
Taken.2.UNRATED.EXTENDED.2012__#01-00-00_01-00-16_label_B2-0-0.mp4|0.9999684|(1,385,0.9999684)
Taken.2.UNRATED.EXTENDED.2012__#01-06-28_01-06-49_label_B2-0-0.mp4|0.9999833|(1,505,0.9999833)
Taken.2.UNRATED.EXTENDED.2012__#01-18-25_01-18-40_label_B2-0-0.mp4|1.0|(1,361,1.0)
Taken.2.UNRATED.EXTENDED.2012__#01-18-40_01-19-00_label_B1-0-0.mp4|1.0|(1,481,1.0)
Taken.3.2014__#00-03-58_00-04-16_label_B2-0-0.mp4|0.99550736|(1,433,0.99550736)
Taken.3.2014__#00-36-03_00-36-48_label_A.mp4|0.8194487|(1,1081,0.8194487)
Taken.3.2014__#01-04-50_01-05-05_label_B1-0-0.mp4|0.9999999|(1,361,0.9999999)
Taken.3.2014__#01-09-26_01-09-54_label_G-0-0.mp4|0.9999814|(1,674,0.9999814)
Taken.3.2014__#01-12-48_01-14-30_label_B2-B1-0.mp4|1.0|(2,2001,1.0,2000,2449,0.99886936)
Taken.3.2014__#01-19-13_01-19-30_label_B1-0-0.mp4|1.0|(1,409,1.0)
Taken.3.2014__#01-20-10_01-21-30_label_A.mp4|0.27407554|(1,1921,0.27407554)
Taken.Extended.Cut.2008__#00-33-51_00-34-03_label_B1-0-0.mp4|0.9999976|(1,289,0.9999976)
Taken.Extended.Cut.2008__#00-50-45_00-51-04_label_B2-B6-0.mp4|0.99999976|(1,456,0.99999976)
The.Attorney.2013__#00-47-00_00-49-30_label_A.mp4|0.005020183|(2,2001,2.518307e-07,2000,3601,0.005020183)
The.Bourne.Identity.2002__#01-09-16_01-11-16_label_A.mp4|0.008181457|(2,2001,0.008181457,2000,2882,1.488883e-10)
The.Bourne.Identity.2002__#01-27-39_01-29-19_label_B2-0-0.mp4|0.9999906|(2,2001,0.9994568,2000,2400,0.9999906)
The.Bourne.Identity.2002__#01-45-00_01-45-46_label_B1-0-0.mp4|1.0|(1,1104,1.0)
The.Bourne.Identity.2002__#0-19-53_0-21-48_label_B1-0-0.mp4|1.0|(2,2001,0.00050933077,2000,2761,1.0)
The.Bourne.Identity.2002__#0-29-16_0-32-00_label_A.mp4|1.3960204e-08|(2,2001,1.8605084e-11,2000,3937,1.3960204e-08)
The.Bourne.Identity.2002__#0-54-45_0-56-25_label_B6-0-0.mp4|1.0|(2,2001,1.0,2000,2401,0.9561863)
The.Bourne.Identity.2002__#0-57-11_0-58-45_label_A.mp4|7.1782744e-09|(2,2001,4.544614e-11,2000,2257,7.1782744e-09)
The.Bourne.Legacy.2012__#0-39-56_0-40-15_label_G-0-0.mp4|0.9999981|(1,457,0.9999981)
The.Bourne.Legacy.2012__#0-59-18_01-01-52_label_B2-B1-0.mp4|1.0|(2,2001,1.0,2000,3697,0.99999845)
The.Bourne.Supremacy.2004__#01-34-52_01-35-50_label_A.mp4|1.8995511e-06|(1,1393,1.8995511e-06)
The.Bourne.Supremacy.2004__#0-58-18_01-00-58_label_A.mp4|0.16979937|(2,2001,1.8815881e-06,2000,3842,0.16979937)
The.Bourne.Ultimatum.2007__#01-26-27_01-28-03_label_B2-B6-0.mp4|0.99986875|(2,2001,0.99986875,2000,2305,0.9693767)
The.Bourne.Ultimatum.2007__#01-32-57_01-33-53_label_A.mp4|0.04225112|(1,1345,0.04225112)
The.Bourne.Ultimatum.2007__#01-44-02_01-44-11_label_B2-0-0.mp4|0.99999833|(1,217,0.99999833)
The.Bourne.Ultimatum.2007__#0-55-55_0-56-10_label_A.mp4|0.99999523|(1,361,0.99999523)
The.Fast.and.the.Furious.2001__#00-26-09_00-26-52_label_A.mp4|0.9999958|(1,1033,0.9999958)
The.Fast.and.the.Furious.2001__#00-29-00_00-29-52_label_B2-G-0.mp4|1.0|(1,1249,1.0)
The.Fast.and.the.Furious.2001__#00-52-18_00-53-36_label_B1-0-0.mp4|0.9995165|(1,1873,0.9995165)
The.Fast.and.the.Furious.2001__#01-14-04_01-15-20_label_B1-0-0.mp4|0.99112296|(1,1825,0.99112296)
The.Fast.and.the.Furious.2001__#01-24-18_01-25-05_label_B6-0-0.mp4|0.99999976|(1,1128,0.99999976)
The.Fast.and.the.Furious.2001__#01-37-40_01-38-30_label_B6-0-0.mp4|0.9999969|(1,1201,0.9999969)
The.Fast.and.the.Furious.2001__#01-38-50_01-39-59_label_A.mp4|0.00018983956|(1,1657,0.00018983956)
The.Hurt.Locker.2008__#0-08-45_0-09-57_label_G-0-0.mp4|1.0|(1,1729,1.0)
The.Hurt.Locker.2008__#01-02-10_01-03-55_label_B2-0-0.mp4|0.98718286|(2,2001,0.98715276,2000,2521,0.98718286)
The.Hurt.Locker.2008__#01-27-42_01-28-09_label_G-0-0.mp4|0.9999491|(1,649,0.9999491)
The.Hurt.Locker.2008__#0-19-22_0-22-32_label_B2-B1-0.mp4|0.99999976|(3,2001,0.99999976,2000,4001,0.9999919,4000,4561,0.9155401)
The.Hurt.Locker.2008__#0-29-25_0-30-15_label_A.mp4|3.1811826e-08|(1,1200,3.1811826e-08)
The.Hurt.Locker.2008__#0-45-39_0-47-06_label_A.mp4|0.78073186|(2,2001,0.78073186,89,2089,0.19509722)
The.Intouchables.2011__#00-04-20_00-05-35_label_A.mp4|3.50133e-05|(1,1801,3.50133e-05)
The.Intouchables.2011__#00-51-55_00-55-16_label_A.mp4|0.9116079|(3,2001,7.850678e-06,2000,4001,2.8359938e-08,4000,4826,0.9116079)
The.Intouchables.2011__#00-58-18_01-02-30_label_A.mp4|0.20464085|(4,2001,0.20464085,2000,4001,7.9915e-08,4000,6001,0.009974752,4049,6049,0.022058226)
Thelma...Louise.1991__#01-53-54_01-54-50_label_A.mp4|7.991017e-06|(1,1345,7.991017e-06)
The.Notebook.2004__#00-08-55_00-10-50_label_A.mp4|0.00022533252|(2,2001,4.2341107e-05,2000,2762,0.00022533252)
The.Notebook.2004__#00-11-00_00-15-08_label_A.mp4|0.9999163|(3,2001,0.9999163,2000,4001,1.3751579e-06,4000,5954,9.398142e-09)
The.Notebook.2004__#00-20-35_00-23-06_label_A.mp4|0.9985287|(2,2001,3.7791966e-07,2000,3625,0.9985287)
The.Notebook.2004__#00-25-20_00-29-20_label_A.mp4|0.08327548|(3,2001,4.3914133e-10,2000,4001,0.08327548,4000,5761,2.0439113e-06)
The.Notebook.2004__#01-30-25_01-33-56_label_A.mp4|0.0022857515|(3,2001,0.0022857515,2000,4001,0.0001736875,4000,5065,1.0589025e-05)
The.Notebook.2004__#01-52-20_01-58-00_label_A.mp4|1.1200254e-05|(5,2001,1.0811145e-05,2000,4001,7.753386e-06,4000,6001,1.1200254e-05,6000,8001,5.38057e-08,6161,8161,1.2241057e-07)
The.Pursuit.of.Happyness.2006__#00-17-30_00-19-10_label_A.mp4|0.99960595|(2,2001,0.0025399933,2000,2401,0.99960595)
The.Pursuit.of.Happyness.2006__#00-30-50_00-32-31_label_A.mp4|1.0|(2,2001,0.0070346873,2000,2425,1.0)
The.Pursuit.of.Happyness.2006__#01-34-18_01-38-11_label_A.mp4|0.9965312|(3,2001,0.0007332887,2000,4001,0.9965312,4000,5593,0.23507455)
The.Secret.Life.of.Walter.Mitty.2013__#00-08-55_00-10-50_label_A.mp4|0.036290865|(2,2001,2.2723805e-05,2000,2762,0.036290865)
The.Secret.Life.of.Walter.Mitty.2013__#00-36-52_00-41-00_label_A.mp4|0.78285336|(3,2001,4.95644e-07,2000,4001,0.78285336,4000,5953,0.0072599496)
The.Secret.Life.of.Walter.Mitty.2013__#01-01-20_01-04-00_label_A.mp4|0.8895811|(2,2001,0.09118321,2000,3841,0.8895811)
The.Secret.Life.of.Walter.Mitty.2013__#01-23-00_01-29-08_label_A.mp4|0.99979347|(5,2001,0.023695553,2000,4001,0.00028210966,4000,6001,2.8254823e-07,6000,8001,0.99979347,8000,8833,0.006400427)
The.World.Is.Not.Enough.1999__#00-07-04_00-07-45_label_G-B2-0.mp4|0.99999976|(1,984,0.99999976)
The.World.Is.Not.Enough.1999__#00-10-22_00-10-40_label_G-0-0.mp4|0.9999999|(1,433,0.9999999)
Tropa.de.Elite.2007__#00-10-30_00-12-08_label_A.mp4|0.0004490264|(2,2001,0.0004490264,2000,2352,0.000137165)
Tropa.de.Elite.2007__#00-52-33_00-54-35_label_A.mp4|0.76816165|(2,2001,0.00023105065,2000,2930,0.76816165)
Tropa.de.Elite.2.2010__#00-05-30_00-06-30_label_A.mp4|0.9564928|(1,1441,0.9564928)
Tropa.de.Elite.2.2010__#00-13-41_00-14-56_label_B4-0-0.mp4|0.029659733|(1,1801,0.029659733)
Tropa.de.Elite.2.2010__#00-42-00_00-43-00_label_B2-0-0.mp4|0.25851393|(1,1441,0.25851393)
Tropa.de.Elite.2.2010__#00-46-11_00-46-50_label_B2-0-0.mp4|0.9999999|(1,937,0.9999999)
Tropa.de.Elite.2.2010__#01-30-51_01-32-30_label_A.mp4|0.9999684|(2,2001,0.94218016,2000,2377,0.9999684)
Tropa.de.Elite.2.2010__#01-33-01_01-33-30_label_B2-0-0.mp4|0.009516308|(1,698,0.009516308)
Tropa.de.Elite.2.2010__#01-33-31_01-34-20_label_A.mp4|0.99895227|(1,1177,0.99895227)
v=0LEefpIPBHA__#1_label_A.mp4|0.99299|(1,1142,0.99299)
v=0N0PbzjEg0U__#1_label_B4-0-0.mp4|0.99999344|(1,1518,0.99999344)
v=0qtIjyt-7wg__#00-00-00_00-00-51_label_B6-0-0.mp4|1.0|(1,1226,1.0)
v=0qtIjyt-7wg__#00-01-00_00-02-45_label_B6-0-0.mp4|1.0|(2,2001,1.0,2000,2522,0.9998889)
v=0qtIjyt-7wg__#00-04-00_00-05-15_label_B6-0-0.mp4|0.14070554|(1,1802,0.14070554)
v=0vVOXlgHC1U__#00-12-00_00-18-00_label_A.mp4|0.13702789|(5,2001,0.00091891125,2000,4001,0.0022199126,4000,6001,9.735992e-05,6000,8001,0.13702789,8000,8642,0.0006994335)
v=0vVOXlgHC1U__#00-48-00_00-54-00_label_A.mp4|0.0009634326|(5,2001,1.7180342e-07,2000,4001,0.00040092244,4000,6001,0.00025217616,6000,8001,1.0783775e-05,8000,8642,0.0009634326)
v=0W8LohxH9nI__#1_label_B1-0-0.mp4|0.00020476233|(1,1413,0.00020476233)
v=0yHBkMBE8r4__#1_label_B1-0-0.mp4|0.99823356|(3,2001,0.9847643,2000,4001,0.99823356,4000,5162,0.99808025)
v=1202rYvw7go__#1_label_A.mp4|0.8878288|(2,2001,5.1216513e-05,2000,3951,0.8878288)
v=15wDrZJQpsw__#00-00-00_00-00-51_label_B6-0-0.mp4|1.0|(1,1226,1.0)
v=15wDrZJQpsw__#00-05-20_00-06-20_label_B6-0-0.mp4|0.9994306|(1,1443,0.9994306)
v=15wDrZJQpsw__#00-09-00_00-10-55_label_B6-0-0.mp4|0.9999863|(2,2001,0.9999863,2000,2762,0.10903123)
v=1djrJ0wxlYo__#1_label_B4-0-0.mp4|0.9996331|(1,1536,0.9996331)
v=1EvRIhdsX1s__#1_label_A.mp4|0.9999999|(1,862,0.9999999)
v=1GFBuaGCeTo__#1_label_G-0-0.mp4|0.99310076|(1,1253,0.99310076)
v=1io9Uh54Vhg__#1_label_B4-0-0.mp4|0.9991059|(1,1980,0.9991059)
v=1q5V6DKH3bw__#1_label_B4-0-0.mp4|0.99999905|(2,2001,0.99999905,2000,3029,0.9999918)
v=251___mEwZA__#1_label_B1-0-0.mp4|0.9999999|(3,2001,0.9999999,2000,4001,0.51599985,4000,4577,0.99995565)
v=2al4t5inObA__#1_label_B4-0-0.mp4|0.9999237|(2,2001,0.9999237,2000,3582,0.99939597)
v=2JJ9d97sd64__#1_label_A.mp4|0.7622088|(2,2001,0.7622088,2000,3140,0.001513331)
v=2jwO15SMyuo__#1_label_B4-0-0.mp4|1.0|(2,2001,0.99999976,2000,2376,1.0)
v=2Rr21qkZEDQ__#00-03-00_00-04-09_label_B6-0-0.mp4|1.0|(1,1658,1.0)
v=2Rr21qkZEDQ__#00-14-10_00-16-09_label_B6-0-0.mp4|1.0|(2,2001,1.0,2000,2858,0.99999964)
v=2WkuPNLfl5s__#1_label_B4-0-0.mp4|0.22232442|(1,1242,0.22232442)
v=35zynOrkvMk__#1_label_G-0-0.mp4|0.025959222|(1,365,0.025959222)
v=38GQ9L2meyE__#1_label_B6-0-0.mp4|1.0|(3,2001,0.9999784,2000,4001,0.9939102,4000,4650,1.0)
v=3e3C-LQWF2s__#1_label_B1-0-0.mp4|0.054564618|(3,2001,0.003626551,2000,4001,0.054564618,4000,4421,0.0003268303)
v=3lSHv_DUbJs__#1_label_A.mp4|0.99694604|(2,2001,0.0071428968,2000,3566,0.99694604)
v=3MUqt3OkxIo__#1_label_A.mp4|0.003175347|(2,2001,0.003175347,2000,2500,0.003136754)
v=3WmMhircZOc__#1_label_B4-0-0.mp4|0.99990785|(4,2001,0.9951585,2000,4001,0.99990785,4000,6001,0.19595093,4025,6025,0.72661346)
v=3wxWNAM8Cso__#1_label_G-0-0.mp4|1.0|(4,2001,0.0033924521,2000,4001,1.0,4000,6001,1.0,4063,6063,1.0)
v=3xkwZk44VQs__#1_label_B4-0-0.mp4|1.0|(2,2001,1.0,2000,2517,0.54341054)
v=3xWiBCIxjIk__#1_label_B4-0-0.mp4|1.0|(2,2001,1.0,2000,3748,0.99760216)
v=3y2OOc6WTrg__#1_label_B1-0-0.mp4|0.97905123|(3,2001,0.9646765,2000,4001,0.97905123,4000,4352,0.026714692)
v=3zgaqeVSXuI__#1_label_B4-0-0.mp4|0.003260047|(1,1953,0.003260047)
v=3ZVcLOjwOMk__#1_label_A.mp4|0.3496368|(1,1885,0.3496368)
v=4jVgDKbu_TI__#1_label_A.mp4|0.0024777057|(10,2001,6.8593267e-06,2000,4001,0.0005067509,4000,6001,5.208104e-05,6000,8001,0.00024177067,8000,10001,5.9727372e-05,10000,12001,2.8822546e-05,12000,14001,3.0125126e-05,14000,16001,0.0005569296,16000,18001,0.0024777057,18000,18974,2.16836e-06)
v=5AlAh8J3WqE__#1_label_A.mp4|0.9999777|(6,2001,0.91717297,2000,4001,0.9877581,4000,6001,0.23226209,6000,8001,0.18181802,8000,10001,0.9999777,10000,10885,0.9863896)
v=5BBoVfKOyeM__#00-08-19_00-10-10_label_B6-0-0.mp4|0.09042328|(2,2001,0.024870895,2000,2666,0.09042328)
v=5Ftl4nOSytc__#1_label_G-0-0.mp4|1.0|(2,2001,1.0,2000,2282,0.99999976)
v=_5Kmb4tqMxs__#1_label_B4-0-0.mp4|0.9999759|(1,1305,0.9999759)
v=5l-nbDl0qvg__#1_label_A.mp4|0.34274247|(7,2001,0.00075231725,2000,4001,0.010194412,4000,6001,8.576642e-05,6000,8001,0.00014956448,8000,10001,0.02655916,10000,12001,0.2923205,12000,13124,0.34274247)
v=5NZxPmTpV6Y__#1_label_A.mp4|0.0023443354|(2,2001,2.9160008e-06,2000,2807,0.0023443354)
v=-5RWxUUJ7lQ__#1_label_A.mp4|0.76512843|(10,2001,4.4759243e-05,2000,4001,0.0032341736,4000,6001,0.28404185,6000,8001,0.09926476,8000,10001,0.5473015,10000,12001,0.2227218,12000,14001,0.010639729,14000,16001,0.011339759,16000,18001,0.76512843,18000,19123,0.011069106)
v=5Tnl7_8RqlA__#00-11-00_00-12-45_label_B6-0-0.mp4|1.0|(2,2001,1.0,2000,2522,0.9999778)
v=6cvZOGzfqWU__#1_label_A.mp4|0.9972687|(3,2001,0.0020866334,2000,4001,0.9972687,4000,5594,0.9085721)
v=6KQFxxHmVMc__#1_label_B1-0-0.mp4|0.309308|(2,2001,0.056691006,2000,3654,0.309308)
v=6nfo9c7a5pE__#1_label_B1-0-0.mp4|0.00095196726|(1,1235,0.00095196726)
v=6TR2rcgHm4g__#1_label_B4-0-0.mp4|0.020302944|(1,1621,0.020302944)
v=73uRcX0Dvfc__#00-00-00_00-01-51_label_B6-G-0.mp4|1.0|(2,2001,1.0,2000,2666,1.0)
v=78u9uBJBqIw__#1_label_B4-B5-0.mp4|1.0|(2,2001,0.9693182,2000,3486,1.0)
v=7isLhaNYgkU__#1_label_B4-0-0.mp4|1.0|(3,2001,1.0,2000,4001,1.0,4000,5706,0.99825054)
v=7QOdBpDrmKk__#00-01-00_00-02-45_label_B6-0-0.mp4|1.0|(2,2001,1.0,2000,2522,1.0)
v=7QOdBpDrmKk__#00-10-30_00-10-51_label_B6-0-0.mp4|1.0|(1,506,1.0)
v=7rDRFFSUrPI__#00-01-50_00-02-32_label_G-0-0.mp4|0.99994445|(1,1010,0.99994445)
v=7smETZfN0XA__#1_label_A.mp4|0.1984752|(2,2001,1.2997321e-05,2000,3020,0.1984752)
v=7xQr5wYwNPg__#1_label_B4-0-0.mp4|0.0018898507|(1,1121,0.0018898507)
v=7zEFHKKBA0g__#1_label_B4-0-0.mp4|0.090033576|(3,2001,0.090033576,2000,4001,0.0016897186,4000,4420,2.2696671e-08)
v=8ewWXhYRUNs__#1_label_B1-0-0.mp4|0.8978859|(1,1369,0.8978859)
v=8oJMGgaww70__#1_label_B4-0-0.mp4|0.99999976|(2,2001,0.99093693,2000,3595,0.99999976)
v=8oTjTufJnXI__#1_label_G-0-0.mp4|1.0|(2,2001,0.99999845,2000,2694,1.0)
v=8SC55pYljMM__#1_label_A.mp4|0.9997098|(3,2001,0.48652276,2000,4001,0.6944436,4000,4324,0.9997098)
v=8tqeeBGjnPg__#00-03-12_00-04-15_label_B6-0-0.mp4|1.0|(1,1515,1.0)
v=94zZ9iptP54__#1_label_A.mp4|1.0|(1,932,1.0)
v=96N4XAJ7FKM__#1_label_B1-0-0.mp4|0.99999714|(3,2001,0.86229,2000,4001,0.99999714,4000,4860,0.0001130431)
v=9CWJd1SezkA__#1_label_G-0-0.mp4|0.99982136|(1,700,0.99982136)
v=9eME1y6V-T4__#00-42-00_00-48-00_label_A.mp4|0.97036284|(5,2001,0.32944497,2000,4001,0.3342211,4000,6001,9.3023925e-07,6000,8001,1.3118996e-06,8000,8642,0.97036284)
v=9eME1y6V-T4__#01-00-00_01-06-00_label_A.mp4|0.71904755|(5,2001,0.00978516,2000,4001,0.010646759,4000,6001,0.71904755,6000,8001,2.7177039e-06,8000,8642,0.60712314)
v=9eME1y6V-T4__#01-06-00_01-12-00_label_A.mp4|0.8189401|(5,2001,0.8189401,2000,4001,7.621991e-05,4000,6001,1.9002251e-06,6000,8001,0.0014145471,8000,8642,0.0009791077)
v=9eME1y6V-T4__#01-18-00_01-24-00_label_A.mp4|0.9932112|(5,2001,0.9932112,2000,4001,0.09212203,4000,6001,0.78404534,6000,8001,0.4833075,8000,8642,0.72507554)
v=9eME1y6V-T4__#01-36-00_01-42-00_label_A.mp4|0.9853801|(5,2001,0.00012436949,2000,4001,0.44367322,4000,6001,0.028183755,6000,8001,0.65321386,8000,8642,0.9853801)
v=9eME1y6V-T4__#02-00-00_02-06-00_label_A.mp4|0.97925216|(5,2001,0.97925216,2000,4001,0.014197451,4000,6001,0.0004420031,6000,8001,0.010985891,8000,8642,0.00011322445)
v=9FxmNOXF25Q__#1_label_A.mp4|1.9110666e-05|(3,2001,2.7201463e-06,2000,4001,1.2457827e-05,2120,4120,1.9110666e-05)
v=9Jk2sIp5MRQ__#1_label_G-0-0.mp4|0.9637596|(1,568,0.9637596)
v=9qxJ6bznkNI__#1_label_A.mp4|0.9480439|(3,2001,0.14463094,2000,4001,0.0007527403,4000,5454,0.9480439)
v=9Ydg5IeZpFI__#1_label_B1-0-0.mp4|0.944507|(3,2001,0.00051776523,2000,4001,0.011416633,4000,4621,0.944507)
v=a0TQkX_zLt0__#1_label_A.mp4|0.9999999|(6,2001,0.0004571085,2000,4001,0.01213068,4000,6001,0.012027715,6000,8001,0.00033370033,8000,10001,0.00033661423,10000,11764,0.9999999)
v=abATVcjFumY__#1_label_G-0-0.mp4|0.120800376|(1,1835,0.120800376)
v=aBsrZKrRtqU__#1_label_A.mp4|5.3383395e-05|(1,1235,5.3383395e-05)
v=ADQNFs9bfFk__#00-00-00_00-00-58_label_B4-0-0.mp4|0.9774491|(1,1394,0.9774491)
v=AF9p0YA0hyA__#00-00-45_00-01-44_label_B4-0-0.mp4|0.9999924|(1,1418,0.9999924)
v=AF9p0YA0hyA__#00-03-03_00-04-20_label_B4-0-0.mp4|0.9320775|(1,1850,0.9320775)
v=afhttnv46Y4__#1_label_B1-0-0.mp4|0.99995255|(2,2001,0.99995255,2000,2500,0.99528)
v=ajnl7P9bf78__#1_label_A.mp4|0.9977062|(1,1624,0.9977062)
v=aQ3qMpgZjwg__#00-00-00_00-01-48_label_B4-0-0.mp4|0.9858474|(2,2001,0.45575458,2000,2593,0.9858474)
v=AqFWYZsOgWY__#00-21-00_00-24-00_label_A.mp4|0.0029313078|(3,2001,1.8778232e-05,2000,4001,3.5238605e-05,4000,4322,0.0029313078)
v=AqFWYZsOgWY__#00-33-00_00-36-00_label_A.mp4|0.00012759835|(3,2001,0.00012759835,2000,4001,0.00012199939,4000,4322,1.6858e-05)
v=aWPWHU8x6kE__#1_label_B4-0-0.mp4|0.9999565|(3,2001,0.00030805657,2000,4001,0.9990729,4000,4829,0.9999565)
v=b0MUjeKAGZw__#1_label_B4-0-0.mp4|0.99943215|(2,2001,0.998698,2000,2795,0.99943215)
v=bDm2-1NZBLw__#1_label_B4-0-0.mp4|0.99999976|(2,2001,0.99999976,2000,2210,0.98948133)
v=bfOlheR5nUQ__#00-00-00_00-04-33_label_B4-0-0.mp4|0.9999963|(4,2001,0.83426005,2000,4001,0.60025835,4000,6001,0.9999956,6000,6554,0.9999963)
v=bfOlheR5nUQ__#00-04-33_00-06-02_label_B4-0-0.mp4|1.0|(2,2001,1.0,138,2138,0.99999976)
v=BFPkt0AuSFA__#1_label_B4-0-0.mp4|1.0|(2,2001,1.0,2000,3380,0.9999993)
v=_BgJEXQkjNQ__#1_label_G-0-0.mp4|0.999997|(5,2001,0.999926,2000,4001,0.99997556,4000,6001,0.9950618,6000,8001,0.99999523,6139,8139,0.999997)
v=bhZs3ALdL7Y__#1_label_G-0-0.mp4|0.9978702|(1,81,0.9978702)
v=BL8ppFg7NKI__#1_label_A.mp4|0.87753105|(3,2001,0.0001872735,2000,4001,0.0006897026,4000,5470,0.87753105)
v=BpargJW29Wo__#00-00-50_00-01-30_label_B1-0-0.mp4|0.01400389|(1,962,0.01400389)
v=BQjKQbYgUBA__#1_label_B1-0-0.mp4|0.99529475|(2,2001,0.99529475,2000,3423,0.991941)
v=bU86SW6L7Tc__#1_label_A.mp4|0.27128613|(3,2001,0.0007697799,2000,4001,0.016287176,4000,4250,0.27128613)
v=BXR3d22BhHs__#00-06-00_00-07-00_label_B4-0-0.mp4|0.8781828|(1,1443,0.8781828)
v=BXR3d22BhHs__#00-07-00_00-08-00_label_B4-0-0.mp4|0.9999999|(1,1443,0.9999999)
v=BzwNU2xmT64__#00-01-00_00-02-45_label_B6-0-0.mp4|1.0|(2,2001,1.0,2000,2522,0.999998)
v=BzwNU2xmT64__#00-04-10_00-06-09_label_B6-0-0.mp4|1.0|(2,2001,1.0,2000,2858,0.99999976)
v=CcD-YNlkMPY__#1_label_G-0-0.mp4|0.005635874|(1,1996,0.005635874)
v=CczYDDDf22A__#1_label_G-0-0.mp4|0.99999785|(1,679,0.99999785)
v=cEOM18n8fhU__#1_label_G-0-0.mp4|0.99995553|(2,2001,0.99995553,2000,2831,0.99994504)
v=CFfc4UWzVB8__#00-00-00_00-00-30_label_B4-0-0.mp4|0.5692851|(1,722,0.5692851)
v=CLFYvG6MsZU__#00-02-16_00-05-06_label_B2-0-0.mp4|0.99993145|(3,2001,0.00018890225,2000,4001,0.9993771,2083,4083,0.99993145)
v=cO1UefhG7AY__#1_label_G-0-0.mp4|0.99999166|(3,2001,0.08848766,2000,4001,0.9996755,4000,4574,0.99999166)
v=CoxsDkB-rWU__#00-07-06_00-10-30_label_B4-0-0.mp4|1.0|(3,2001,0.9999914,2000,4001,1.0,4000,4898,0.99999976)
v=CUr-Mg8Hmh0__#1_label_G-0-0.mp4|0.99998915|(3,2001,0.010511758,2000,4001,0.9558789,4000,5043,0.99998915)
v=cuUK-3MNqtw__#1_label_B1-0-0.mp4|0.17886387|(2,2001,0.09824547,63,2063,0.17886387)
v=cvEJ5WFk2KE__#00-06-00_00-09-00_label_A.mp4|0.2800635|(3,2001,0.00014552,2000,4001,0.00044725786,4000,4321,0.2800635)
v=CvMpD1yqfxI__#1_label_G-0-0.mp4|1.0|(1,873,1.0)
v=D1eP4Bn4hDQ__#00-09-20_00-10-45_label_B6-0-0.mp4|1.0|(2,2001,1.0,40,2040,1.0)
v=d5lTTPvJLpw__#1_label_B4-0-0.mp4|0.8326368|(4,2001,3.499325e-07,2000,4001,0.8326368,4000,6001,0.0040325182,6000,6277,0.023803812)
v=DD3jfKr8e-k__#00-00-00_00-01-40_label_B4-0-0.mp4|0.9979668|(2,2001,0.9979668,2000,2402,0.9782426)
v=DdIA1Owbcdc__#1_label_A.mp4|0.12909225|(1,1064,0.12909225)
v=Dh-3BlhAOnE__#00-00-00_00-13-36_label_B4-0-0.mp4|0.99999774|(10,2001,0.17861815,2000,4001,0.99999774,4000,6001,0.99962246,6000,8001,0.9989208,8000,10001,0.7869417,10000,12001,0.9999969,12000,14001,0.9998965,14000,16001,0.99983203,16000,18001,0.9997876,18000,19586,0.98494995)
v=Dn_SDu22WpM__#00-08-35_00-10-05_label_B6-0-0.mp4|0.99999845|(2,2001,0.99999845,163,2163,0.99936026)
v=DRGMajXo_PI__#00-02-15_00-03-02_label_G-0-0.mp4|1.0|(1,1130,1.0)
v=DtxU8UYiFws__#1_label_G-0-0.mp4|0.99379694|(1,1450,0.99379694)
v=DVdXoVUNkhg__#1_label_G-0-0.mp4|0.9999298|(1,1146,0.9999298)
v=eAgqJnO3kr8__#00-06-00_00-12-00_label_A.mp4|0.9095657|(5,2001,5.0592456e-07,2000,4001,0.0076328535,4000,6001,0.000606529,6000,8001,0.0004956645,8000,8642,0.9095657)
v=eAgqJnO3kr8__#00-42-00_00-48-00_label_A.mp4|4.0356732e-05|(5,2001,3.718762e-11,2000,4001,1.0686288e-14,4000,6001,1.4475891e-08,6000,8001,1.2654974e-09,8000,8642,4.0356732e-05)
v=eAgqJnO3kr8__#00-48-00_00-54-00_label_A.mp4|0.0009280263|(5,2001,2.4113156e-08,2000,4001,8.8636483e-07,4000,6001,4.273102e-07,6000,8001,1.5287729e-06,8000,8642,0.0009280263)
v=EeUTpfyb0qo__#1_label_A.mp4|0.73827183|(10,2001,7.8621284e-05,2000,4001,0.0045680325,4000,6001,0.00019722075,6000,8001,1.4032892e-06,8000,10001,0.73827183,10000,12001,4.827686e-06,12000,14001,2.3601047e-05,14000,16001,0.016878841,16000,18001,0.00018795434,16143,18143,6.0586655e-05)
v=Ehh8ZdIMMj4__#1_label_A.mp4|0.99395317|(2,2001,0.99395317,2000,2708,0.63508314)
v=EH_QB6cm6BE__#1_label_G-0-0.mp4|0.090110645|(1,658,0.090110645)
v=enYITYwvPAQ__#00-27-00_00-30-00_label_A.mp4|0.585543|(3,2001,0.36145896,2000,4001,0.585543,4000,4321,0.07604376)
v=EOAfl8yMiN8__#00-00-00_00-00-51_label_B6-0-0.mp4|0.7896804|(1,1226,0.7896804)
v=EOAfl8yMiN8__#00-03-00_00-04-09_label_B6-0-0.mp4|1.0|(1,1658,1.0)
v=eqtJjxsTgtg__#1_label_G-0-0.mp4|0.9960289|(1,1194,0.9960289)
v=ErOcW_CSOyQ__#1_label_A.mp4|0.9998574|(9,2001,0.029609596,2000,4001,0.8189264,4000,6001,0.03431155,6000,8001,0.30686283,8000,10001,0.9998574,10000,12001,4.5601453e-05,12000,14001,0.82303566,14000,16001,0.012439387,16000,17477,0.9421642)
v=es97CGK_5XQ__#1_label_A.mp4|0.99994636|(1,1633,0.99994636)
v=EToznHwS0OA__#1_label_A.mp4|0.1517657|(2,2001,0.00044599726,2000,3730,0.1517657)
v=-etV57xZ4_I__#1_label_B4-0-0.mp4|0.74691707|(1,265,0.74691707)
v=f6j3YWgVBto__#00-01-50_00-02-30_label_A.mp4|0.10077367|(1,960,0.10077367)
v=f6j3YWgVBto__#00-06-16_00-06-51_label_B6-0-0.mp4|0.999686|(1,840,0.999686)
v=FfrXebzAwOg__#00-06-10_00-07-19_label_B6-0-0.mp4|0.9997936|(1,1658,0.9997936)
v=fhiAyxpDQMU__#1_label_B4-0-0.mp4|1.0|(2,2001,0.9999995,2000,3985,1.0)
v=fIlmgvc-bUk__#1_label_B4-0-0.mp4|1.0|(1,1415,1.0)
v=fkps18H3SXY__#00-00-00_00-06-00_label_A.mp4|0.7324056|(5,2001,1.2259988e-05,2000,4001,0.00048524435,4000,6001,0.33975428,6000,8001,0.0336495,8000,8642,0.7324056)
v=fkps18H3SXY__#00-36-00_00-42-00_label_A.mp4|0.0007531978|(5,2001,0.0007531978,2000,4001,0.0003917564,4000,6001,5.9618787e-06,6000,8001,8.3036966e-08,8000,8643,2.7746622e-05)
v=fkps18H3SXY__#00-54-00_01-00-00_label_A.mp4|0.9755313|(5,2001,2.1915714e-06,2000,4001,6.660878e-08,4000,6001,6.399521e-06,6000,8001,0.00041711767,8000,8642,0.9755313)
v=-fOWSLV6Esw__#1_label_B4-0-0.mp4|0.9244388|(1,789,0.9244388)
v=fQQzg2VfJME__#1_label_B4-0-0.mp4|0.9985258|(1,1348,0.9985258)
v=FRj2K0ulD8Q__#00-00-00_00-00-57_label_B4-0-0.mp4|0.9199693|(1,1370,0.9199693)
v=FRj2K0ulD8Q__#00-04-16_00-06-05_label_B4-0-0.mp4|0.9999995|(2,2001,0.9999995,2000,2618,0.99962854)
v=FRj2K0ulD8Q__#00-06-05_00-08-25_label_B4-0-0.mp4|0.9999995|(2,2001,0.9999995,2000,3339,0.99999917)
v=FW_qbiPH7UA__#1_label_B1-0-0.mp4|0.999998|(2,2001,0.83820957,2000,3283,0.999998)
v=g2v3EkBj9Zc__#1_label_B4-0-0.mp4|0.9996766|(1,764,0.9996766)
v=g4FnGZ5MAdo__#1_label_A.mp4|0.9211412|(3,2001,0.9211412,2000,4001,0.1435873,4000,4958,0.14675282)
v=g7fnNf88IOc__#1_label_A.mp4|6.1022638e-05|(2,2001,6.1022638e-05,2000,3635,6.010191e-06)
v=GbMQ2CxeNHU__#1_label_B4-0-0.mp4|0.99999964|(3,2001,0.99957424,2000,4001,0.99999964,4000,5490,0.9994804)
v=gbRIKogNZvE__#1_label_B4-0-0.mp4|0.99999213|(2,2001,0.9978289,2000,2990,0.99999213)
v=gENp4SyNxkI__#1_label_B1-0-0.mp4|0.9999943|(1,1275,0.9999943)
v=gGlqujwrhbI__#00-12-00_00-15-00_label_A.mp4|0.0007519793|(3,2001,0.0007519793,2000,4001,0.00010320953,4000,4322,0.00015550165)
v=GI49YSCruwY__#1_label_B4-0-0.mp4|0.9890912|(2,2001,0.9890912,2000,3032,0.083318435)
v=GN-7_ye5k4E__#1_label_G-0-0.mp4|1.0|(2,2001,1.0,2000,2681,0.3892856)
v=GnN9VTh_s2A__#1_label_A.mp4|0.09403494|(1,683,0.09403494)
v=gp_D8r-2hwk__#1_label_G-0-0.mp4|1.0|(2,2001,0.9994599,2000,2551,1.0)
v=GqMh_HBNWZE__#00-01-00_00-02-45_label_B6-0-0.mp4|1.0|(2,2001,1.0,2000,2522,0.82535493)
v=GrHfWKeTDEI__#1_label_A.mp4|0.4886459|(3,2001,0.16696586,2000,4001,0.4886459,4000,5066,0.026653782)
v=gsz_P8t-KM4__#1_label_B4-0-0.mp4|0.999987|(5,2001,0.999987,2000,4001,0.8104736,4000,6001,0.1430077,6000,8001,0.26757824,8000,9741,0.88536185)
v=gxrLosPS27c__#1_label_A.mp4|0.00024055272|(2,2001,3.5510235e-05,2000,2219,0.00024055272)
v=H12BVHrNiXs__#1_label_A.mp4|0.0014808443|(3,2001,8.816154e-06,2000,4001,4.724762e-05,4000,4787,0.0014808443)
v=H5W58Loofks__#00-05-50_00-06-20_label_B6-0-0.mp4|0.99999774|(1,723,0.99999774)
v=H9Y5_X1sEEA__#00-03-00_00-06-00_label_A.mp4|0.2778325|(3,2001,0.18850724,2000,4001,1.2578845e-05,4000,4322,0.2778325)
v=H9Y5_X1sEEA__#00-30-00_00-33-00_label_A.mp4|0.48387602|(3,2001,0.48387602,2000,4001,0.02688206,4000,4323,0.011980449)
v=H9Y5_X1sEEA__#00-36-00_00-39-00_label_A.mp4|0.040202435|(3,2001,0.03775088,2000,4001,0.01837826,4000,4323,0.040202435)
v=H9Y5_X1sEEA__#00-42-00_00-45-00_label_A.mp4|0.009209883|(3,2001,5.5712047e-05,2000,4001,0.009209883,4000,4322,0.00071769767)
v=H9Y5_X1sEEA__#00-45-00_00-48-00_label_A.mp4|0.14079654|(3,2001,3.598061e-05,2000,4001,0.14079654,4000,4323,0.0003902648)
v=hAHXCMRvY_I__#1_label_G-0-0.mp4|0.62077194|(1,486,0.62077194)
v=Hd_2Y29_FLU__#1_label_A.mp4|0.9993376|(2,2001,0.008222007,2000,3272,0.9993376)
v=hdy5kZ5dwj8__#1_label_A.mp4|0.27841678|(3,2001,3.053407e-05,2000,4001,2.9030874e-05,4000,4674,0.27841678)
v=hgoGZZSMhMQ__#1_label_A.mp4|0.4412051|(1,159,0.4412051)
v=HksDvkX6Bjk__#1_label_A.mp4|0.06718479|(8,2001,1.8445708e-07,2000,4001,5.419672e-05,4000,6001,0.0078038843,6000,8001,0.025120845,8000,10001,0.06718479,10000,12001,9.464971e-05,12000,14001,0.0009012131,14000,15435,0.00012263037)
v=_Hn2Xlt-IWU__#1_label_A.mp4|0.0031190936|(2,2001,0.0002638084,2000,3943,0.0031190936)
v=Hnfy9XhlIPM__#1_label_B4-0-0.mp4|0.9999982|(3,2001,0.9999982,2000,4001,0.9999925,4000,4661,0.03497598)
v=HSisjzLESak__#00-00-00_00-00-51_label_B6-0-0.mp4|0.9999994|(1,1226,0.9999994)
v=HSisjzLESak__#00-01-00_00-02-45_label_B6-0-0.mp4|1.0|(2,2001,1.0,2000,2522,0.9999354)
v=HSisjzLESak__#00-07-40_00-08-50_label_B6-0-0.mp4|1.0|(1,1682,1.0)
v=HTEyaXBPf9U__#1_label_A.mp4|0.49467894|(3,2001,0.49467894,2000,4001,0.4688783,4000,5120,0.03482421)
v=HUL83wCQATc__#1_label_B1-0-0.mp4|0.9999913|(2,2001,0.9999913,103,2103,0.99980956)
v=hxyhulJYz5I__#00-06-09_00-07-00_label_B6-0-0.mp4|0.99999726|(1,1226,0.99999726)
v=I7oSupyExVY__#1_label_A.mp4|1.0|(3,2001,1.0,2000,4001,0.9999999,4000,4825,0.99999917)
v=Ia9ATKNeUbY__#00-01-52_00-03-10_label_B6-0-0.mp4|1.0|(1,1874,1.0)
v=Ia9ATKNeUbY__#00-04-19_00-05-11_label_B6-0-0.mp4|0.9999999|(1,1250,0.9999999)
v=Ia9ATKNeUbY__#00-05-19_00-06-09_label_B6-0-0.mp4|1.0|(1,1202,1.0)
v=Ia9ATKNeUbY__#00-06-19_00-06-50_label_B6-0-0.mp4|0.9999292|(1,746,0.9999292)
v=ibYV3e17R5c__#1_label_A.mp4|0.9999993|(2,2001,0.97057414,2000,3375,0.9999993)
v=ICnreR1hxP0__#1_label_B4-0-0.mp4|0.99990237|(3,2001,0.99990237,2000,4001,0.037892748,4000,4328,0.0003516764)
v=iegHZ_UWWsA__#00-14-05_00-20-33_label_B4-0-0.mp4|0.9999924|(5,2001,0.9999924,2000,4001,0.20058742,4000,6001,0.7235473,6000,8001,0.0032573275,8000,9314,0.0015426795)
v=iHuggczItBk__#00-01-00_00-02-45_label_B6-0-0.mp4|0.99999833|(2,2001,0.99998164,2000,2522,0.99999833)
v=iHuggczItBk__#00-03-00_00-03-55_label_B6-0-0.mp4|0.97392017|(1,1322,0.97392017)
v=iHuggczItBk__#00-04-00_00-04-55_label_B6-0-0.mp4|0.9999976|(1,1322,0.9999976)
v=iWfUqxibqG0__#1_label_G-0-0.mp4|1.0|(1,631,1.0)
v=IWzI9V3WSnc__#1_label_B4-0-0.mp4|1.0|(2,2001,1.0,2000,2689,1.0)
v=J67oj92maC0__#1_label_G-0-0.mp4|1.0|(3,2001,0.99998057,2000,4001,1.0,4000,4673,0.99996066)
v=jAvOGTD7_pU__#00-12-00_00-15-00_label_A.mp4|0.057027485|(3,2001,0.011067677,2000,4001,0.034311913,4000,4322,0.057027485)
v=JfLYNEsrTew__#1_label_G-0-0.mp4|0.0047595394|(1,750,0.0047595394)
v=JHsfKFF9Oag__#1_label_A.mp4|0.005101943|(2,2001,0.005101943,2000,2699,0.00053222274)
v=jYENhkzdpO8__#00-00-00_00-01-31_label_B6-0-0.mp4|0.99999976|(2,2001,0.99999976,186,2186,0.99999917)
v=JzrpCC7XmyE__#00-06-00_00-12-00_label_A.mp4|0.079108566|(5,2001,7.0315855e-06,2000,4001,0.00022432416,4000,6001,0.008035818,6000,8001,0.00010729041,8000,8642,0.079108566)
v=JzrpCC7XmyE__#01-06-00_01-12-00_label_A.mp4|0.2747942|(5,2001,2.911677e-06,2000,4001,0.0033737028,4000,6001,0.001236233,6000,8001,5.747729e-06,8000,8642,0.2747942)
v=J_ZsNd97wXw__#1_label_G-0-0.mp4|1.0|(1,1204,1.0)
v=k7R_Qo-BiAw__#00-10-30_00-10-51_label_B6-0-0.mp4|0.99999917|(1,506,0.99999917)
v=k98yVPXiYoU__#1_label_G-0-0.mp4|1.0|(1,736,1.0)
v=k_cvJa1kNaM__#1_label_B4-0-0.mp4|0.95069385|(3,2001,0.00029765436,2000,4001,0.0032547691,4000,5628,0.95069385)
v=KEh6EOQvQO0__#1_label_A.mp4|0.47022298|(2,2001,0.47022298,2000,3183,0.03534925)
v=KERh4R2BbS0__#1_label_A.mp4|0.00042336158|(11,2001,2.1380922e-06,2000,4001,4.052939e-06,4000,6001,1.5850106e-05,6000,8001,9.366737e-07,8000,10001,9.1160626e-05,10000,12001,1.3672539e-05,12000,14001,1.6595064e-05,14000,16001,6.4368523e-06,16000,18001,4.861742e-06,18000,20001,4.58051e-07,20000,20652,0.00042336158)
v=kPWdgckIhLI__#1_label_B4-0-0.mp4|1.0|(1,793,1.0)
v=KUeUxbsBO6s__#1_label_B1-0-0.mp4|0.007263881|(2,2001,0.007263881,2000,2748,0.0026413638)
v=kVl-6-A9ZO4__#00-08-01_00-09-35_label_B6-0-0.mp4|0.9999981|(2,2001,0.9999981,2000,2259,0.9995981)
v=-kwNh1lMU-w__#1_label_B4-0-0.mp4|0.99999356|(3,2001,0.99999356,2000,4001,0.9723042,2081,4081,0.9849975)
v=L2Qs4KyW-Co__#1_label_A.mp4|0.848154|(3,2001,0.015637504,2000,4001,0.848154,4000,4426,0.00017592548)
v=lcBUb7EOQ4o__#1_label_G-0-0.mp4|0.76985484|(2,2001,0.76985484,2000,2237,0.74315065)
v=ldnLxTablA8__#1_label_A.mp4|0.5147865|(2,2001,0.48503232,2000,2300,0.5147865)
v=LJ0Pu5_Mefs__#1_label_G-0-0.mp4|0.9999999|(1,984,0.9999999)
v=lpkL0Y1MhA8__#1_label_B4-0-0.mp4|0.99997795|(2,2001,0.9864681,2000,2524,0.99997795)
v=Lt9M_tSij_4__#00-00-00_00-04-24_label_B6-0-0.mp4|1.0|(4,2001,0.99998724,2000,4001,1.5415553e-06,4000,6001,1.0,6000,6336,0.95218384)
v=lVJVRywgmYM__#1_label_A.mp4|0.4068314|(3,2001,0.32649896,2000,4001,0.4068314,4000,5937,0.063019715)
v=LYzmr5ORvCg__#1_label_A.mp4|0.0037376692|(2,2001,3.131241e-05,2000,3925,0.0037376692)
v=lyZxvgPD4gM__#1_label_A.mp4|0.3443382|(3,2001,0.22439076,2000,4001,0.3443382,4000,5529,0.011377214)
v=m5Ya6z6qroo__#1_label_B4-0-0.mp4|1.0|(3,2001,1.0,2000,4001,0.999997,4000,5647,0.005775811)
v=m5zK-tzYCQM__#1_label_B4-0-0.mp4|0.9999877|(1,1755,0.9999877)
v=m8EkFsaGPzU__#1_label_B4-0-0.mp4|0.9999913|(3,2001,0.9999913,2000,4001,0.99348855,4000,5703,0.99929285)
v=mfFYGFJhBI4__#1_label_A.mp4|0.26541457|(1,255,0.26541457)
v=MJLylzPRvyw__#1_label_B4-0-0.mp4|0.9996282|(2,2001,0.9996282,2000,3587,0.7616818)
v=MqrNCb2N5to__#1_label_B1-0-0.mp4|0.33366242|(2,2001,0.19550079,2000,2533,0.33366242)
v=MyM5G7fo7Gg__#00-06-00_00-09-00_label_A.mp4|0.6401355|(3,2001,0.6401355,2000,4001,0.0018277143,4000,4322,0.24463636)
v=MyM5G7fo7Gg__#00-18-00_00-21-00_label_A.mp4|0.221335|(3,2001,0.004536019,2000,4001,0.0026386883,4000,4323,0.221335)
v=n0AhGnEjako__#1_label_A.mp4|0.99999964|(2,2001,0.99999964,2000,2376,0.59069276)
v=NbNFfnVSIn8__#1_label_A.mp4|0.9859293|(3,2001,0.11044072,2000,4001,0.9859293,4000,4592,0.0077485824)
v=NeAC-MfTZzU__#00-15-00_00-18-00_label_A.mp4|0.0013780429|(3,2001,5.258564e-09,2000,4001,5.790124e-05,4000,4322,0.0013780429)
v=NjI-AuzKgMc__#1_label_A.mp4|0.0020803905|(2,2001,6.581219e-06,2000,2836,0.0020803905)
v=nLAapCIlr-o__#00-07-22_00-08-19_label_B6-0-0.mp4|0.9997954|(1,1370,0.9997954)
v=nLAapCIlr-o__#00-08-35_00-10-25_label_B6-0-0.mp4|0.9999871|(2,2001,0.9999871,2000,2642,0.9648175)
v=nLAapCIlr-o__#00-11-00_00-12-45_label_B6-0-0.mp4|1.0|(2,2001,1.0,2000,2522,1.0)
v=nLAapCIlr-o__#00-16-10_00-18-09_label_B6-0-0.mp4|1.0|(2,2001,1.0,2000,2858,0.9962058)
v=NnmqkS1e88s__#1_label_B4-0-0.mp4|0.9292159|(1,1752,0.9292159)
v=ntaXjnpusxM__#1_label_G-0-0.mp4|0.9936603|(1,688,0.9936603)
v=O9g1uuI62m0__#1_label_B4-0-0.mp4|0.9999939|(3,2001,0.9988219,2000,4001,0.9999939,4000,4545,0.9999188)
v=OB0-MXNPUIU__#1_label_B4-0-0.mp4|0.9962203|(3,2001,0.9962203,2000,4001,0.92899257,2021,4021,0.9676976)
v=ODGDLQ0TT3M__#1_label_A.mp4|0.8490807|(2,2001,0.8490807,138,2138,0.2197672)
v=OE9t3XImErk__#1_label_B1-0-0.mp4|0.9999995|(1,557,0.9999995)
v=OFxPTJxA5pg__#1_label_B4-0-0.mp4|0.9872864|(9,2001,0.86540645,2000,4001,0.9130131,4000,6001,0.11627831,6000,8001,0.6053162,8000,10001,0.97647744,10000,12001,0.08810354,12000,14001,0.08583798,14000,16001,0.1468377,16000,17542,0.9872864)
v=Oh6FDdpH08A__#1_label_A.mp4|0.0021630197|(2,2001,0.0021630197,2000,3344,0.00040827328)
v=oipd63DGadU__#1_label_B1-0-0.mp4|0.00049993326|(1,1398,0.00049993326)
v=ONsmJAyFAAw__#1_label_G-0-0.mp4|0.9688473|(1,1563,0.9688473)
v=OOjjPGN8jSU__#1_label_B6-0-0.mp4|0.8855778|(3,2001,2.9818493e-05,2000,4001,0.0054590004,4000,5918,0.8855778)
v=osjdmjNJUdg__#1_label_B1-0-0.mp4|0.9973111|(2,2001,0.9973111,2000,2320,0.23932436)
v=ovQ1VTJ_IUI__#1_label_B1-0-0.mp4|0.9976731|(1,1688,0.9976731)
v=p2ggHwtb-Zg__#00-21-00_00-24-00_label_A.mp4|0.9988984|(3,2001,0.9955558,2000,4001,0.9988984,4000,4323,0.02418472)
v=p2ggHwtb-Zg__#00-24-00_00-27-00_label_A.mp4|0.99940574|(3,2001,0.6106526,2000,4001,0.99940574,4000,4322,0.00019620098)
v=p7kvQ4OpDgU__#1_label_B4-0-0.mp4|0.9999161|(1,1889,0.9999161)
v=pCyCi-q4MqY__#1_label_A.mp4|0.9999864|(3,2001,0.00019396683,2000,4001,0.0002373493,4000,4714,0.9999864)
v=Pf7WtK-YPDA__#1_label_A.mp4|0.95993996|(1,1954,0.95993996)
v=pFamvR9CpYw__#00-00-00_00-06-36_label_B4-0-0.mp4|0.4049319|(5,2001,0.15093718,2000,4001,0.1616605,4000,6001,0.04549679,6000,8001,0.4049319,8000,9506,0.0011213169)
v=pFamvR9CpYw__#00-06-36_00-15-20_label_B4-0-0.mp4|0.9998074|(7,2001,0.9544873,2000,4001,0.62084645,4000,6001,0.9875722,6000,8001,0.9998074,8000,10001,0.9880782,10000,12001,0.9736572,12000,12579,0.9938076)
v=pHZ9gOfmY_k__#1_label_B4-0-0.mp4|0.99999976|(3,2001,0.99999976,2000,4001,0.9999994,4000,5179,0.9999821)
v=pL2HjXvWuPc__#1_label_B1-0-0.mp4|0.9905291|(3,2001,0.85757065,2000,4001,0.5792832,4000,4836,0.9905291)
v=plhVMWR33go__#1_label_A.mp4|0.97444713|(5,2001,0.9707606,2000,4001,0.051456083,4000,6001,0.97444713,6000,8001,9.32129e-07,6047,8047,7.3623555e-06)
v=pMtu7fOHdII__#1_label_B1-0-0.mp4|0.24094237|(1,1252,0.24094237)
v=PRH5rYUHoVU__#00-00-25_00-02-50_label_B6-0-0.mp4|1.0|(2,2001,1.0,2000,3480,1.0)
v=PuZy1PQIgrA__#1_label_B1-0-0.mp4|0.625545|(2,2001,0.625545,2000,2816,0.4497098)
v=PWBZiM-rkoE__#1_label_G-0-0.mp4|0.9847311|(2,2001,0.32628343,2000,2711,0.9847311)
v=q2SP66Jb6Cw__#00-00-00_00-06-00_label_A.mp4|0.99762887|(5,2001,0.99762887,2000,4001,0.76155907,4000,6001,0.2426136,6000,8001,0.18293138,8000,8642,0.078814596)
v=Q6zIX29HkSo__#1_label_B4-0-0.mp4|1.0|(2,2001,1.0,145,2145,0.9948695)
v=Q7NpJXOTiMY__#1_label_G-0-0.mp4|0.23969182|(1,1628,0.23969182)
v=Q8b0XbtpFsA__#1_label_A.mp4|0.9334279|(3,2001,0.9334279,2000,4001,0.056742158,4000,4633,0.16961898)
v=Q8K7roZu3WU__#1_label_B1-0-0.mp4|0.9512545|(1,1295,0.9512545)
v=Q9Re4CnFJRg__#00-01-21_00-01-47_label_G-0-0.mp4|1.0|(1,624,1.0)
v=QBfO3qfo7zg__#1_label_A.mp4|0.8815279|(3,2001,0.8815279,2000,4001,0.23693319,4000,4661,0.3055014)
v=Qc3pAEeK16A__#1_label_B1-0-0.mp4|0.99236906|(1,1409,0.99236906)
v=q_DhkdHGXos__#1_label_B1-0-0.mp4|0.99943537|(3,2001,0.027732927,2000,4001,0.00050770625,4000,4638,0.99943537)
v=qhUItxoTrmg__#1_label_A.mp4|0.9999993|(3,2001,8.8726636e-05,2000,4001,0.16285229,4000,4571,0.9999993)
v=QiLNvC7CIuY__#1_label_A.mp4|0.00012484763|(1,1161,0.00012484763)
v=qmsQ-obL1Z4__#00-03-26_00-04-04_label_B6-0-0.mp4|0.9999883|(1,912,0.9999883)
v=QozLwYYVotY__#1_label_A.mp4|0.83674896|(2,2001,0.83674896,2000,3254,0.0003667037)
v=qqsd-cZr01k__#00-01-00_00-02-45_label_B6-0-0.mp4|0.9999969|(2,2001,0.9999969,2000,2522,0.9999685)
v=qqsd-cZr01k__#00-06-10_00-07-19_label_B6-0-0.mp4|0.99984765|(1,1658,0.99984765)
v=qrKfaX1lCUM__#1_label_G-0-0.mp4|0.99997246|(4,2001,0.9966839,2000,4001,0.99997246,4000,6001,2.0652264e-09,6000,7409,0.0011466657)
v=Q-u3Y9TkZhQ__#1_label_B4-0-0.mp4|0.9789114|(1,1036,0.9789114)
v=QUlWIIHMIEQ__#1_label_A.mp4|0.99999964|(1,1106,0.99999964)
v=qV4YYnXdQCc__#00-03-00_00-06-00_label_A.mp4|0.0053100134|(3,2001,0.0053100134,2000,4001,0.0026465734,4000,4322,0.0018492575)
v=QWwDsPSe7iM__#1_label_B4-0-0.mp4|0.99634933|(2,2001,0.99634933,2000,2334,0.9807161)
v=qyTGi0N4OVg__#1_label_G-0-0.mp4|1.0|(1,1248,1.0)
v=rAlZRFZTwxM__#00-03-13_00-07-08_label_G-0-0.mp4|0.9990382|(3,2001,0.9881853,2000,4001,0.9990382,4000,5641,0.0018532155)
v=RarYGpz-blM__#1_label_A.mp4|0.0043514334|(2,2001,0.0014738503,2000,3384,0.0043514334)
v=Rc9EOFjtj0c__#1_label_B6-0-0.mp4|0.999995|(2,2001,0.9999596,2000,3365,0.999995)
v=rJgg00ic1G8__#1_label_A.mp4|0.014975736|(3,2001,0.0123258615,2000,4001,0.014975736,4000,5651,0.010792852)
v=rJz4NXm6vis__#1_label_B4-0-0.mp4|0.97972345|(1,1892,0.97972345)
v=rKpXqwE2rg8__#00-01-57_00-03-06_label_B4-0-0.mp4|0.99888736|(1,1658,0.99888736)
v=rmDBn5Rpd3s__#1_label_A.mp4|0.0010791945|(1,707,0.0010791945)
v=ROrpKx3aIjA__#1_label_G-0-0.mp4|1.0|(1,1300,1.0)
v=RRiN5W9XwJE__#1_label_A.mp4|0.0017547288|(2,2001,0.00083288184,2000,2616,0.0017547288)
v=RUjrMYWhLng__#1_label_B6-0-0.mp4|1.0|(6,2001,1.0,2000,4001,0.9898295,4000,6001,0.9824113,6000,8001,0.99978834,8000,10001,8.831451e-07,10000,10434,0.0001693841)
v=rXWOpZ7W2fA__#1_label_B1-0-0.mp4|0.9873166|(2,2001,0.89788103,2000,2796,0.9873166)
v=S1meRf5BsEw__#1_label_A.mp4|0.93827206|(3,2001,0.0003804211,2000,4001,0.9237715,2104,4104,0.93827206)
v=S-7rRLrxnVQ__#1_label_B4-0-0.mp4|0.9999881|(2,2001,0.9999881,2000,3273,0.9999337)
v=sbEHU4GskX4__#1_label_B1-0-0.mp4|0.99737334|(2,2001,0.99737334,2000,2832,0.5856359)
v=SdYFFo_tsfk__#00-00-00_00-06-00_label_A.mp4|0.79955363|(5,2001,0.0009289605,2000,4001,0.015621235,4000,6001,4.9386323e-05,6000,8001,0.41539082,8000,8642,0.79955363)
v=SdYFFo_tsfk__#00-18-00_00-24-00_label_A.mp4|0.97579783|(5,2001,0.24520798,2000,4001,0.97579783,4000,6001,0.5015972,6000,8001,0.13923846,8000,8642,0.75322425)
v=SE5fxK7SasU__#00-03-23_00-04-08_label_B4-0-0.mp4|0.9999945|(1,1082,0.9999945)
v=sE-DC2trBkI__#00-01-00_00-02-45_label_B6-0-0.mp4|1.0|(2,2001,1.0,2000,2522,0.41520363)
v=sE-DC2trBkI__#00-03-00_00-04-09_label_B6-0-0.mp4|1.0|(1,1658,1.0)
v=sE-DC2trBkI__#00-09-00_00-10-05_label_B6-0-0.mp4|0.99986553|(1,1563,0.99986553)
v=SmFpAAHmoII__#1_label_A.mp4|0.12324742|(2,2001,0.12324742,2000,3951,1.9853862e-05)
v=smnw0Q7AxFQ__#1_label_A.mp4|0.0009025641|(4,2001,0.0009025641,2000,4001,9.537844e-07,4000,6001,5.1448937e-06,6000,7956,1.11335785e-05)
v=SMy2_qNO2Y0__#00-01-50_00-03-13_label_G-0-0.mp4|0.99998844|(1,1994,0.99998844)
v=TfS-MJoVNjM__#1_label_B4-0-0.mp4|0.9999509|(1,1311,0.9999509)
v=tI7fktKY6OU__#1_label_A.mp4|0.43575191|(8,2001,0.17439502,2000,4001,0.009042505,4000,6001,2.8186889e-05,6000,8001,0.0025963315,8000,10001,0.009787938,10000,12001,0.07059488,12000,14001,0.43575191,14000,14916,0.0007548648)
v=tivXK3PGByk__#1_label_B1-0-0.mp4|0.99998903|(2,2001,0.99998903,2000,3690,0.6695785)
v=tlFJIG9mTGQ__#00-12-00_00-15-00_label_A.mp4|0.99436176|(3,2001,0.021132525,2000,4001,0.012615685,4000,4322,0.99436176)
v=tlFJIG9mTGQ__#00-15-00_00-18-36_label_A.mp4|0.70543426|(3,2001,0.054057416,2000,4001,0.70543426,4000,5187,0.00023429192)
v=T-LH8Gv5zzY__#1_label_B4-0-0.mp4|0.99988353|(2,2001,0.99988353,2000,2426,0.9922315)
v=TOEVc-pOEwM__#00-08-40_00-10-40_label_B6-0-0.mp4|1.0|(2,2001,1.0,2000,2883,0.00039514177)
v=tP19WuyY3IY__#00-00-00_00-00-51_label_B6-0-0.mp4|0.99999094|(1,1226,0.99999094)
v=tP19WuyY3IY__#00-06-10_00-07-51_label_B6-0-0.mp4|0.99999976|(2,2001,0.99999976,2000,2426,0.99999833)
v=-tqHsoEoUyY__#1_label_A.mp4|2.7676931e-05|(1,1011,2.7676931e-05)
v=_tsSKAsVZfo__#1_label_B4-0-0.mp4|0.0027313628|(2,2001,0.0027313628,2000,2534,0.0006492761)
v=TsuuRo6PEXM__#1_label_B1-0-0.mp4|0.9999926|(3,2001,0.9999863,2000,4001,0.8537516,4000,4343,0.9999926)
v=tT-SrQC6Ddw__#00-04-00_00-05-15_label_B6-0-0.mp4|0.00085357943|(1,1800,0.00085357943)
v=t_TZYpT6xjY__#1_label_A.mp4|0.9996202|(3,2001,0.00035817208,2000,4001,6.624903e-05,4000,4741,0.9996202)
v=tv0rI-5ycBU__#1_label_B4-0-0.mp4|1.0|(2,2001,1.0,2000,3249,1.0)
v=u0Tnw01PNxc__#1_label_B4-0-0.mp4|0.0009762271|(1,1377,0.0009762271)
v=u5SF4SlqNDQ__#00-00-00_00-01-00_label_G-0-0.mp4|0.9992576|(1,1442,0.9992576)
v=u5SF4SlqNDQ__#00-02-39_00-03-41_label_G-0-0.mp4|1.0|(1,1491,1.0)
v=U6MC8JJJZSY__#1_label_G-0-0.mp4|1.0|(1,1045,1.0)
v=uBXprlsmd18__#00-03-00_00-04-09_label_B6-0-0.mp4|0.9999943|(1,1658,0.9999943)
v=uBXprlsmd18__#00-06-10_00-07-19_label_B6-0-0.mp4|1.0|(1,1658,1.0)
v=UK2w9Sh47fM__#1_label_G-0-0.mp4|0.9999995|(1,1198,0.9999995)
v=UK--hvgP2uY__#1_label_G-0-0.mp4|0.96690005|(2,2001,0.00011901235,2000,2605,0.96690005)
v=uprb6aBzymw__#00-03-03_00-05-13_label_B4-0-0.mp4|0.99993074|(2,2001,0.99993074,2000,3121,0.062524095)
v=uQY15O3LKI0__#1_label_B6-0-0.mp4|0.009825963|(2,2001,0.0011407373,2000,3970,0.009825963)
v=usAvzbDq6-c__#00-03-00_00-06-00_label_A.mp4|0.40512103|(3,2001,0.042998005,2000,4001,0.026366245,4000,4322,0.40512103)
v=usAvzbDq6-c__#00-18-00_00-21-00_label_A.mp4|0.9883653|(3,2001,0.9883653,2000,4001,0.9748395,4000,4322,0.0022108594)
v=usAvzbDq6-c__#00-21-00_00-24-00_label_A.mp4|0.9873389|(3,2001,0.9069028,2000,4001,0.0045433594,4000,4322,0.9873389)
v=utQ5AvXtNLA__#1_label_B4-0-0.mp4|0.86208326|(1,1076,0.86208326)
v=UYFR-XbyZQc__#00-01-19_00-02-42_label_G-0-0.mp4|0.9999999|(1,1992,0.9999999)
v=uyvM-vq5DwA__#1_label_A.mp4|0.008585806|(3,2001,2.2992515e-05,2000,4001,2.9271872e-05,4000,4788,0.008585806)
v=UzxuX79xq4s__#1_label_B4-0-0.mp4|0.690041|(3,2001,0.690041,2000,4001,0.011635116,4000,5286,0.0071125836)
v=V7FtjJStY1M__#1_label_G-0-0.mp4|0.9999999|(1,360,0.9999999)
v=vaSOMEIe1Bg__#1_label_G-0-0.mp4|0.9999999|(1,1385,0.9999999)
v=VcsJf1q9QX8__#1_label_A.mp4|0.99952984|(2,2001,9.667446e-06,2000,2560,0.99952984)
v=vFPQ_NiDBIU__#00-42-00_00-48-00_label_A.mp4|0.00023090509|(5,2001,2.568217e-05,2000,4001,0.00023090509,4000,6001,4.3145707e-07,6000,8001,9.061417e-06,8000,8640,4.440549e-06)
v=vFPQ_NiDBIU__#01-00-00_01-06-00_label_A.mp4|0.13223435|(5,2001,9.539389e-09,2000,4001,1.2710127e-09,4000,6001,4.5441703e-07,6000,8001,1.0238311e-05,8000,8640,0.13223435)
v=vFPQ_NiDBIU__#01-48-00_01-54-00_label_A.mp4|0.051451698|(5,2001,0.0002248848,2000,4001,7.10223e-08,4000,6001,5.607936e-10,6000,8001,9.7152275e-05,8000,8640,0.051451698)
v=vFPQ_NiDBIU__#02-42-00_02-48-00_label_A.mp4|0.29091212|(5,2001,4.4433393e-05,2000,4001,0.00012404201,4000,6001,0.020118525,6000,8001,0.03174269,8000,8640,0.29091212)
v=VGP9qh7U4H0__#1_label_A.mp4|0.99862254|(3,2001,0.0054731434,2000,4001,1.9052144e-05,4000,5284,0.99862254)
v=vhACO_m5pH0__#00-09-42_00-10-40_label_B6-0-0.mp4|0.99920815|(1,1394,0.99920815)
v=vhACO_m5pH0__#00-10-42_00-11-40_label_B6-0-0.mp4|0.73961|(1,1394,0.73961)
v=vhACO_m5pH0__#00-14-42_00-15-40_label_B6-0-0.mp4|0.0002493333|(1,1394,0.0002493333)
v=vhACO_m5pH0__#00-17-42_00-18-40_label_B6-0-0.mp4|1.0|(1,1394,1.0)
v=vhACO_m5pH0__#00-20-42_00-22-40_label_B6-0-0.mp4|0.99906236|(2,2001,0.99906236,2000,2834,0.78642374)
v=vHnAmx0UYbM__#1_label_A.mp4|0.86229724|(11,2001,0.86229724,2000,4001,0.024489034,4000,6001,7.334545e-08,6000,8001,8.855735e-10,8000,10001,0.00011177389,10000,12001,1.3606332e-05,12000,14001,0.0033444942,14000,16001,1.0289692e-06,16000,18001,2.2757577e-08,18000,20001,0.07252056,18045,20045,0.085327104)
v=v_LxqgpRouM__#1_label_G-0-0.mp4|1.0|(1,889,1.0)
v=VNQ1Vkz_cM4__#1_label_A.mp4|0.99994206|(3,2001,0.96469426,2000,4001,0.99994206,4000,5622,0.9985771)
v=v-Plzx73K68__#1_label_B4-0-0.mp4|0.9996536|(1,1016,0.9996536)
v=vp_W8CqtCug__#1_label_A.mp4|0.027670834|(2,2001,7.242024e-05,2000,3806,0.027670834)
v=vQ9AwVrM9pU__#1_label_A.mp4|0.9929737|(2,2001,0.9929737,2000,3138,0.020293945)
v=VRn8Tc02TbU__#00-18-00_00-21-00_label_A.mp4|3.2865188e-05|(3,2001,2.4369015e-06,2000,4001,1.3107187e-07,4000,4322,3.2865188e-05)
v=vsI_pKNcgeQ__#00-15-00_00-18-00_label_A.mp4|0.0036394557|(3,2001,0.001789257,2000,4001,3.6175625e-05,4000,4322,0.0036394557)
v=vv-MFJPi4Qs__#1_label_G-0-0.mp4|0.999997|(1,1004,0.999997)
v=w16YmhAZ1_Y__#1_label_G-0-0.mp4|1.0|(1,1480,1.0)
v=w2NgAYJHnS0__#1_label_G-0-0.mp4|0.99870026|(1,1011,0.99870026)
v=W5qLlC9il3s__#1_label_A.mp4|0.961543|(1,1385,0.961543)
v=waIS8TaJxts__#00-00-00_00-00-51_label_B6-0-0.mp4|1.0|(1,1226,1.0)
v=waIS8TaJxts__#00-01-30_00-02-45_label_B6-0-0.mp4|0.9999907|(1,1802,0.9999907)
v=waIS8TaJxts__#00-05-50_00-06-20_label_B6-0-0.mp4|1.0|(1,723,1.0)
v=waIS8TaJxts__#00-07-40_00-08-50_label_B6-0-0.mp4|1.0|(1,1682,1.0)
v=waIS8TaJxts__#00-09-00_00-10-45_label_B6-0-0.mp4|0.999841|(2,2001,0.999841,2000,2522,0.8492512)
v=Wc2QW06H48M__#1_label_A.mp4|0.009201025|(1,1554,0.009201025)
v=wG-2t0M8CPc__#1_label_B1-0-0.mp4|0.74155575|(2,2001,0.6944947,73,2073,0.74155575)
v=WiS3TIvykeY__#1_label_B4-0-0.mp4|0.9999974|(1,1562,0.9999974)
v=wnd3IYH7x1o__#1_label_G-0-0.mp4|1.0|(1,1139,1.0)
v=Wp6gzFUaci8__#1_label_A.mp4|0.7557055|(2,2001,0.7557055,2000,2780,0.039101355)
v=wPkBaI6vOv0__#00-00-00_00-01-00_label_G-0-0.mp4|0.07136887|(1,1442,0.07136887)
v=wQrV75N2BrI__#1_label_A.mp4|0.9984547|(17,2001,0.012758894,2000,4001,2.2501477e-05,4000,6001,0.98965746,6000,8001,0.9966378,8000,10001,0.9984547,10000,12001,0.8958961,12000,14001,0.7318031,14000,16001,0.049841072,16000,18001,0.8982184,18000,20001,0.9830466,20000,22001,0.9960776,22000,24001,0.5934375,24000,26001,1.5415744e-05,26000,28001,0.91639465,28000,30001,0.33022782,30000,32001,0.030972904,32000,33196,0.00038038954)
v=wVey5JDRf_g__#00-00-00_00-01-20_label_B6-0-0.mp4|0.9999987|(1,1922,0.9999987)
v=wVey5JDRf_g__#00-01-30_00-02-41_label_B6-0-0.mp4|0.9653764|(1,1706,0.9653764)
v=wVey5JDRf_g__#00-04-09_00-05-06_label_B6-0-0.mp4|1.0|(1,1371,1.0)
v=x0-z4h6mFoU__#1_label_A.mp4|0.13509756|(3,2001,8.244258e-05,2000,4001,0.00015569897,4000,4610,0.13509756)
v=X1arMZmYhsk__#00-13-00_00-14-09_label_B6-0-0.mp4|1.0|(1,1658,1.0)
v=X4I8FhpGJwo__#00-07-40_00-08-50_label_B6-0-0.mp4|0.7421949|(1,1682,0.7421949)
v=X4I8FhpGJwo__#00-09-00_00-10-45_label_B6-0-0.mp4|0.99999726|(2,2001,0.99999726,2000,2522,0.11324251)
v=X60PecZRLGE__#1_label_A.mp4|0.0024902604|(2,2001,9.009961e-05,2000,2644,0.0024902604)
v=X6Tbn8_X-Os__#1_label_B1-0-0.mp4|0.9995227|(3,2001,0.9976393,2000,4001,0.9995227,4000,4899,0.9368462)
v=xbPWQKZspfU__#1_label_B1-0-0.mp4|0.99999964|(3,2001,0.99999964,2000,4001,0.0014147856,4000,5034,0.33839032)
v=xe4ee56aHSg__#1_label_G-0-0.mp4|1.0|(1,532,1.0)
v=Y1hxr1MWLjM__#1_label_B1-0-0.mp4|0.0041299653|(2,2001,0.000854431,2000,3071,0.0041299653)
v=y1z12D5bx7c__#1_label_B4-0-0.mp4|0.99999785|(3,2001,0.9999827,2000,4001,0.99999785,4000,4850,0.9999901)
v=Y43UkfAe_bc__#00-00-00_00-01-40_label_B4-0-0.mp4|0.5361029|(2,2001,0.5361029,2000,2402,0.0933791)
v=y7JEq-kf-2I__#00-01-50_00-02-30_label_A.mp4|0.0008419059|(1,960,0.0008419059)
v=y7vIfdKwHDk__#1_label_A.mp4|0.0020508394|(3,2001,0.0020508394,2000,4001,4.9005416e-07,2182,4182,0.0006947426)
v=YANmwpkuWRo__#1_label_G-0-0.mp4|0.0031509332|(1,1080,0.0031509332)
v=yDqThVpu1AM__#1_label_B4-0-0.mp4|0.004629892|(1,744,0.004629892)
v=YdrISbwy_zI__#1_label_G-0-0.mp4|1.0|(1,1723,1.0)
v=YhCSFZNwfHc__#00-01-15_00-01-42_label_G-B2-0.mp4|0.9999999|(1,648,0.9999999)
v=YKtw6uLEGps__#1_label_B4-0-0.mp4|0.9999882|(2,2001,0.9999882,2000,2934,0.8808446)
v=_YobflFU_HU__#00-06-10_00-07-51_label_B6-0-0.mp4|1.0|(2,2001,1.0,2000,2426,0.9999999)
v=Yr41_8QOTF8__#00-09-00_00-12-00_label_A.mp4|0.00637422|(3,2001,0.00092364516,2000,4001,0.00637422,4000,4321,0.0006142038)
v=Yr41_8QOTF8__#00-21-00_00-24-00_label_A.mp4|0.7554677|(3,2001,0.7554677,2000,4001,4.692248e-06,4000,4321,0.016701743)
v=yrpZJ8Vr3aA__#1_label_B1-0-0.mp4|0.99842227|(2,2001,0.99842227,2000,2354,0.038658615)
v=yviKz5J-pEA__#1_label_A.mp4|0.033313323|(2,2001,0.00091639097,2000,3731,0.033313323)
v=yvnj5VIDsNI__#1_label_B4-0-0.mp4|0.99935|(3,2001,0.99693006,2000,4001,0.99935,4000,4890,0.16014415)
v=yy-KIWDcBr4__#00-08-35_00-10-25_label_B6-0-0.mp4|0.9999925|(2,2001,0.9999925,2000,2642,0.99996126)
v=yy-KIWDcBr4__#00-16-10_00-17-19_label_B6-0-0.mp4|0.99926907|(1,1658,0.99926907)
v=yZ2wlTAN49g__#00-03-00_00-06-00_label_A.mp4|3.2660195e-05|(3,2001,3.2660195e-05,2000,4001,6.449126e-08,4000,4322,1.8638482e-06)
v=Z12t5h2mBJc__#1_label_B1-0-0.mp4|0.8515386|(3,2001,0.6885223,2000,4001,0.8515386,4000,5047,0.26589736)
v=ZCjNPgNu42g__#1_label_B4-0-0.mp4|0.9993524|(2,2001,0.2297117,2000,3483,0.9993524)
v=zI0q5UDP47g__#1_label_B4-0-0.mp4|1.0|(2,2001,1.0,2000,3603,0.99983203)
v=ZkUciDD55kA__#00-00-00_00-00-30_label_G-0-0.mp4|0.99999547|(1,722,0.99999547)
v=ZnFlL84K7HE__#00-27-53_00-34-45_label_B4-0-0.mp4|0.9999995|(5,2001,0.9999995,2000,4001,0.99929726,4000,6001,0.99999166,6000,8001,0.99376243,8000,9890,0.9993579)
v=zoIn2hOrUIM__#00-01-00_00-02-45_label_B6-0-0.mp4|1.0|(2,2001,1.0,2000,2522,0.9999678)
v=zoIn2hOrUIM__#00-06-10_00-07-19_label_B6-0-0.mp4|1.0|(1,1658,1.0)
v=ZoS8gm5OcOM__#00-06-20_00-07-30_label_B6-0-0.mp4|1.0|(1,1682,1.0)
v=ZoS8gm5OcOM__#00-07-50_00-08-55_label_B6-0-0.mp4|0.999997|(1,1562,0.999997)
v=ZpWR_YZNZTM__#1_label_A.mp4|0.021325339|(2,2001,1.9707704e-05,2000,3437,0.021325339)
v=zQbnQBCTSiA__#1_label_B1-0-0.mp4|0.99979204|(3,2001,0.94182336,2000,4001,0.99979204,4000,5695,0.341923)
wangted.2008__#0-22-55_0-23-40_label_B2-0-0.mp4|0.9991392|(1,1081,0.9991392)
wangted.2008__#0-27-17_0-28-07_label_A.mp4|0.86736155|(1,1200,0.86736155)
wangted.2008__#0-45-25_0-47-01_label_B1-0-0.mp4|0.9930615|(2,2001,0.9930615,2000,2305,0.9143479)
wangted.2008__#0-48-30_0-49-00_label_B2-0-0.mp4|0.9999168|(1,721,0.9999168)
Yellow.Sea.2010__#00-10-16_00-11-14_label_A.mp4|0.012449384|(1,1393,0.012449384)
Yellow.Sea.2010__#01-04-00_01-04-50_label_B1-0-0.mp4|0.9999999|(1,1200,0.9999999)
Yellow.Sea.2010__#01-05-40_01-06-47_label_B1-B2-0.mp4|0.99999976|(1,1609,0.99999976)
Yellow.Sea.2010__#01-58-30_01-59-27_label_B5-0-0.mp4|1.0|(1,1369,1.0)
Young.And.Dangerous.I.1996__#0-20-50_0-22-15_label_B1-0-0.mp4|0.9248372|(2,2001,0.40910882,41,2041,0.9248372)
Young.And.Dangerous.I.1996__#0-46-25_0-46-55_label_B6-0-0.mp4|0.8034999|(1,722,0.8034999)
Young.And.Dangerous.I.1996__#0-46-57_0-48-57_label_B1-0-0.mp4|0.99999714|(2,2001,0.99999714,2000,2881,0.08394612)
Young.And.Dangerous.I.1996__#0-55-09_0-56-59_label_A.mp4|0.0017657384|(2,2001,0.0017657384,2000,2641,0.00038492418)
Young.And.Dangerous.II.1996__#0-53-25_0-54-20_label_A.mp4|0.00020771804|(1,1322,0.00020771804)
Young.And.Dangerous.III.1996__#00-15-52_00-17-00_label_A.mp4|5.419272e-06|(1,1634,5.419272e-06)
Young.And.Dangerous.III.1996__#00-23-00_00-25-54_label_B4-0-0.mp4|0.9996741|(3,2001,0.187272,2000,4001,0.9996741,2178,4178,0.9994373)
Young.And.Dangerous.IV.1997__#0-10-35_0-11-50_label_A.mp4|0.04687299|(1,1801,0.04687299)
Young.And.Dangerous.IV.1997__#01-07-50_01-09-45_label_B1-0-0.mp4|0.9999187|(2,2001,0.9999187,2000,2761,0.9998704)
Young.And.Dangerous.IV.1997__#01-32-04_01-32-58_label_B1-0-0.mp4|0.99987996|(1,1297,0.99987996)
Your.Name.2016__#00-05-52_00-08-22_label_A.mp4|0.99860555|(2,2001,9.056493e-06,2000,3601,0.99860555)
Your.Name.2016__#01-01-20_01-04-00_label_A.mp4|0.99999774|(2,2001,0.99999774,2000,3841,0.04235841)
